AiNghia             
   108.11000       15.881000              16
2011
01      0.00      4.60      0.00      0.20      5.80      2.60      0.00      7.40      0.00     80.80     64.00      1.80
02      0.00      1.40      0.20      0.00      0.60      0.00      0.80      0.40      0.00     17.80      1.80      4.80
03      0.20      0.20      4.60      0.00     10.60      5.80      0.00      1.40      0.00     28.80      4.20      4.20
04     16.20      0.00     21.00      0.40      0.00      1.00      0.00      0.00     28.80     18.20     73.60      1.20
05      5.00      0.00      0.20      0.20      0.00     15.60      2.20      1.00      8.60      6.80    147.80      4.20
06     11.40      0.00      0.00      0.00      5.80      9.40      0.20      0.40      1.80      0.40     93.60     14.20
07      8.80      0.20      0.60      0.00      0.20      0.00      0.00      0.00      4.80      3.80    233.40      7.00
08      5.00      0.00      0.00      2.80      0.00      9.20      0.00      0.00     14.40      6.40     66.00     26.80
09     10.60      0.20      0.40      1.20      0.00     13.00      0.60      0.00     50.60    143.00      9.60      7.40
10     11.20      0.00      0.60      0.40      0.40      0.00      3.00      0.00     39.00     12.60      1.40     17.60
11      4.00      3.00      0.20      1.60      0.20      0.00      9.20      0.20     33.40     30.00      0.40      6.00
12      2.00      1.80      1.40      1.00      4.20     26.40      0.00      0.00     23.60     15.20      0.20      4.40
13      0.80      0.40      0.00      1.00     21.00     35.80      4.00     27.20      1.00     24.60      0.80      0.60
14      0.40      0.40      0.00      4.40     21.60      1.00      0.40      0.20      1.60     15.40     10.40      2.40
15      5.80      0.20      4.60     31.40      8.20      0.00      1.80     77.00      7.20    124.80     17.20     15.20
16      0.40      0.20      1.00     21.60     29.00      0.00      0.00     25.80      0.00     69.40     31.00     24.20
17      1.80      0.40      0.00      0.00      8.60      0.20      0.00     21.20      4.00     74.20      0.00     45.00
18      0.80      0.40      0.20     31.00     17.80      0.00      0.00      1.00      8.20     17.60      0.20     38.60
19      1.60      0.80      0.20      9.60      0.60      0.00      1.00     11.40      1.20     92.80      0.00      6.40
20      1.60      0.60      0.00      2.60      0.80      0.00      0.00     26.20      8.80      1.60     20.40      5.40
21      0.40      0.40      0.00      0.00      0.00      0.00      0.60      1.40      9.60      2.80     72.00      3.00
22      0.00      0.60      1.20      5.40      0.00      0.00      0.00      0.00     63.80      0.40     67.00     10.00
23      1.40      0.40      7.60     16.40     66.20      0.00      6.40      1.20    275.00      0.00    118.40     15.40
24      0.60      0.00      8.40      0.00      0.40      2.00      0.20     21.80     81.80      2.40      5.40     57.40
25      1.20      0.00     12.20      0.60      0.40      0.20      0.00      3.60     18.20     30.80     45.20      6.00
26      4.20      0.20      7.60      0.20      0.00      0.00      0.00      0.00     62.80     20.40     11.20      1.00
27      3.20      0.00      0.20      9.60      0.00      0.00      0.00      0.00     27.40    179.60      4.40      3.00
28      9.20      0.00      3.20      3.60      0.00      0.00      0.00      2.40      2.00     75.40      6.40      0.60
29      2.20    -99.00     11.40      0.00      0.00     12.80      0.00      2.60      0.40     28.40      3.40      0.60
30      7.80    -99.00      7.60      0.20      0.00      0.60      9.20      0.00      0.00     22.20      9.40     17.00
31      5.60    -99.00      0.60    -99.00      0.00    -99.00      8.20      8.80    -99.00     57.80    -99.00      8.60
2012
01      3.60      0.20      0.40      7.80      0.00     11.40      2.60      0.20      0.00      0.00      6.00      0.20
02      0.80      1.40      0.00      0.20      0.00     13.40      2.60      0.00     24.80      0.00      0.00      0.20
03      0.00      0.20      0.60      0.00      1.40      0.00     73.60      0.20     26.00      0.00      0.20      0.20
04      8.80      0.20      0.20      7.00     55.20      0.00     49.40      0.00    101.40      0.00      0.40      0.00
05      3.60      0.00      0.00     29.60      0.20      0.00     27.40      0.00     41.20      0.00     13.40      0.00
06      0.60      0.20      0.00      0.20      0.20     27.60      0.00      0.00     22.00     77.40      5.60      0.60
07      2.40      0.40     29.80      8.00     18.20     19.20      0.00      0.00     37.00     87.20      1.60      0.00
08     11.80      0.20      4.20      1.40      0.80      0.20      3.20      0.80     54.60      3.00      0.20      0.00
09     11.40      0.40      0.60      1.20     20.20      0.40      7.00      0.20      0.00      0.00      0.00      0.00
10      3.20      1.40      0.20      9.80     23.60      0.00     13.20      0.00      0.20      7.40      0.00      0.00
11      8.60      0.20      0.20      5.40      6.40      0.00     18.60      0.00      1.80      2.20     51.60      0.00
12     15.40      1.00      0.00      0.00      6.00      0.00      2.80      0.00      1.60      0.20     37.20      1.60
13      1.00      0.20      0.00      0.00     10.80      0.00      0.20      0.00     17.40      0.00      7.60      0.60
14      0.00      0.20      0.00      0.00     25.00      0.00      0.00      0.00     17.00      0.00      0.40      2.20
15      0.20      0.00      0.00      5.20     31.00      1.40      0.00      0.00     10.00      0.00     13.80      0.20
16      0.80      1.60      0.20      0.20      4.00     10.60      0.00      0.00      0.00      0.00      4.00      0.00
17      0.40      6.00     40.20      0.60     16.80      6.00      0.60      0.40      4.60      0.00     23.40      0.00
18      0.00     10.80     17.20      0.00     13.00      5.20      5.60      0.00      0.40      0.20      2.40      2.60
19      0.20      8.60      2.60      2.80      0.20      0.00      0.00      0.00      0.00      0.00      5.00     46.00
20      0.20      0.60      1.20      0.00      0.00      0.00      0.00      0.00      0.00      0.00      0.00      0.20
21      3.60      0.40      0.00     30.20      0.00      0.00      0.00      6.80      0.00      0.20      1.00      0.00
22      9.80      0.20      0.00      0.00     20.20      0.00      0.80      3.00      0.40      0.00     18.60     10.60
23      1.80      0.00      1.60      0.00      0.20      0.00      1.60      1.20      0.00      5.40      0.20     50.00
24      0.40      0.20      0.20      0.00      0.00      0.00      0.20     15.60      0.00      0.20      2.20     10.80
25      0.40      0.00      0.60      0.00      0.00      0.00      0.20     18.00     54.40      0.20      0.00      0.00
26      0.40      1.00      0.00      0.00     30.60      0.60      0.00      0.00     73.40      0.00      0.20      2.40
27      0.00      1.40      0.60      0.00     36.60      0.00      0.00      0.80     23.00    208.60      0.00      1.80
28      0.40      0.20      0.00      0.00      5.40      0.00      0.00     23.80      2.40      0.80      0.40      0.80
29      1.80      0.00      0.00      0.00      0.00      0.00      0.00      0.00      6.00      0.00      0.00      0.80
30      2.20    -99.00      0.00      0.00     22.20      0.00      0.00      0.00      0.80      9.40      0.00      0.00
31      3.20    -99.00     11.40    -99.00     24.00    -99.00      0.00      0.80    -99.00     14.00    -99.00      1.00
2013
01      0.00      1.00      0.60      0.20     22.40      0.20      1.00      0.20     33.00     27.40      0.00      6.40
02      0.00      0.00      0.20      0.00     21.20     41.20      8.80      0.40     14.60    331.60      0.20      0.00
03      0.00      0.40     29.20      0.00      6.40     61.80      1.40      5.80      0.00    103.20      0.00      0.60
04      0.60      6.80      1.80      0.00      4.40      7.80      4.00     16.60      0.00     28.60      3.00     10.40
05      0.20      0.00      3.40      0.00      2.80      1.00      0.00      0.60     15.40      0.00     47.40      0.00
06      7.60      0.00      0.60     12.00      0.20      4.20     59.60      0.00     79.00      0.20    262.40      6.80
07      3.80      0.00      0.00      0.20     46.20      2.20     13.20      1.60      7.60      0.00    465.20      0.80
08      0.20      4.60      0.00      1.00      4.60      0.00     47.20      5.60     13.40      0.00     26.80      0.00
09      4.40      1.20      0.00      0.40      4.80      0.00      0.60     45.20      3.60      0.00     17.80      0.00
10      2.20      5.20      0.00      0.60      6.80      7.20     20.80      0.40     42.20      0.00     44.40      0.20
11      1.00      0.20      0.00      4.20      3.40     13.40      0.20     23.20     70.60      6.80      0.20      0.00
12      0.60      0.00      3.00      2.80     16.80      1.40      0.00     10.40     19.00      0.20      1.40      0.00
13      0.80      0.20      9.40      8.60      0.00      0.00      1.20      0.60     63.40      0.60      6.60      3.20
14      1.00      0.00      0.00      0.80      0.00      0.00     34.80      0.00     25.40     53.00     71.40      3.20
15      0.00      0.60      0.00      0.20      0.00      0.00      1.20      0.00     27.40    217.00    184.40      9.00
16      0.20      0.20      0.00     12.60      0.00      0.40     37.40      0.00     35.40      0.20     40.60     19.40
17      0.20      0.00      0.20     27.40     59.60      5.20      2.80      0.00     54.60     37.60     51.40     14.60
18      3.00      0.00      0.20      2.80      1.80     24.40      2.20      0.00    346.40      2.80      7.00      1.80
19      0.00      0.20      0.00      0.20      0.80      0.20     32.80      0.00     49.80     30.20     13.80      1.20
20      0.00      0.00      3.00      0.00      0.00      5.20      0.80      2.40     48.80     41.20     16.60      0.00
21      0.40      7.20      4.20      5.20      0.00      0.00     65.60      0.00     52.20     72.00      9.20      7.80
22      0.80      8.20      3.80      0.20      0.00     22.80      1.20      3.80      0.40     15.40      1.20      6.80
23      0.00     21.00      2.20      7.00      7.80      2.80     11.60      0.00      0.00     13.40      3.40      0.80
24      0.20      7.40      9.40     20.60      3.20      0.00      0.80      0.00      0.00      1.80      4.00      0.40
25      0.00      0.60      0.80      5.60     13.40      1.00      1.00      0.00      9.40      6.60     27.20      0.00
26      0.20      0.20      0.20     22.40      0.20      0.00      0.20      8.00      0.40      2.20      1.40      0.00
27      2.00      0.00      0.00      2.60      0.00      0.00      2.20      1.00     19.20      0.20      1.20      1.40
28      0.20      0.40      0.00      3.80     17.40      0.00     10.00     11.20      1.60      0.00     36.40      3.00
29      0.20    -99.00     14.20     38.80      5.40      0.40      0.40      0.20      1.80      6.20      8.00      1.20
30      0.00    -99.00      0.20      7.60      0.20      0.20      0.00      0.00     62.00     12.20     12.40      2.40
31      0.00    -99.00      0.00    -99.00     29.00    -99.00      2.40      0.20    -99.00      0.20    -99.00      0.60
2014
01      0.00      0.00      0.00      0.60     29.40      6.20      0.00      2.20     39.60      0.60      1.20    127.40
02      0.00      0.20      0.20      0.00      1.00      2.20      0.00      0.00     10.60      0.00      0.00    163.20
03      0.20      0.40      0.00      1.40     14.40     95.40      0.00      6.20     21.80      0.00      4.80     17.20
04      1.00      0.40      0.40      1.00     12.60      1.20     11.80      2.20      0.80      0.00     12.00      3.60
05      0.00      0.00      1.00      0.80      0.20      0.20      2.80      0.00      0.20     44.00      0.20      9.60
06      0.00      0.00      3.20      0.00      0.80      0.00      0.00      0.00      0.00     23.60      8.20      2.00
07      0.20      0.20      0.20     47.60     30.40      0.00      0.00      0.00      0.00     37.60      0.20      9.80
08      0.20      0.20      0.00     14.20     32.60      0.80      0.00      0.00     26.40     36.60      0.00      4.40
09      7.20      0.00      0.60      5.20      2.00      0.00      0.00      0.00      0.40      0.00      2.80      9.20
10     11.80      1.00      1.00      0.20      0.00      0.00      0.00      0.00     31.40      0.00      0.00      2.00
11      2.60      1.00      0.00      0.00      0.00      2.40      0.00      0.00      0.20      0.00      0.20      4.00
12     17.20      0.40      0.00      0.00     44.20     14.00      6.80      0.00      1.20      4.40     13.80      6.20
13      3.60      1.00      0.20      0.00      0.00      3.00      7.80     48.00     24.60     34.20     58.60      4.40
14      1.00      1.00      1.60      0.20      0.00      0.00      6.20    -99.00     13.80     12.40     68.60      2.00
15      0.00      0.20      1.00      0.00      0.00      0.00      0.40    -99.00      0.20      2.40     22.80      0.40
16      1.00      0.00      0.40      0.00      8.80      0.00      0.00    -99.00      2.80      1.20     27.00     29.80
17      2.00      0.00      0.00      9.00      0.20      0.20      0.00      7.20      0.80     13.60      7.40     12.40
18     11.20      0.20      0.00      0.00     15.60      0.00      2.40      2.80      3.80     49.40      9.60      2.80
19      6.60      3.40      0.40      0.00     11.20      0.00     10.60      0.60      0.20      4.60     17.80      5.80
20      8.80      1.60      0.60      0.00     39.80      0.00    -99.00     10.80      0.00      1.60      5.40      2.40
21      0.00      0.00     10.80      0.20      0.00      0.00      1.60      0.80     12.40     17.40      2.60      8.00
22      1.60      0.00      1.40      0.20      0.00      0.00     24.20      9.40      0.00     43.60      0.20     10.60
23      0.00      0.60      0.20      3.20      0.00      0.80     14.00      0.20      7.60     13.20      1.60      1.60
24      0.00      0.00      0.60      3.60      1.40      0.00      7.60      0.00     29.00     17.40      0.40      3.40
25      0.00      0.00      0.00      0.00     19.40      0.00      0.00      2.00      1.20     32.20     12.00      5.40
26      1.00      0.20      0.00     35.40      0.20      0.00     15.00     16.80      0.00     25.40      0.20      1.80
27      0.60      0.00      0.00      1.40     14.00      0.00     23.60      0.00      0.00     14.20      0.00      8.20
28      0.40      0.00      0.20     48.60      0.80      0.00     11.80     44.20      0.00      5.00      0.00     23.80
29      0.00    -99.00      6.40      3.40      0.40      1.60      0.80      0.40      1.00      4.40      0.20      0.40
30      0.20    -99.00      0.20      5.80     24.00      0.00     60.60      1.80      5.00      2.80     92.20      0.00
31      0.00    -99.00      0.00    -99.00      0.20    -99.00     27.60     32.20    -99.00      2.40    -99.00      0.00
2015
01      0.60      8.60      0.20      0.80     10.20      0.00      0.00      2.40      3.20     16.20     52.20      0.00
02      9.60     68.00      0.00      0.20     18.20      0.40      0.00      0.60      0.00     10.00     88.20      0.00
03     19.20     23.40      0.00      0.00      0.00      0.20      0.00     34.40      6.00      0.20     24.20      0.20
04      0.00      0.80      0.00      0.00      0.00      1.80      0.00     16.00      6.80      0.00     59.20      0.00
05      0.20      1.80      0.00      0.00     49.60     28.00      0.00      7.00      1.60     43.80     55.80      0.40
06      0.20     11.80      0.00      0.00      0.00      2.00      4.80     14.60      0.00     20.80     12.40      6.00
07     14.40      0.20      0.00      0.20      5.20    109.00      0.80     16.60      0.00     87.00      0.60      1.80
08     47.20      1.20      0.00      0.00      0.40      5.80     27.40      1.40     15.40     37.80      0.40      6.40
09     70.20      2.80      0.00      0.00     23.40      0.40      7.00      0.60      0.00     41.60      0.00      2.40
10     12.00      0.00      0.20      0.60     10.40      0.40      8.80      0.00     36.20     16.20      1.40      0.60
11      4.60      0.00      0.00      0.40      0.40     32.40      1.80      4.00      0.80     34.80      0.20      0.60
12      4.80      2.40      1.80      8.00     21.00      0.00      0.00     13.80      8.20     24.40      1.40      0.00
13      0.20      0.00      0.60      3.80     53.40      6.00      0.80      0.20     27.20     46.40      0.20      0.00
14      0.80      0.00     23.20      0.20      0.00      2.20     22.00     16.80    202.20    103.00      2.20      0.00
15      0.00      0.00      0.20      0.00      0.00     18.80      0.40      1.20     29.80      7.80      0.60      1.60
16      0.00      0.40      0.00      0.20      0.00      1.40      0.00      0.40     11.80      0.00      0.00     34.60
17     10.20      0.80      0.20      0.00      5.40     52.40      0.00      0.20      1.40      0.40      0.00      5.20
18     11.00      1.40      0.00      0.00      0.00     34.20      1.20      0.00      7.40      0.00      0.20      3.60
19     12.60      0.40      0.00      0.00      0.00      0.00      4.80     40.40      0.00      0.00      2.00      4.20
20      0.00     11.00      0.20      0.00      0.00      0.00      1.00     11.00      0.00      0.00     11.40      7.00
21      0.00      5.80      0.00      0.60      0.00      9.20      0.40      0.40      9.40      0.00      5.80      5.00
22      0.00      2.00      0.00      2.80      0.00      6.40      0.00      0.00     20.80      0.00      6.60      1.20
23      0.00      0.00      0.80     21.60      0.00     10.60      0.00      0.00     39.00      0.00      8.20      0.00
24      0.00      4.80     10.00     91.20      0.00      0.00      0.00      0.00      0.20      0.20      7.60      0.00
25      0.20      0.20     98.80      5.20     12.40      0.00      0.00      5.00      0.00      0.00     29.40      0.80
26      0.00      5.60     67.80      3.00      0.00      0.00      3.60     27.40     22.00      0.00     75.60      0.80
27      0.00      0.20     63.40      0.00      0.00      0.00      3.20      3.20      0.20      0.00     55.40      0.00
28      0.00      0.00      1.80     46.40      0.00      0.00      9.20      0.20      0.00      0.00     27.80      3.60
29      0.00    -99.00      1.40      0.00      0.00      0.00      4.60      0.00      0.00      0.00      4.40      2.00
30      0.20    -99.00      0.00     54.60      8.80      0.00     16.00      0.00      0.00      0.20      3.40      1.60
31      0.00    -99.00      4.80    -99.00      0.60    -99.00      8.20      0.00    -99.00     17.40    -99.00     11.60
2016
01      7.00      0.60      2.60      0.20      0.20      1.40      0.00      0.00      0.20      0.00    211.80      5.40
02      1.80      0.60      0.60      1.40      5.80     25.00      0.00      0.00      0.00     13.40    163.60     35.80
03      2.60      0.80      0.20      0.80     32.80     15.00      1.40     57.00      0.40      0.80     23.60    128.40
04      0.20      2.40      0.00      2.80     35.80      0.20      0.00      8.20      0.00      3.80     16.80     29.80
05      0.00      5.20      0.00      6.40      0.80      0.80      0.40     36.00      0.40     13.20      0.00      9.80
06      0.80      4.00      0.20      0.20      0.40      0.00     24.80     37.80      0.00     35.60     10.60     28.40
07      0.20      1.40      0.00      0.00      0.20      0.60      1.40      0.00      0.00      2.80      7.60     38.40
08      0.00      0.00      0.00      0.00     43.20      0.00      0.40      0.00      0.00      5.40      1.80     15.60
09      0.00      0.00      0.00      8.00      0.40      0.00      0.00      0.00      0.00      0.00    102.20      2.20
10      0.00      0.20      0.60      0.00      0.00      0.00      0.00      0.00      0.00      0.80      2.00      0.80
11      0.20      0.00      1.00      0.00      0.00      0.00      0.00      0.00     16.60      5.60     12.40     10.60
12      0.60      0.00      0.20      0.00      2.80      0.00      0.00      0.00    123.40      2.60      1.40      3.60
13      0.80      0.20      0.20      0.00     65.60      0.00      0.20      0.40    186.40     87.60      0.00    167.80
14      0.20      0.00      0.60      0.00      0.00      0.00      0.00      2.80      0.00    117.80      0.00    198.00
15      0.40      1.40      0.20      0.00      0.00      0.00      0.80      0.60     16.40     36.60      0.20    156.40
16      9.20      2.20      0.00      0.00      0.40     42.60      9.60      0.00      0.20     58.00      0.00     79.00
17      0.60      1.00      0.00      3.20      0.00     26.40     62.80      0.20      5.20      7.00     39.60      9.00
18      0.40      1.00      0.00      0.20     19.60     23.80     37.20      8.00      0.00      0.40     16.60      8.00
19      0.40      0.80      0.00      0.00      2.40      0.20      5.40      3.20      5.80      0.60     15.00      3.20
20      0.20      5.80      0.00     27.60      0.20      0.00      0.20      0.00     24.60      0.00      1.20      5.40
21      1.00      0.20      0.00      0.40      0.00      0.00      0.00      0.00     24.80      0.00      8.60      1.40
22      0.40      0.00      0.00      5.80      0.60      0.60      0.20      0.00     18.00      0.00      1.60     20.20
23      1.20      1.60      0.00      3.80     41.60     14.40     25.80      3.00     18.80      0.20     40.80     47.00
24      2.60      0.40      2.60      0.00     18.00      0.00      0.00     55.60     40.20     53.00     34.20     17.00
25      3.60     10.20      0.00      0.20      0.20      7.40      0.00     11.80     18.20      0.00      9.20      0.20
26      2.60      6.60      0.80      0.00      0.00     41.60      3.40     34.40      2.20      0.40     29.80      0.20
27      0.20      3.20      2.80     20.40      0.00     10.80      0.00      0.40      0.20      6.60      2.40     35.60
28      0.20      2.60      2.40      0.00      0.20      7.60     47.20      0.00      0.00      0.00      2.20     16.80
29      0.20      2.40      0.00     38.00      1.60      0.00     10.40     28.80      1.80     24.20     17.20      5.20
30      1.60    -99.00      0.00      0.00     25.80      0.00      0.60      0.20      1.80     11.20     28.20      1.40
31      0.20    -99.00      0.20    -99.00      0.40    -99.00      0.20      0.00    -99.00     41.40    -99.00     27.40
2017
01     15.00     47.20      0.40      0.80      0.20      0.00      0.00      0.20      0.20      1.60    120.00     18.80
02     25.80     54.60      1.60      5.40      0.00      0.00      0.00      0.00      0.00     12.60      6.80     40.40
03     16.60     45.60      0.00      1.20      0.00      0.00      0.00      0.00     17.00      2.80      7.00     22.00
04      9.60      0.00      0.00      0.40     23.20      0.00      0.00      0.00      4.60      0.40    330.20     24.80
05     11.20      0.00      0.00     15.80      0.00      0.20      1.00      0.00      0.80      2.40    633.20     32.20
06      6.40      0.40      0.20      0.20      0.20     13.60      0.20      0.40      0.20      0.40     34.00      1.80
07      2.60      0.00      0.00      0.80      2.00     26.80      0.00      0.00     21.20     10.00    129.80      0.80
08      4.80      0.00      3.20      0.40      3.60      7.20      0.00      0.00     15.20     15.40     44.20     17.60
09      3.60      6.80      0.60      0.00     34.00     11.40      0.20      0.00     11.20     39.20     37.60     11.40
10      0.40      0.60      0.00      0.00      3.80      0.20     29.40      0.00      1.00     13.60     53.20      0.00
11      1.60     15.40      0.00      0.00      0.40     10.20      2.00      0.40      0.20     28.80      5.80      0.00
12      2.20     25.60      0.00      4.40      0.00      0.00     94.40     22.20      0.20      1.20      0.00      0.40
13      1.20      6.20      2.40      1.00      0.00      0.00      1.20     15.20      0.80      2.40      0.00      0.20
14      0.40      1.40      0.20      0.20      0.00      0.00      0.20     59.80    117.40      3.00     44.60      0.20
15     10.00     11.40      0.00      0.00      0.00      0.00      8.80      8.00     71.20      0.20     11.60      0.80
16      4.00      0.00      1.00      0.00      0.00      0.00     34.20      0.20      0.00      0.00      1.60     40.60
17      3.40      1.00      0.20     12.40      0.00      0.00     16.20      0.00      4.80      1.60      0.00      4.40
18      0.00      0.60     14.20      0.80      0.00      0.00      0.20     25.40      1.00     19.20      0.00      0.20
19      0.00      0.20      0.20      0.00      0.00      0.60      0.20      1.20      0.20     37.00    211.20      0.00
20     10.00      0.00      2.20      0.00      0.00      0.00     25.20      0.00      0.00      1.40     49.40      2.20
21     31.20      0.00     59.00      0.00      0.00      0.00     55.40      0.00      0.00      0.00     35.20      1.40
22     50.40      0.00      1.80     12.80      0.00      0.00     11.20      0.00     14.60      0.20     72.00      1.00
23     18.60      0.80      0.20      0.20      0.00      0.80      4.00      0.00      4.80     15.60     10.00      1.60
24      8.60      1.80      0.00     22.60      0.00      2.00      3.00      0.00      0.20     13.60      1.40     28.60
25     55.60      1.00      0.00      7.80      0.00     34.00    103.80     13.40     30.80      5.20      9.80      9.00
26     27.20      0.40      0.60     26.00      0.00      5.40      9.00     48.40      0.00      5.00     11.00     18.80
27      0.20      3.80      5.20      6.60      0.00     13.20      1.00     31.20      0.00      0.20      7.40      8.00
28      0.00      0.40      0.20      3.20      0.00     12.80      2.60     28.00      2.80      0.00     22.00      4.60
29      0.00    -99.00      9.80      1.40      0.00      9.80      0.00     10.00     13.20     13.00     34.80      6.40
30      0.20    -99.00      0.20      1.80      0.00      0.00      0.00      6.60     18.60     78.20     17.00     10.20
31      1.60    -99.00     20.00    -99.00      0.00    -99.00      0.00     16.00    -99.00     51.60    -99.00     31.20
2018
01      7.60      0.00      0.20      0.00      1.60      0.00      0.00      0.00      0.00      6.20      0.00      1.00
02      7.20      0.00      0.00      0.00      0.00      0.00      0.00      0.00      5.20     15.40      0.00      0.00
03     12.60      0.00      0.00      0.00      2.60     15.80      0.00      0.00      0.20     28.00      0.00      0.00
04     11.00      2.80      4.40      0.20      0.20     25.40      0.00      0.00      0.40      2.60      0.00      5.60
05      6.20      1.60      0.00      0.00     21.60      9.60      0.00     12.40      0.00      0.00      8.80      1.00
06      0.20      0.00      0.00     10.00      0.20      6.60      0.00     26.60      0.00      0.00     14.60      0.00
07      3.60      0.00      0.60      5.40      0.00      5.40      0.00      0.20     17.20      0.00     60.00      0.60
08     46.40      0.00      0.60      1.60      0.00      0.00      3.60      4.80      2.80      0.00      3.40      1.40
09     27.40      0.20      0.00      0.00      5.20      0.00      5.80      3.80      1.20      0.00     29.80     66.80
10      0.60      0.20     11.00      0.00     10.40      0.00      3.80      0.00      6.60     12.20      0.80    123.00
11      3.00      1.80      0.00      0.20     10.60      0.00      0.80      0.00      6.80     17.20      0.40     74.00
12     16.40      0.00      0.00      0.00      0.00      3.00      0.00      0.00      7.20    118.80      0.20     51.00
13      7.60     15.00      0.40      0.00      0.40      0.40      0.80      5.20     17.20     39.80      0.00     12.40
14      5.80      0.20      2.00      0.00      0.20      0.00      1.20     35.00      1.80      0.20      0.20     20.60
15      1.00      0.20      9.60      0.00     49.00      0.00      3.40      0.00      2.20      2.60      0.00     51.20
16      0.60      0.20      0.40      0.40     85.40      0.00     20.80      0.00      0.20      0.00      0.20     25.60
17      0.00      0.20      0.00      2.80      0.20      0.20     72.20      0.00     14.20     12.40      0.00     10.60
18      0.20      0.00     14.80      0.20      0.80      0.00     15.80      0.00     25.80      6.60      0.00      4.60
19      0.80      0.20      0.20      7.20     24.80      0.00      2.60      0.00      5.20      1.00      2.00      0.00
20      0.40      0.00      9.40      6.00      0.00      0.00      0.00      0.00      0.20      7.20      0.00      0.00
21      3.40      0.00      0.20     29.40      0.00      0.00      0.60      0.00      5.40      0.20      0.20      0.20
22      1.20      0.00      2.00     10.60      0.00      0.00     13.20      0.60      3.00      2.00     87.20      0.00
23      1.60      0.00      0.00      0.20      0.00      0.00      3.20      0.40     13.80      0.20     47.40      0.00
24      4.20     19.20      1.20     13.60      0.00      6.20      0.00      0.00      0.20      0.00     34.80     11.60
25      0.40      0.60      1.40      2.00     13.20      4.20      1.40      0.00      0.00      0.20     25.20      0.40
26      3.40      0.60      0.00     12.40     19.60     41.40      7.60      3.00      0.00      0.00      8.00      3.40
27      0.00      0.20      0.00      6.00      0.00     15.00     17.60      6.40      9.40      0.00      5.80      7.60
28      0.60      0.00      0.00      2.40      3.80      0.00      6.40      4.20      1.00      3.80     24.60     27.80
29      2.80    -99.00      0.20     14.60      2.80      1.20      5.60      0.40      0.80      7.00     24.20     89.20
30      0.40    -99.00      0.40      6.20     26.40      0.00      0.00      0.00      0.80      0.00      3.40     52.20
31      1.40    -99.00      0.00    -99.00      0.00    -99.00      8.80      0.00    -99.00      0.60    -99.00      8.60
