ALuoi               
   107.27000       16.233000             584
2011
01      0.00      0.80      0.00      0.00      0.00      0.00      0.00     16.00      0.00     37.40     38.20     22.00
02      0.20      0.00      0.20      0.00      0.00      0.00      0.00      0.00      8.60     33.80      1.40     10.60
03      0.00      0.00      3.60      0.00      0.00     38.80      0.00      1.80      7.60      8.20      1.20      0.60
04     41.60      0.00      4.20      0.00      0.00      0.20      0.00      0.00     16.80     22.80    102.60      0.80
05      4.00      0.00      0.40      0.00      0.00      0.00      0.00      0.00      1.60      0.00      2.00      2.60
06     10.20      0.00      0.00      0.00      0.20      0.00      0.00      0.00     51.80      0.00     35.60      1.00
07     22.40      0.20      0.00      0.00      7.40      1.00      0.00      0.00     50.00      8.80    348.40      2.60
08      0.80      0.00      0.00      0.00      0.00      0.00      0.00      1.60     50.20      0.00     16.80     12.80
09      4.40      0.00      0.00      0.00      0.00      0.00      0.00      0.00     69.00     69.60      2.80     18.60
10      4.60      0.00      0.00      0.80      0.00     11.80      0.00      0.20     16.80      3.20      0.00     19.40
11      0.00      0.00      0.00      0.00      0.00      0.00      1.60     14.60     14.60     20.20      0.00     11.40
12      0.00      0.00      0.00      0.00      6.80      0.00     16.60      0.00     35.80     27.60      0.00      0.00
13      0.00      1.80      0.00      0.00      3.80      2.40     30.60      0.00     11.40     12.80      0.40      0.00
14      0.00      0.00      0.00      0.00      0.00     47.80      0.00      0.00      7.00     11.40      1.00      0.00
15      0.00      0.00      0.00      0.00      0.00     10.80      0.00      0.00      0.20     66.40      8.80     14.80
16      0.00      0.00      0.40      0.00     29.40      0.00      0.00     10.60      1.60     78.40     64.60     23.60
17      0.00      0.00      0.00      0.40      0.80     24.00      0.00      2.60      0.00    127.00      0.00      5.20
18      0.80      0.00      0.20     15.40     17.00      7.00      0.00      0.20      7.60     36.60      0.00      3.40
19      0.00      0.00      0.00      0.20      0.00     16.80      0.20     38.60      0.60     20.80      0.00      0.00
20      0.00      0.00      0.00      2.20      7.20     22.20      0.00     18.40      0.00      0.20      0.80      6.60
21      0.00      0.00      0.00      0.60      0.00      0.80      0.00      0.00     33.60      5.20      5.80      0.80
22      0.00      0.00      0.80      0.00     16.00      0.00      0.00      0.00     11.60      0.20      5.00      7.60
23      0.00      0.00      1.40      1.00      2.00      0.00      0.00      0.00    156.60      0.00      6.20     21.00
24      0.00      0.20      1.40      0.00      0.00      0.60      0.00      0.00    108.80      3.60     12.60     12.60
25      0.40      0.00      2.60      0.00      0.00      0.00      0.60      0.60      6.00     29.00    223.00      7.20
26      0.20      0.00      0.20      0.00      0.00      0.00      0.00      0.20     49.00      3.00      6.00      0.00
27      0.40      0.00      0.00      1.00      0.00      0.00      0.00      0.00      5.40     31.20     18.60      0.60
28      4.00      0.00      0.80      0.00      0.00      0.00      0.00      0.00      0.00     20.40      0.60      1.20
29      2.00    -99.00      0.60      0.00      0.00      0.00      0.00      0.00      0.00      1.60      0.00      0.00
30      0.80    -99.00      0.00      0.00      0.00      0.00      0.00     11.20      0.00      0.60      2.60     11.00
31      1.40    -99.00      0.00    -99.00      0.00    -99.00      0.20      0.00    -99.00      5.80    -99.00      1.60
2012
01      2.20    -99.00      0.00      2.00      0.00      0.60    -99.00      0.00      0.00     10.80      7.80      0.00
02      1.40    -99.00      0.00      3.00      0.00      0.40    -99.00     15.20      5.20      0.20      3.20      0.00
03      0.20    -99.00      0.00      0.20      1.00     13.60      0.20      2.40      0.00      0.00      0.00      0.00
04     11.60    -99.00      0.00      0.00      0.00      7.80      0.00      0.00     60.60      0.00      0.00      0.00
05      0.40    -99.00      0.00      6.80      0.00      1.80     22.20      0.00     19.80      0.80      0.00      0.00
06      0.00    -99.00      0.00      0.40      0.00      0.00     32.00      0.00     12.20     86.00     22.40      0.00
07      2.60    -99.00      0.00      5.00      0.00      2.80      0.00      0.00      0.20     64.40     20.80      0.00
08     21.20      0.00      0.00      0.00      0.00      9.00      5.00      0.00      0.00     25.00      0.40      0.40
09      0.60      0.00      0.00      0.00      0.00      0.00      0.00      0.00      0.00      6.80      0.00      0.00
10      0.00      0.00      0.00      0.00      0.00      0.00      0.00      0.00      6.40      9.40      0.00      0.00
11      2.00      0.00      0.00      0.00      0.00      0.00      0.00      0.00      0.40      8.60      0.00      0.00
12      5.80      2.40      0.00      0.00      0.00      0.00      0.00      0.00      8.40      0.00     22.80      3.20
13      0.20      0.40      0.00      0.00      0.00      0.00      0.00      0.00     12.60      0.00      5.20      2.00
14      0.00      0.00      0.00      0.00      0.00      0.00      0.00      1.60      2.80      0.00      0.80     17.80
15      4.60      0.00      0.00      0.00      0.00      0.00      0.00      5.80     25.40      0.00      3.00      0.00
16      2.80      4.20      0.00      0.00     19.20      5.40     23.80      3.20      0.00      0.00      3.80      0.00
17      1.40     12.00      0.00      0.00      3.00     14.20      2.40      0.00      0.00      0.00      6.80      0.00
18      0.00      5.80      0.00     11.00      0.80      0.20      0.00      0.00      0.40      0.00      3.20      3.00
19      0.00      2.60      0.80      0.00      0.00      0.00      0.80      0.60      0.20      0.00      1.40     42.00
20      0.00      0.00      0.60      0.00      0.00      0.00      5.60      0.00      0.00      0.00      0.00      0.40
21      0.00      0.00      0.00      0.00      0.20      0.00     15.00      0.00      0.00      0.00      0.00      0.00
22      0.20      0.00      0.00      0.00      1.80      0.00      0.00     28.20      0.00      0.00      0.00      0.00
23     13.80      0.00      0.00      0.00      0.20      0.00      1.20      3.60      0.00      0.00      0.00     22.00
24      0.00      0.00      0.00      0.00      5.80      0.00      0.00      4.40      0.00      0.00      0.00      1.80
25      0.00      0.00      0.00      0.00      6.80      0.00      0.00      0.40      3.80      0.00      0.00      1.40
26      0.00      0.00      0.00      0.00      1.80      0.00      0.00      9.80     50.60      0.00      0.00      3.80
27      0.00      0.00      0.00     10.80      3.80      0.00      0.00    132.40     88.80      0.00      0.20     13.80
28      0.00      0.20      0.00      0.00     32.60      0.00      2.00     21.80     41.40      0.00      0.00      1.40
29      2.60      0.00      0.00    -99.00      0.60      8.20      4.20      0.00     19.60      0.00      0.00      5.40
30      5.60    -99.00      0.00    -99.00      0.00      0.00      0.00      0.00      1.80      0.00      0.00      1.80
31      2.80    -99.00      0.00    -99.00      0.80    -99.00      0.00      3.00    -99.00      0.00    -99.00      0.00
2013
01      0.00      0.00      0.00    -99.00    -99.00    -99.00    -99.00    -99.00      3.60      0.40      0.00      4.60
02      0.00      0.00      0.00    -99.00    -99.00    -99.00    -99.00      6.60      0.00     22.00      0.00      0.00
03      2.00      0.00     17.00    -99.00    -99.00    -99.00    -99.00      0.00      0.00     35.00      0.00      0.00
04      0.20      0.00      6.40    -99.00    -99.00    -99.00    -99.00      0.00      0.00     60.80      0.00      6.40
05      0.60      0.00      0.40    -99.00    -99.00    -99.00    -99.00      0.00      0.00      0.00     28.60      0.20
06      6.60      0.00      0.20    -99.00    -99.00    -99.00    -99.00      0.40     10.00      0.00     13.80      0.40
07      1.60      0.00      0.20    -99.00    -99.00    -99.00    -99.00      0.00      2.40      0.00     16.20      0.20
08      0.20      0.00      0.20    -99.00    -99.00    -99.00    -99.00      0.00      2.00      0.00      2.20      0.00
09      0.80      0.00      0.00    -99.00    -99.00    -99.00    -99.00      0.00      7.60      0.00     13.60      0.00
10      0.00     13.20      0.00      3.60    -99.00    -99.00    -99.00      0.00     13.40      0.00     37.20      0.00
11      0.20      0.00      0.00      1.60    -99.00    -99.00    -99.00      0.00     21.40      4.60      0.20      0.00
12      0.00      0.00      0.00      7.80    -99.00    -99.00    -99.00     10.00     76.80      7.60      0.00      0.60
13      0.00      2.20      0.00      0.40    -99.00    -99.00    -99.00      0.00      4.20      0.00      0.00      0.40
14      0.00      1.60      0.00      0.00    -99.00    -99.00    -99.00      0.00      0.00     85.20     20.40    -99.00
15      0.00      0.00      0.00      0.00    -99.00    -99.00    -99.00      0.00      3.80    114.40    305.60    -99.00
16      0.00      1.20      0.20      5.60    -99.00    -99.00    -99.00      0.00      0.00      1.60    147.20    -99.00
17      0.20      0.00      0.00      2.20    -99.00    -99.00    -99.00      0.00     37.80     27.20     20.20    -99.00
18      0.60      0.00      0.00      0.20    -99.00    -99.00    -99.00      0.00    264.60     52.80      4.20    -99.00
19      7.00      0.00      0.00      0.00    -99.00    -99.00    -99.00      0.00      4.80     15.00      1.80    -99.00
20      0.00      0.00      0.00      0.00    -99.00    -99.00    -99.00      3.00     36.20     21.40      6.00    -99.00
21      0.00      7.20      0.00      0.00    -99.00    -99.00    -99.00      0.00      6.20      0.40     54.60    -99.00
22      0.20      0.20      0.00      0.00    -99.00    -99.00    -99.00      0.00     10.60      3.20      2.40    -99.00
23      0.00      7.40      0.00      0.00    -99.00    -99.00    -99.00      0.00      0.00      0.00     11.00    -99.00
24      0.00     13.80      0.00      0.00    -99.00    -99.00    -99.00      0.00      1.20      0.00      0.00    -99.00
25      2.80      0.00      0.00    -99.00    -99.00    -99.00    -99.00      0.00     57.00      0.20      6.60    -99.00
26      0.00      0.00      0.00    -99.00    -99.00    -99.00    -99.00     30.00      2.00      0.80      0.80    -99.00
27      0.00      0.00      0.00    -99.00    -99.00    -99.00    -99.00      0.00     10.40      1.20      0.40    -99.00
28      0.20      0.00      0.00    -99.00    -99.00    -99.00    -99.00      0.00      1.00      0.00     40.60    -99.00
29      4.00    -99.00      0.00    -99.00    -99.00    -99.00    -99.00      7.00      0.20      7.40     18.00    -99.00
30      0.20    -99.00      0.00    -99.00    -99.00    -99.00    -99.00      0.00     20.60     14.20      0.20    -99.00
31      6.20    -99.00      0.00    -99.00    -99.00    -99.00    -99.00    -99.00    -99.00      0.00    -99.00    -99.00
2014
01      0.00      0.00      0.00      0.00      0.20      0.00      0.00     64.80    -99.00    -99.00      1.20     97.20
02      0.00      0.00      0.00      0.00      0.00      0.00      0.00      0.80    -99.00    -99.00     34.40    142.20
03      0.00      0.00      0.00      2.00      1.60      0.00      3.40      0.00    -99.00    -99.00    -99.00      3.60
04      0.00      0.00      0.00     24.00      3.00      0.00      0.00      0.40    -99.00    -99.00    -99.00      0.00
05      0.00      0.00      0.00      0.00      0.20      0.00      0.00      0.00    -99.00    -99.00    -99.00      3.60
06      0.00      0.00      0.00      0.00      0.20      0.00      0.00      0.00    -99.00    -99.00    -99.00      2.20
07      0.00      0.00      0.00      0.80      2.20      0.00      1.60      0.00    -99.00    -99.00      0.00      1.40
08      0.00      0.00      0.00      1.20      0.00      0.00      0.80      0.00    -99.00    -99.00      0.00     32.80
09      0.00      0.00      2.20      0.20      0.00      0.00     15.20      0.00    -99.00    -99.00    -99.00      6.00
10     19.60      0.00      0.00      0.00      0.00      0.00      0.00      0.00    -99.00    -99.00    -99.00      4.00
11      0.40      0.00      0.00      0.00      0.00      0.00      0.00      0.00    -99.00    -99.00    -99.00      6.20
12      8.00      0.00      0.00      0.00     16.20      0.00      0.00      0.00    -99.00    -99.00    -99.00     33.20
13     22.20      0.00      0.00      0.00      9.80      0.20      0.00      0.00    -99.00    -99.00    -99.00     14.80
14      0.00      0.00      1.20      0.00      1.80      0.00      0.00    -99.00    -99.00    -99.00    -99.00      0.20
15      0.00      0.00      0.00      0.00      0.00      0.00      0.20    -99.00    -99.00    -99.00    -99.00      0.00
16      0.00      0.00      0.00      0.00      0.00      2.20      0.60    -99.00    -99.00    -99.00    -99.00     26.40
17      1.40      0.00      0.00      0.00      0.00      0.00     40.40      0.00    -99.00    -99.00    -99.00     20.00
18      2.00      0.00      0.00      0.00      0.00      0.00      1.20      0.00    -99.00    -99.00    -99.00      0.20
19      1.40      0.00      0.00      0.00      0.00      0.00      4.80      0.00    -99.00    -99.00    -99.00      0.00
20      0.60      0.00      0.00      0.00      0.00      0.00    -99.00      3.20    -99.00    -99.00    -99.00      0.00
21      0.00      0.00      0.00      0.00      9.20      0.00      2.80      1.80    -99.00    -99.00    -99.00      2.40
22      0.40      0.00      0.00      0.00      0.00      0.00      0.00      0.00    -99.00    -99.00    -99.00     14.80
23      0.00      0.00      0.00      0.00     59.00      0.00      1.80      0.00    -99.00    -99.00    -99.00      0.00
24      0.00      0.00      0.00      0.00      0.00      4.60      0.00      0.00    -99.00    -99.00    -99.00      0.20
25      0.00      0.00      0.00      0.00      0.00      0.00      0.00      0.00    -99.00    -99.00    -99.00     10.40
26      0.00      0.00      0.00      0.00      0.00      0.00      0.40      0.00    -99.00    -99.00    -99.00      2.60
27      0.00      0.00      0.00      0.00      0.00      4.00      2.00      0.00    -99.00    -99.00    -99.00      4.00
28      0.20      0.00      0.00      0.00      0.00      7.00     20.80     13.60    -99.00    -99.00    -99.00     11.00
29      0.40    -99.00      0.00      0.60      0.00     14.60     20.00      2.40    -99.00    -99.00    -99.00      0.40
30      0.00    -99.00      0.00      5.80      0.00      0.00      6.80      2.40    -99.00    -99.00    -99.00      0.00
31      0.00    -99.00      0.00    -99.00      0.00    -99.00      0.60      1.20    -99.00    -99.00    -99.00      0.00
2015
01      1.40      4.80    -99.00      0.00      0.00    -99.00      0.00    -99.00      0.00      2.40     99.40      4.60
02      3.00      5.00    -99.00      0.00      5.40    -99.00      0.00    -99.00    -99.00      1.40      2.80      0.00
03      1.40     20.00    -99.00      0.40      0.00    -99.00      0.00    -99.00    -99.00      0.00      1.60      0.00
04      0.00      4.60    -99.00      0.00      0.00    -99.00     15.60    -99.00    -99.00      0.00    148.80      5.00
05      0.00      2.20    -99.00      0.00      0.20    -99.00     10.80    -99.00    -99.00     29.00     87.80      0.00
06      0.20      9.00    -99.00      0.00      2.20    -99.00     35.20    -99.00    -99.00      8.80     15.00      0.80
07     10.00      0.00    -99.00      0.00      0.80    -99.00     14.40    -99.00      0.00      0.00     10.20      0.20
08      2.00      2.40    -99.00      0.00      0.00    -99.00      2.60    -99.00      0.00      0.20      3.40      1.00
09      1.40      0.20    -99.00      0.20      1.00    -99.00      1.40    -99.00      3.00      0.00      2.20      0.00
10      3.00      0.00    -99.00      0.00      0.00    -99.00      0.00    -99.00      0.80     81.00      0.00      0.00
11      1.00      0.00      0.00      0.00      0.00    -99.00      0.00    -99.00      0.00      2.80      0.00      0.60
12      0.00      0.00      0.00     20.60      0.00    -99.00      0.00    -99.00     12.40     56.40      6.40      0.40
13      0.00      0.00      0.20      0.00      0.00      0.00      0.20    -99.00    163.80      4.40      0.00      0.00
14      0.00      0.00      0.00      0.00      0.00      0.00      3.60    -99.00     16.80     92.60      0.00      0.00
15      0.00      0.00      0.00      0.00      2.40      0.00      1.80    -99.00      6.60    153.60      0.00      8.00
16      0.00      0.00      0.00      0.00      2.00      0.00      0.00    -99.00      0.00      0.00      0.00     52.60
17      0.40      0.00      0.00      0.00      3.40      0.00      0.60    -99.00      0.00      0.00      0.00      9.40
18      1.60      0.60      0.00      0.00      2.20      0.00      1.20    -99.00      0.00      0.00      0.00      0.00
19      0.80    -99.00      0.00      0.00     23.80      0.00      6.20    -99.00      0.00      0.00      0.00      0.80
20      0.00    -99.00      0.00      0.00      0.00      0.00      0.00    -99.00      0.00      0.00      0.20      1.60
21      0.00    -99.00      0.00      0.00      0.00     16.60      0.00    -99.00      0.00      0.00      4.60      2.80
22      0.00    -99.00      0.00     16.80    -99.00      0.20      0.00    -99.00      0.00      0.00     16.20      2.20
23      0.00    -99.00      0.00      1.20    -99.00      2.20      0.00    -99.00      0.00      0.00      7.20      0.00
24      0.00    -99.00     53.20      5.80    -99.00      0.40    -99.00    -99.00      0.00      0.00      6.40      0.00
25      0.00    -99.00     32.80      6.80    -99.00      0.00    -99.00    -99.00      0.00      0.00      5.80      0.00
26      0.00    -99.00      1.40      1.00    -99.00      0.00    -99.00      0.00      0.00      0.00     36.40      0.00
27      0.00    -99.00     64.60      0.00    -99.00      0.00    -99.00      0.00      0.00      0.00     15.00      0.00
28      0.00    -99.00     37.60      0.00    -99.00      0.00    -99.00      0.00      0.00      0.00     20.60      0.00
29      0.00    -99.00      0.00      0.00    -99.00      0.00    -99.00      0.00      0.00      0.20      0.20      6.80
30      0.00    -99.00      0.00      0.00    -99.00      0.00    -99.00      0.00      0.00      0.20      1.80      2.60
31      0.40    -99.00      0.00    -99.00    -99.00    -99.00    -99.00      0.00    -99.00     35.00    -99.00     16.40
2016
01      1.40      0.00      0.00      0.00      0.00      0.00      0.00      0.00      0.00      1.80     69.20     22.20
02      0.80      0.00      5.60      0.00      0.00      0.00      0.00      0.00      0.00      0.00     52.40     45.80
03      0.20      0.00      0.00      0.00      1.00      0.00      0.00      0.00      0.00     31.00      5.00     74.00
04      0.20      1.80      0.20      0.00      2.00      3.40      0.80      0.60    -99.00      0.40      1.60      6.80
05      0.00      0.20      0.00      2.20      0.60      0.20      1.00      3.80      0.00      0.00      2.00      7.40
06      0.00      0.00      0.00      0.00      0.40      2.00      0.20      0.00      0.40      1.60      2.80      2.40
07      0.00      1.00      0.00      0.00      0.00     37.60      0.00      0.00    -99.00     10.00     38.20     13.00
08      2.20      0.00      0.00      0.00      0.00      0.00      0.60      0.00     28.40      0.00     68.20      2.60
09     12.40      0.00      0.00      0.00      0.00      0.00      0.00      0.60      4.40      0.00      3.00      0.00
10      0.00      0.00      0.00      0.00      0.00      0.00      0.00     25.80    -99.00      4.80      0.00      0.00
11      2.80      0.00      0.00      0.00      0.00     17.20      0.00      1.40      0.40     68.00     11.20     26.00
12      0.00      0.00      0.00      0.00      0.00      0.20      0.00      0.00    242.80      0.00      1.40     21.00
13      1.00      0.00      0.00      0.00      0.00      0.00      0.00      0.00    -99.00      5.00      0.00    110.40
14      0.00      0.00      0.00      0.00      0.00      0.00      2.40      0.00     11.80     26.80      0.00     71.60
15      4.40      0.00      0.00      0.00      0.00      0.00      0.00      0.00      0.00     57.20      0.00    114.60
16     13.60      0.00      0.00      0.00      0.00      0.00      0.00      0.00      0.00      8.80      0.00     64.80
17      1.00      0.00      0.00      0.00      0.00      1.40      0.00    -99.00      0.00      0.00     43.60      1.20
18      4.00      0.00      0.00      0.00      0.00      0.00      0.00      7.40      0.00      0.20     46.20      8.80
19      0.00      0.00      0.00      0.00      0.20      0.00      0.40      0.00     13.40      0.00      0.60      3.40
20      0.00      0.60      0.00      0.00      0.00      0.00      0.00      0.00     34.60      9.80      0.00      3.60
21      0.00      0.00      0.00      0.00      0.00      0.00      0.00    -99.00    113.00     10.20      0.00      0.20
22      0.00      0.00      0.00      0.00      3.80      0.00      0.00     30.60     12.20      0.00      0.00     27.00
23      0.00      0.60      0.00      0.00      2.40      0.00      0.00    -99.00     19.40      0.00      0.00      4.00
24      0.00      0.20      0.00      0.00     21.60      0.00      0.00     22.40      2.00      0.00      0.00     27.60
25      0.00      0.00      0.00      0.00     29.40     14.40     29.00      7.00      6.20     17.20      0.00      0.20
26      0.00      0.00      0.00      0.00      2.40      5.80      0.60      0.00      1.00     37.60      0.00      0.00
27      0.00      0.00      0.40      3.60      0.00     12.80      0.80    -99.00      0.00      0.20      0.00     28.40
28      1.60      0.00      0.60      0.00      0.00      2.20      0.00     24.00      0.00     16.40      0.00      1.60
29      0.00      0.00      0.00      0.00      0.00      0.00      0.00    -99.00      0.00      4.00      0.00      0.40
30      2.40    -99.00      0.00      0.00     12.80      0.00      0.00     19.20      2.00     81.40      0.00      1.60
31      0.00    -99.00      0.00    -99.00      1.60    -99.00      0.00      7.40    -99.00     65.00    -99.00     75.80
2017
01     14.40     12.60      0.00      0.00      0.00      0.00     10.40      0.40      0.00      0.00     66.80    -99.00
02      6.00      7.80      0.00      3.00      0.00      0.00      0.00      0.00      4.20     63.20      0.00    -99.00
03      4.40      7.40      0.00      6.80      0.00      0.00      0.00      0.00      0.00      6.20     12.00      8.80
04      4.00      0.00      0.00      0.00      0.00      0.00      4.80      0.00      0.00      1.20     41.40     16.60
05      1.80      0.00      0.00      0.00      0.00      0.00     34.00      0.00      1.00      0.00      0.00      4.40
06      4.00      0.00      0.00      0.00      0.00      0.00      5.60      3.00      3.60      0.00     45.40      0.00
07      0.20      0.00      0.00      0.20      0.00     36.00      0.00      0.00      0.00      7.80     14.40      1.20
08      1.20      0.00      0.00      0.00      1.20     71.40      0.00      0.00      0.00     20.40      3.80      4.60
09      3.20     11.80      9.60      0.00      0.40      2.80      1.00      0.40      0.00     69.40      0.00      2.20
10      7.00      0.00      0.00      0.00      0.00     10.40     10.40      0.00      0.00      0.00      0.00      0.00
11      0.00     15.60      0.00      0.00      0.20      8.80     11.60      1.60      0.00     23.40    122.40      0.80
12      0.00      6.20      0.00     40.60      0.00      0.00      0.80      0.00      0.00     20.00      0.20      0.00
13      0.00      0.20      0.00     21.20      1.80      0.00     23.40      0.00      2.80      0.00      0.00      0.00
14      0.00      2.80      0.00      0.00      0.00      4.80     52.00      0.00     87.60      2.40      0.00      0.00
15      0.00      1.80      0.00      0.00      2.20      0.00     30.40      0.00     12.80      0.00     30.40      0.00
16      0.00      0.00      0.00      0.00     30.60      0.00     25.20      0.00      0.00      0.00      1.20      6.80
17      0.00      0.00      0.00      0.00      2.60      0.00      0.20      0.00      6.60      0.00      0.20     12.60
18      0.00      0.20      0.00      0.00      0.00      0.00     30.40     16.60      0.00      6.40      0.20      1.60
19      0.00      0.00      0.00      0.00      4.60      0.00      2.40      0.80      0.00     72.00     41.00      5.00
20      0.00      0.00      0.00      0.00      2.40      0.00      0.00      0.00      0.00      0.00     65.00      0.00
21      0.00      0.00      0.00      0.00      0.00      1.00      1.60      0.00      0.60      0.00    127.40      0.20
22      0.00      0.00      0.00      0.00      0.00      0.00      4.60      0.00      0.00      0.00     15.80      0.00
23      0.00      0.00      0.00      0.00      0.00      0.00      0.00      0.00      3.80      0.00     15.80      3.20
24      0.00     20.80      0.00      0.00      5.80      0.00      0.40      0.20      0.00     23.60      5.60      1.00
25      0.00      0.00      1.80      0.00      0.00      0.00     40.00      0.00      0.00      8.20      1.40      0.20
26      0.00      0.00      0.40      0.00     18.20      4.80      0.80     55.20      0.00      0.60      2.40     26.60
27      0.00      0.00      1.60      0.00      0.20      0.00      0.00     26.00      0.00      1.20      0.00     23.20
28      0.00      0.00      0.00      0.00      1.00      0.00      0.00      3.00      0.00      0.60     13.60      1.00
29      0.00    -99.00      9.40      0.00     33.00      0.00      0.00      0.60      0.00      1.20      2.40      1.20
30      0.00    -99.00      0.20      0.00      1.60      2.20      0.00      0.00      0.00     25.40      0.00      0.20
31      0.00    -99.00      2.20    -99.00      0.00    -99.00      0.00     11.80    -99.00     73.20    -99.00      5.00
2018
01      0.00      0.00      0.00      0.00      0.00      0.00      0.00      0.00      0.40      1.80      0.00      0.00
02      4.60      0.00      0.00      0.00      0.00      0.00      0.00      0.00      0.00     22.00      0.00      0.00
03      0.00      0.00      0.00      0.00      0.00      0.00      0.00      0.00      0.00     52.40      0.00      0.00
04      0.00      0.00      0.00      0.00      0.00      0.00      0.00      0.00      0.00     49.00      0.00      0.00
05      0.00      0.00      0.00      0.00      0.00      0.00      0.00     25.40      0.00      0.00      0.00      0.00
06      0.00      0.00      0.00      0.40     12.00      0.00      1.00      0.00      0.00      0.00     17.80      0.00
07     27.60      0.00      0.00     54.20      0.00     58.80      0.00      0.00      0.00     60.40     82.20      0.00
08      0.00      0.00      3.20      5.00      0.00      0.00     10.60      0.00      0.00      0.00      0.60      0.00
09      0.20      0.00      0.00      0.00      1.60      0.00     27.60      6.60      0.00      0.00     93.40      0.00
10      0.00      0.00      0.00      0.00     49.20      0.00     67.40      0.00      0.20      0.00      2.40      0.00
11      0.00      1.60      0.60      0.00      0.20      1.60      5.40      0.00      8.40      0.00     12.20      0.00
12      2.40      0.20      0.20      0.00      0.00      0.60     24.60      0.00     14.80      0.00      0.00      0.00
13      2.80      1.40      0.00      0.00      0.00      0.00      0.00      0.00      2.20     29.40      0.00      0.00
14      1.60      0.00      3.20      0.00      0.00      0.00      0.00      0.80      0.00      1.20      0.00      0.00
15      0.20      0.00     28.80      0.00      0.00      0.00      0.00      0.00     21.00      0.00      0.20      0.00
16      0.00      0.00      0.00      0.00      0.00      0.00      0.00      0.00      0.00      0.00      0.00      0.00
17      0.00      0.00      0.00      0.00      0.00     31.20      0.00      0.00     23.60      0.00      0.00      0.00
18      0.00      0.00      0.00      0.00      0.00      0.00      0.00      1.40      0.00      0.00      0.00      0.00
19      0.00      0.00      0.40      0.00      0.00      0.00      0.00     15.80      1.80      4.00      0.00      0.00
20      1.00      0.00      0.20      0.00      0.00      0.00      0.00      0.00      4.00     11.00      0.00      0.00
21      1.40      0.00      0.00      0.00      0.00      0.00      0.00      0.00      0.40      0.20      0.00      0.00
22      2.20      6.80      0.00      0.00      0.00     12.00      0.00      0.00      0.00      6.00      3.20      0.00
23      0.00      5.20      0.00      0.00      0.00      0.00      0.00      0.00      5.80      5.20      0.00      0.00
24      0.00      0.00      0.00      0.00      0.00     32.40      0.00      0.00      0.20      2.20      0.00      0.00
25     17.00      0.00      0.00      2.00      0.00     11.60      0.00      0.00      0.00      3.20      0.00      0.00
26      0.00      0.00      0.00     28.60      0.00      8.00     25.00      1.20      0.00      0.00      0.00      0.00
27     18.40      0.00      0.00      0.00      0.00      0.00      0.80      7.00      0.00      0.20      0.00      0.00
28      2.80      0.00      0.00      0.00      0.00      0.00      1.00      0.80      0.00     29.80      0.00      0.00
29      8.00    -99.00      0.00      0.00      0.00      4.00      0.00      0.20      0.80      0.00      0.00      0.00
30      0.00    -99.00      0.00      0.20      0.00      0.00      0.00      1.00      2.80      0.00      0.00      0.00
31      1.00    -99.00      0.00    -99.00    -99.00    -99.00      0.00      0.00    -99.00      0.00    -99.00      0.00
