AnChi               
   108.80800       14.986000              18
2011
01      0.00      0.40      0.20      0.00      0.00      0.00      0.00      2.80      0.80     18.20    200.40     20.60
02      0.00      0.60      0.00      0.00      0.00      0.00      0.00      0.00      6.00      9.00      0.20     14.40
03      0.00      0.20      7.40      0.00      0.00      7.80      0.00     11.20     18.40     13.80      1.60      3.20
04      4.80      0.00      1.20      0.00      0.00      0.00      0.00      0.00      2.20      0.60     21.00      0.00
05      0.00      0.00      1.60      0.00      0.00      0.00      0.00      4.60      9.80      6.60     24.20     12.20
06      1.60      0.20      0.00      0.00      0.00      0.00      0.00      0.00     18.40      0.20     27.20      8.60
07     35.60      0.00      4.80      0.00      0.00      0.00      0.00      0.00      0.00      0.00     82.00     38.20
08     10.40      0.00      1.20      0.20      1.00      0.00      0.00      0.00      8.40      0.00     10.60     10.60
09      2.00      0.20      0.00      0.00      0.00      0.00     22.20      0.00      1.20     72.80      0.00     21.20
10      2.80      0.00      0.20      0.00      0.00      3.00      0.00      0.00     29.40     54.80      0.00      4.80
11      0.00      0.00      0.00      0.00      0.00      0.00      2.60      0.00      2.40      0.60      0.00      2.20
12      0.00      2.40      0.00      0.00      0.20      0.00      3.80      0.00      1.40     83.00      0.20      0.20
13      0.00      2.60      0.00      0.00     10.40      0.00      0.00      0.00      0.60      0.00      0.40      0.00
14      0.00      1.60      0.20      0.00      0.00      0.00      1.20      3.20      0.00      6.60      0.00      0.80
15     15.60      0.20      0.00      0.00      0.00     15.40      0.00      0.00      2.40      0.60     24.80     19.00
16      1.80      0.00     11.00      0.00      0.00      7.20      0.00      3.40      0.00      2.40      6.40     22.20
17      0.40      0.00      0.00      0.00      0.00      0.00      0.00      0.00      0.00    499.20      0.00      7.20
18      0.60      0.00      1.00      4.00     25.00      0.00      0.00      0.00      4.60    131.40      0.00      2.80
19      0.20      0.00      0.00      0.00      0.00      9.00      0.00      0.20      0.00     65.00      0.20      4.80
20      1.60      0.20      0.00      0.00      0.60      4.00      0.00      0.00     38.60      3.00      4.40     14.00
21      0.80      0.40      0.00      5.20      0.00      3.40      0.00      0.00      0.20      0.20     19.20      8.40
22      0.00      0.00     20.40      0.00      0.00      0.00      0.00      0.00     66.20      0.00     10.20     13.80
23      0.40      0.00     30.00      0.00      0.00      0.00      0.00      0.00     98.20      0.00     10.60      4.40
24      1.60      0.00     11.80      0.00      0.00      0.40      4.40      0.00    196.40      1.00      9.40     15.40
25      0.20      0.00     13.20      0.00      0.00      0.00      0.00      0.00     16.00      5.40    164.80      0.00
26      3.20      0.00      1.60      0.00      0.00      0.00      0.00      0.00      2.40      3.00    192.40      0.00
27      3.60      0.00      0.40      0.00      0.00      0.00      0.00      0.20      0.00     65.00      3.80      4.60
28      2.00      0.00      1.80      0.00      0.00      0.00      0.00      0.00      0.00      2.00      0.20      1.60
29      7.40    -99.00      1.00      0.00      0.00      0.00      5.20      0.00      0.00      1.40      9.20      1.20
30      9.40    -99.00      0.00      0.00      0.00      0.00      0.20      3.00      4.00      4.60      3.00     26.20
31     10.20    -99.00      0.00    -99.00      0.00    -99.00     13.60      2.20    -99.00     11.00    -99.00     30.60
2012
01     20.00      0.40      0.00     19.20      0.00      0.00      5.00      0.00      0.00      0.00     17.60      0.00
02      8.80      3.20      0.00      4.80      0.00      0.00      1.60      0.40     61.60      0.40     10.00      0.00
03      0.00      8.40      0.00      0.00      0.00      0.20      0.00      2.40     42.20      1.40      1.60      0.40
04      5.40      0.20      0.20      0.00      0.00      0.00     11.40      4.80      0.80      0.00      0.20      0.00
05      4.00      0.00      0.00      0.00      0.00      0.00     12.80      0.00      4.80      0.00      0.00      3.40
06      0.40      0.00      0.00      0.00      0.00      0.00      0.00      0.00      4.80    112.40     11.00     22.60
07      2.80      0.20      0.00      0.00      0.00     11.00      0.00      0.00      0.20     41.00     31.00      0.00
08      0.00      1.60      0.00      0.00      0.00      0.00      0.00      0.00      0.20     25.20      4.60      0.20
09      0.00      0.60      0.00      0.00      0.00      0.00      0.00      0.00      0.40      1.20      0.00      0.20
10      2.80      0.00      4.40      0.00      0.00      0.00      0.00      0.00      3.20      7.00      0.20      0.00
11     16.00      0.20      0.20      0.00      0.00      0.00      0.00      0.00     27.40      3.00      0.80      0.00
12     18.60      0.00      0.20      0.00      0.00      0.00      0.00      0.00      1.20      0.20     13.20      6.60
13      3.40      0.00      0.00      0.00      0.00      0.00      0.00      0.00     13.80      0.60      8.20     10.60
14      2.60      0.00      0.00      0.00      0.00      0.00      0.00      0.00      3.00      0.20      2.40      6.00
15      4.80      0.20      0.00      0.00      0.00     10.80      0.00      0.00     16.60      0.00      5.40      2.40
16     23.40     36.00      0.00      0.00      0.00      0.60      0.00     18.20      0.00      0.00      6.60      0.00
17     14.00     48.40      0.00      0.20      0.00      9.20      0.00      0.00      0.00      0.00     70.80      0.00
18      1.40      6.60      0.00      0.00      0.00      0.00      0.00      0.00      3.20      2.20      1.20     10.60
19      0.20     31.40      0.00      0.00      0.00      0.00      0.00      0.00      2.00      4.40      0.00     13.40
20      0.00      0.00      0.80      0.00      0.00      0.00      0.00      0.60      0.00      0.00      0.00      2.20
21      0.00      0.20      0.00     14.40      8.40      0.00      2.80      4.60      0.00      0.40      0.00      1.40
22      0.20      0.00      0.00      0.00      0.20      0.00      0.00      0.00      0.00      5.00      0.20      0.40
23     13.60      0.20      0.00      0.20      0.00      0.00      0.20     28.20      0.00     15.00      0.00      2.80
24      4.40      0.00      0.00      0.00      1.00      0.00      0.00     18.00      0.60      2.20      2.80      1.00
25     11.40      0.00      0.00      0.00      2.80      0.00      0.00     24.40     27.80      0.60      0.20      3.80
26      0.00      0.00      1.60      0.00      6.00      0.00      0.00      0.00     23.60     74.00      0.00     24.80
27      0.00      2.00      0.00      0.00      2.20      0.00      0.00      2.00     69.40     41.80      1.80     42.80
28      0.20      0.00      0.00      0.00      0.60      0.00     22.40      0.00      8.60      0.00      0.00      7.00
29      3.00      0.00      0.00      0.00      0.00      0.00     17.60      6.00     26.20      0.00      0.00      4.00
30      8.40    -99.00      0.00      0.00      0.00      2.00      0.20      0.00      2.60     11.60      0.20      9.60
31      9.80    -99.00     73.80    -99.00      0.60    -99.00      0.00     12.20    -99.00     88.00    -99.00      0.00
2013
01      0.00      0.00      0.00      0.20     20.00      0.00     15.40      0.00      0.00     70.60      0.00      0.20
02      0.20      0.00      0.00      0.00      0.20      2.40      0.00      0.00      0.00    108.00      0.00      0.00
03      1.60      0.00     51.60      0.00      0.20      1.20      0.00      0.00      0.00    154.40      0.00      0.00
04      2.40      0.00      2.00      0.00      1.20      0.00      0.00      0.00      0.00     52.20      7.60      6.00
05      1.80      0.00      0.00      0.00     29.80      0.00      0.00      0.00      0.00      0.00     42.00      0.20
06     30.20      0.00      2.80      0.20      0.20      0.00      0.00      7.00     23.00      0.00    114.20      0.00
07     26.00      0.00      1.00      0.40      0.40      0.00      4.20      0.00     14.20      0.00     50.60      0.00
08      7.60      0.00      0.20      0.60      0.80      0.00      2.20      0.00      0.00      0.00      6.00      0.00
09      8.00      6.60      0.20      0.00      0.60      0.00      0.00      0.00      6.60      0.00     45.00      0.00
10      1.00      5.20      0.00     27.60      0.00      3.00      0.00      0.00     11.80      0.00     36.80      0.00
11      1.20      0.80      0.00     51.20     21.80      3.80      0.00     11.80      1.80      0.80      0.00      0.00
12      0.00      0.00      0.00      1.60      3.60      3.60      0.00      4.40     11.80      0.00      0.00      3.00
13      0.00      1.80      0.00      6.80      0.00      0.00      0.00      0.60     67.00      0.40      1.80      0.00
14      0.00      3.00      0.00      0.00      0.00      0.00      1.20      0.00     23.20     36.20      7.60      0.00
15      0.00      0.00      1.60      0.00      0.00      0.00      0.00      0.00     17.40     30.80    546.00      3.40
16      3.60      2.80      0.60      0.00      0.00      0.00      0.00      0.00      3.40      0.20    250.80      0.00
17      0.20      0.20      0.20      4.20      0.00      0.20      0.00      0.00     79.60      9.00     26.20      1.60
18      3.80      0.00      0.00      0.00      0.00      4.40      0.00      0.00     23.60     10.20      1.60      0.00
19      2.00      0.20      0.00      0.00      0.00      2.00      2.40      0.00      0.20     45.80     20.80      0.00
20      0.40      0.80      0.00      0.00      0.00     12.20      1.40      0.00     20.40     42.60      7.40      0.00
21      0.00      3.80      0.00      0.00      0.00      0.00      0.00      0.40     12.40      0.80      1.00      0.00
22      0.00      2.00      0.00      0.00      0.00      5.40      2.00      0.00     54.20      6.60      4.20      0.00
23      0.00     39.20      0.00      0.00      0.00      0.60     19.80      0.00      3.00      2.20      2.40      0.40
24      0.20     41.40      0.00      0.00      0.00      0.00      1.00      0.00      0.60      9.20      0.20      3.40
25      1.60      0.00      0.00      0.00      0.00      0.00      0.00      0.00     76.60      0.60      2.40      0.00
26      0.00      0.00      0.00      0.60      0.00      0.00      0.00     42.40      0.00      0.60      1.60      0.00
27      0.60      0.00      0.80      4.40      0.00      0.00      0.00      0.20      0.80      0.00      6.20      0.40
28      3.20      0.00      0.00      0.00      0.00      0.00      0.00      3.60     10.80      0.00     17.40      0.00
29      0.00    -99.00     25.60      0.40      0.00      0.00      0.00      0.00      0.00      3.20     33.40      0.00
30      7.60    -99.00      0.00      0.20      0.00      0.00     19.00      0.00      0.00      4.00      4.60      0.00
31      3.40    -99.00     29.20    -99.00      0.00    -99.00     15.60      0.00    -99.00      0.20    -99.00      0.00
2014
01      0.00      0.00      0.20      0.00      0.40      0.00      0.00     31.80      0.60      0.00      4.60    161.00
02      0.00      0.20      0.00      0.00      0.00      0.00      0.00      0.00      0.00      1.00      0.20     11.80
03      0.00      0.00      0.20      0.00     11.60      0.00      0.00      0.00      0.00      0.00      1.00      0.80
04      0.00      0.20      0.20     25.00      0.40      0.00      0.00     24.00      0.00      0.00      4.40      0.60
05      0.00      0.00      0.00      0.20     34.40      0.00      0.00      0.00      0.00     16.60     16.20     71.00
06      0.00      0.00      0.00      0.20      8.20      0.00      0.00      0.00      0.00      8.00      2.80     34.80
07      0.00      0.00      0.00      9.80      0.00      0.20     22.00      0.00      0.00    149.80      0.40      7.60
08      0.00      0.00      0.00      0.00      1.60      0.00      0.00      0.00      0.00     16.80      0.00     35.00
09      0.20      0.20      0.00      0.80      0.00      0.00      1.40      0.00      0.00      0.00      4.20     39.80
10      0.20      0.00      0.00      0.00     18.80      0.00      0.40      0.00      0.00      0.00      0.40     12.60
11     12.00      0.00      0.00      0.00      0.00      0.00     20.00      0.00      1.20      0.00      0.60     22.60
12     13.80      0.20      0.20      0.00      0.00      0.00      0.00      0.00     25.40     82.40     11.60     65.00
13      8.60      0.00      0.00      0.00      0.00      0.60      2.40      0.00      0.00     54.00     75.40    104.60
14     20.40      0.00      0.00      0.00      0.00      0.00      0.00    -99.00      0.00      0.60    134.20     14.00
15      0.00      0.00      0.20      0.00      0.00      0.00      0.00    -99.00      0.00      0.80     97.40      0.40
16      1.00      0.00      0.00      0.00      0.00      0.20      0.80    -99.00      0.00      9.00      3.40     35.40
17     17.40      0.00      0.00      0.00      0.00      0.00     10.40      0.00      0.00      9.40      4.40     19.00
18      6.60      0.00      0.00      0.00      0.00      0.00      0.60      0.00      0.00     97.60      4.60      0.60
19      1.20      0.40      0.20      0.00      0.00      0.00      3.00      0.00      0.00    115.20     46.80      0.00
20      9.60      0.00      0.00      0.00      0.00      0.00    -99.00      0.00      0.00     14.40     11.80      0.00
21      0.60      0.00      3.60      0.00      0.00      0.00     12.20      0.00     22.60      0.60      3.80     35.20
22      0.00      0.00     11.20      0.00      0.00     16.20      0.00      0.00      3.40     64.40      0.80     20.00
23      0.00      0.00      0.20      0.00      0.00      0.40      0.80      0.00      3.60     52.20      0.80      0.20
24      0.00      0.00      3.40      0.00      0.00      0.00      0.00      0.00      7.40      0.20      3.80      1.20
25      0.00      0.20      0.00      0.00      0.00      0.00      1.60      0.00      2.20     13.20      5.60      3.00
26      0.20      0.20      0.00      0.00      0.00      0.00      0.40     18.20      0.00     59.80      0.20      4.00
27      0.00      0.00      0.00      0.00      0.00      8.60    101.40      0.00      0.00      1.00      0.00      4.20
28      2.40      0.00      0.00     65.40      0.00      7.20     40.80     13.80      0.00      2.20      0.40      2.00
29      0.20    -99.00      0.00      0.00      0.00     17.40      0.00     16.00      0.00      0.00      2.80      7.20
30      0.20    -99.00      0.00      2.00      0.00      1.20      0.40      8.80      8.60      2.80    108.80      0.00
31      0.00    -99.00      0.00    -99.00      0.00    -99.00      0.00     29.00    -99.00      3.00    -99.00      2.60
2015
01      3.00     32.20      0.00      0.00      0.00      0.00      0.00     18.00     43.60      0.00     18.80      0.20
02      6.40      1.60      0.00      0.00      0.00      0.00      0.00      0.00      0.00     45.20     98.40      0.00
03      9.60      4.60      0.00      0.00      0.00      0.00      0.00      0.20      0.00     13.60     72.40      0.20
04      0.00      7.00      0.00      0.00      0.00      0.00      0.00      0.00      1.40     49.20    101.40      0.00
05      0.00      0.60      0.20      0.00      0.00      0.00     14.60      0.00      0.00      4.20    146.60      0.40
06      0.00      3.60      0.20      0.00      0.00      0.00     10.60      0.00      0.00      0.20     32.60     23.80
07      1.40      0.20      0.00      0.00      0.00      0.00     58.40      0.00      0.00      0.40      6.80     26.60
08     35.00      3.60      0.20      0.00      0.00     11.40      0.00      0.00      0.00      0.00      9.20     12.60
09     20.60     10.40      0.00      0.20      0.00      0.00      0.60      0.00      0.00      0.00      4.60     11.80
10     20.00      1.00      0.20      0.00      0.00      0.00     16.20      0.00     26.60      0.00      1.00      0.00
11      0.60      0.20      0.00      0.00      0.00      0.00     19.60      3.40      0.00      6.40     21.20      0.00
12      0.00      0.00      5.00      9.40      0.00      0.00      2.00      0.00     20.80      2.20      8.40      0.00
13      0.00      0.00      0.20      0.00      0.00      0.00      0.60      0.00     30.40      3.80      0.00      0.00
14      0.00      0.00      0.00      0.00      0.00      0.00      0.00     32.40    178.40      3.20      0.00      0.00
15      0.00      0.00      0.00      0.00      0.00      0.00      0.00      0.00      0.00     53.60      0.00      9.40
16      0.00      0.00      0.00      0.00      0.00      0.00      0.00      0.00     12.40      0.00      0.00     31.00
17      6.60      0.00      0.00      0.00      7.20      0.00      0.20      0.00     21.60      0.00      0.00     11.00
18     16.40      0.00      0.00      0.00      0.00      0.00      0.40      0.00      0.00      0.00      0.00      1.20
19      0.00      0.00      0.00      0.00     35.60      0.20      3.40      0.00      0.00      0.00      2.00     37.20
20      0.00      0.00      0.00      0.00      0.00     14.60      0.20      0.00      0.00      0.00      5.00     65.40
21      0.00      0.00      0.00      1.40      0.00     47.40      0.00      0.40      0.00      0.00      7.20     30.60
22      0.00      1.00      0.00      7.60     10.80      1.80      0.00     17.40      0.00      0.00      2.20      1.60
23      0.20      0.00      0.00      0.00      0.00      1.40      0.00      0.60      0.00      0.00     13.00      0.00
24      0.00      0.00     61.40      2.20      0.00      0.00      0.00      1.20      0.40      0.40     31.80      0.00
25      0.00      0.00     69.60      0.20      0.00      0.00      0.00      6.60      0.00      0.00    106.00      0.40
26      0.00      0.00      0.00      0.20      0.00      0.00      0.00      2.00      0.00      2.40     42.40      0.00
27      0.00      0.00    103.60      0.00      0.00      0.00      0.00      0.00      0.00      0.00     64.20      0.00
28      0.00      0.00      0.00      0.00      0.00      0.00      0.00      0.00      0.00      0.00    166.60      0.00
29      0.00    -99.00      0.20      0.00      0.00      0.00      0.00      0.00      0.00      0.00      6.00      8.60
30      0.00    -99.00      0.00      0.00      0.00      0.00      0.00      0.00      0.00      0.20      4.80     13.20
31      1.00    -99.00      0.00    -99.00      0.00    -99.00      0.00      0.00    -99.00     33.80    -99.00     10.00
2016
01      6.00      3.80      0.00      0.20      0.00      0.00      0.00      0.00      0.00      0.20     84.00     91.00
02      2.00      0.00      5.60      0.00      0.00      0.00      0.00      0.00      0.80      0.00      8.80    162.00
03      1.40      2.60      0.00      0.00      0.00      0.00      0.00      0.00      0.00      0.60     17.00      6.80
04      0.00      3.20      0.20      0.00      0.00    -99.00      0.00     44.80     25.20      0.00      0.80     45.20
05      0.00      2.00      0.20      0.00      0.00      0.60      0.00      0.20      2.00      0.40      4.20    203.60
06      0.00      0.20      0.00      0.00      0.00      1.80     31.20      0.00      0.20      7.20      1.00    117.60
07     11.20      0.00      0.00      0.00      0.00    -99.00      0.00      0.00      0.00      6.60     32.20    172.80
08     19.00      0.00      0.00      0.00      0.00      3.40      0.00      0.60      0.00      2.80     23.00     11.80
09     43.20      0.00      0.20      0.00      0.00      0.00      0.00     12.40      0.00      0.00      9.00      0.00
10      0.00      0.00      0.80      0.00      0.00      0.00      5.80     15.80      0.00      3.40     12.80      0.00
11      0.00      0.00      0.40      0.00      0.00    -99.00      0.00      2.00      3.40     59.80     47.40     15.80
12     32.80      0.00      0.00      0.00      0.00     12.00      0.00      0.00    358.40      2.80     26.00     39.60
13     27.80      0.20      0.00      0.00      4.20      0.00      0.40      0.00     25.40      0.00      5.60     65.00
14      0.00      0.20      0.00      0.00      0.00    -99.00      0.00      0.00      6.00      0.00      0.20    144.20
15      0.20      2.40      0.00      0.00      0.00      0.00      0.00      0.00      0.00     58.20      0.00    264.00
16      0.00      2.40      0.00      0.00      0.00      0.60      0.00      0.00      0.00     75.80      4.00    176.00
17      0.20      0.00      0.00      0.00      0.00    -99.00      0.00      0.00      0.00      0.00     13.00     21.20
18      0.00      0.00      0.00      0.00      0.00      0.00      0.00      1.60      0.80      0.00      1.00      4.20
19      0.00      0.00      0.00      0.00      0.60    143.20      0.00      0.00     35.60      0.00     54.40     21.60
20      0.00      0.00      0.00      0.00      0.00    -99.00      0.00      0.00     10.80      0.00      5.60      0.40
21      0.00      0.00      0.00      0.00      0.00    -99.00      0.00      0.20     23.00      0.00     10.80      0.60
22      0.00      0.00      0.20      0.00     11.40    -99.00      0.00     14.60     65.00      0.00      2.20      8.20
23     12.60      0.00      0.00      0.00      0.00    -99.00      0.00      5.20      2.80      2.60      0.20     16.60
24     28.60     16.60      1.40      0.00      0.00    -99.00      0.00     47.80      0.20      0.00      0.20     11.20
25      4.20      6.20      1.00    -99.00     50.40    -99.00      0.00    118.20      4.40      9.80      0.00      0.00
26      0.40      3.80      1.20      0.00      0.00    -99.00      0.00     13.40      3.60     24.60      0.20      0.60
27      0.20      0.00      9.40      0.00      0.00    -99.00      1.00      0.40      0.00      2.40      0.00      9.80
28      1.80      0.00      0.00      0.00      0.00      6.00      0.00     11.00      0.20     10.80      5.00      0.40
29      0.00      0.20      0.00    -99.00      1.40    -99.00      0.00      6.80      2.60      2.40     56.80      4.20
30      0.00    -99.00      0.00      0.00      0.00    -99.00      0.00      9.80      7.80     80.40    269.00      2.80
31      0.00    -99.00      0.00    -99.00      0.00    -99.00      0.00      0.00    -99.00     24.00    -99.00     21.60
2017
01     22.80     16.20      2.20      0.00      0.00      0.00      0.00      0.00      0.00      2.80     18.00     27.40
02      7.20     62.40      0.60      5.00      0.00      0.00      0.00      0.00      0.00     29.00      0.00    110.60
03      4.20     47.40      0.00      2.60      0.00      0.00      0.20      0.00      1.40     19.20     85.20     42.00
04      1.80      1.00      0.00      0.00      0.00      0.00      7.00      0.00      1.80      1.20    133.00     15.20
05      0.00      0.00      0.00      0.00      0.00      0.00      0.20      0.00     46.80      3.00    280.00      2.20
06      2.00      0.00      0.00      0.00      0.00      0.00      0.40      0.00      0.00      2.20    112.60      0.40
07      0.00      0.00      0.00      0.00      0.00      5.60      0.40      0.00      0.00      0.00      0.00      6.40
08      0.80      0.20      0.00      0.00      0.00      4.00      0.20      0.00      0.00      7.40    133.00      4.40
09      0.80      7.40      0.00      0.00      0.00      0.00      0.00      7.20      0.00     13.00     27.60      0.00
10      8.60     32.40      0.00      0.00      0.00     15.60      4.20      0.00      0.00      0.00      3.00      0.00
11      1.60     17.00      0.00      0.00      5.40      0.00      0.00      0.00      0.00      4.80     11.40      1.00
12      0.00      3.60      0.00      0.00      0.00     27.60     32.20      0.00      0.00      0.60      0.20      0.00
13      2.80      4.20      0.00      0.20      0.00      0.00     15.20      0.00      3.00     62.20      0.00      0.00
14     13.00      1.60      0.00      0.00      0.00      0.00     13.80      0.00     35.60      2.60      0.00      0.60
15     17.00      1.20      0.00      0.00      0.40      0.00     17.00      0.00      1.40      0.00     14.80      4.20
16      5.00      0.40     24.80      0.00      6.00      0.00      1.80      0.00      2.60      0.00     10.00     14.60
17      1.20      0.00      0.60      0.20      6.40      0.00      0.00      0.00      1.20      0.00      0.20     20.00
18      0.00      1.00      6.40      0.00     11.20      0.00      4.60     15.80      0.00     34.40      0.20      0.00
19      0.00      0.20      0.00      0.00      1.20      0.00      2.20      2.40      0.00     72.20     55.00      0.00
20      0.00      0.20      0.00      0.00      0.40     13.00      0.00      0.00      0.00      0.20     10.80      0.00
21      5.00      0.00      0.00     29.80      0.00      0.00      0.00      0.00      0.00      0.00     51.80      0.00
22     10.80      0.00      0.00      0.80      0.00      0.00      0.60      0.00      2.80      2.40     51.00      0.00
23     13.20      0.00      0.00      0.00      0.00      0.00      0.00      0.00      3.00     18.80     35.40      0.00
24     10.20      9.40      0.00      1.60      1.80      0.00     15.20      0.00      0.00     27.00     48.00      3.20
25     22.60      3.60      1.00      3.20      2.20      0.00      2.60      4.20      3.40     74.00     23.80     20.60
26     10.00      0.80     26.60      0.00      0.00      0.00      1.80      7.20      0.20     10.80     32.40     48.40
27      0.20      4.00     33.60      0.00      0.00      0.00     20.40     40.60      0.20      1.00     10.80     31.00
28      0.00      2.80      2.00      0.00      8.00      0.00      4.00      0.20     33.20      0.20     17.40      7.00
29      0.00    -99.00      0.20     11.00      0.20      0.00      0.80     14.20      1.20      0.00      0.60     10.00
30      0.00    -99.00      0.20      0.00      0.00      0.00      0.00      0.80     35.80      5.20      4.40      4.80
31      0.20    -99.00      1.60    -99.00      0.00    -99.00      0.00      9.60    -99.00    176.00    -99.00      8.60
2018
01      4.00      0.00      0.00      0.00      0.00      0.00     10.00      0.40      0.00      3.00      0.00      0.40
02      2.40      0.00      0.00      0.00      0.00     14.80      0.00      0.20      0.00     94.60      0.00      0.20
03      0.60      0.00      0.00      0.00      0.00    148.80      0.00      0.00      0.00     92.60      0.00      0.40
04     38.60      0.00      0.00      0.20      0.00     31.80      0.00      0.00      0.00     96.80      1.60      0.20
05      5.40      1.60      0.00      0.00      0.80     17.40      0.00      0.00      0.00      0.20      0.20      0.00
06      0.00      0.00      0.00      0.20      3.00     25.00      0.00      1.60      0.00      0.00      3.60      0.20
07      0.00      0.00      0.00     23.20      0.00      6.40      0.00      3.00      0.00      0.00     23.80     10.80
08      0.00      0.00      0.00      2.60      0.00     29.80      0.00      5.00      0.00      0.00     30.80      6.40
09      9.60      0.00      2.40      0.40      0.00     25.00      2.20      3.80      0.00      0.00     10.20    212.40
10      0.00      0.20      0.40      0.20      4.40      0.20     39.60      0.00     35.00      4.40      1.80     48.20
11      0.00      5.60      0.00      0.00      0.00      0.00      8.00      0.00     13.80     12.00      0.20     20.00
12      5.00      4.60      0.40      0.00      0.00      0.00     18.60      0.00     10.00     89.60      0.60     91.80
13      1.80      0.00      0.00      0.00      0.00      0.00     25.80      0.20      1.20     31.20      0.00     54.20
14      1.40      0.20      8.80      0.00      0.00      0.00     13.20      0.40      0.00      0.00      0.20     83.60
15      1.20      0.20     27.40      0.20      0.00      0.40      3.00      0.00      4.60      0.00      0.00     21.40
16      0.00      0.20      0.00      0.00      0.00      0.00      0.20      0.00     65.60      0.00      0.00     11.80
17      0.00      0.00      0.00      0.00      0.00     24.60      0.20      0.00     12.40      0.00      0.00      9.00
18      0.00      0.00      0.20      0.00      0.00      0.00      0.00      0.00      0.00      0.20      0.20      1.00
19      0.20      0.40      0.00      0.00      0.00      0.00      1.80      0.00      5.00      3.20      7.20      0.20
20      1.00      0.00      0.00      0.00      0.00      0.00      0.00     18.20      7.80     27.00      0.20      0.00
21      0.60      0.20      2.20      0.00      0.00      0.00      0.00      1.80      6.40     20.20      0.00      0.00
22      0.80      0.00      0.80      0.00      0.00      0.00      2.80      0.00      2.00      0.80     12.20      0.20
23      0.80      0.60      0.00      0.00      0.00     21.40      4.80      0.00      1.40      1.80     10.80      1.60
24      3.00      0.20      0.00      0.00      0.00      0.20      0.00      0.00      0.00      4.40     32.40     25.60
25     10.00      0.00      0.00      0.00      1.60      0.00      0.60      0.00      0.00      0.00    109.60      4.00
26      2.20      0.00      0.00     15.40      0.00      2.60      0.00      0.00      0.00      0.00     56.60      1.60
27     12.00      0.00      0.00      0.00      0.00      0.00      0.60      0.00      0.00     15.80     14.00     11.80
28      0.20      0.00      0.00     10.80      0.00      0.00      0.60      0.00      4.80     22.60    128.20     59.20
29      5.60    -99.00      0.00      0.00      0.00      0.60      0.00      0.00      0.80      0.20     41.40     69.60
30      0.00    -99.00      0.00      0.00      0.00      0.00      0.00      0.00      7.80      0.00      1.40     26.60
31      0.00    -99.00      0.00    -99.00      0.00    -99.00      0.00      0.00    -99.00      0.00    -99.00     33.20
