BaDon               
   106.43200       17.757999               6
2011
01      1.00      4.20      0.00      0.00      0.00      1.80      0.00      0.20      0.00      9.60    103.20     11.20
02      0.00      2.40      0.00      0.00      0.00      2.00      1.60      0.00     12.40      0.60      4.40      9.20
03      0.00      1.40      3.60      0.00      0.00      4.00     19.20      1.40      0.00     41.20     12.00      2.20
04      2.20      1.20      1.60      0.00      0.00     22.40      0.00      0.00     99.00      2.00     18.60      0.00
05      3.80      0.00     13.40      0.00      0.00      0.00      0.00      0.00      5.00      9.20     90.20      5.80
06      2.20      0.20      0.00      0.00      0.00      0.00      0.00      0.00     49.60      3.00     86.00      9.20
07     38.80      0.00      1.60      0.00      0.00      0.20      7.00      0.00      0.00      1.20     99.00     20.40
08     10.40      0.00      0.80      2.20      2.40      1.40      3.20      0.00      1.60      0.80     18.20     21.80
09      4.60      0.20      0.00      0.20     10.40      0.00      0.20      0.00     59.00     66.40      0.00     41.80
10      4.40      0.00      0.00      0.00      0.00     33.20      6.60      0.00      8.00     50.60      0.00     23.80
11      0.00      3.80      0.60      0.00      0.00      0.40     28.00      0.00      7.20    133.80      0.00      3.40
12      0.00      5.60      0.00      0.00      2.00      8.80      2.40      5.40      7.40     54.40      0.00      0.80
13      0.00      6.20      0.00      0.00     32.60     23.80      0.00      0.00      3.60     57.40      0.20      0.20
14      0.00      1.00      0.00      0.00      0.40      0.60      0.40      0.00      0.00     12.60      0.40     12.60
15     12.00      1.20      0.00      0.00      0.00      5.40      0.20      2.60      0.60     14.60     44.60     37.40
16      1.40      0.00     20.80      0.00      0.00      0.00      0.00      0.00      0.00      0.00     19.00     88.40
17      0.60      0.00      7.80      0.00      0.00     29.20      0.00      0.40      0.00     81.00      0.60     35.80
18      2.20      0.00      0.40     32.20      1.00      3.80      1.60      8.20     20.40    163.60      0.00     22.00
19      1.60      0.00      0.00      0.00      0.00      6.40      0.00      7.20      0.20    243.00      0.00      4.80
20      0.60      0.00      0.00      4.60      0.00      6.80      0.00      0.40    111.60      9.20     14.20     16.00
21      0.60      0.00      0.00      0.00      0.00      3.00      0.00      0.00      3.80      1.00     29.40     33.00
22      2.80      0.00      0.60      0.00      1.80      0.00      0.60      0.00     22.40      0.00     58.00     50.80
23      7.60      0.00     53.00      0.00     10.20      0.00      0.20      0.00     55.40      0.00     38.80     38.80
24      6.00      0.00     22.20      0.00      1.40      2.80      5.20      0.00    118.20      4.40     32.20     14.40
25      1.00      0.00     17.60      0.00      0.40      1.00      6.40      0.00     12.00      9.20    470.40      0.20
26     18.20      0.00     16.00      0.00      1.60      0.00      0.00      0.00      0.20     21.00    134.60      0.00
27     28.60      0.00     10.60      0.00      3.20      0.00      0.00      0.00      0.00     78.80     12.00     14.60
28     15.20      0.00     12.20      0.00      0.00      0.00      1.20      2.40     18.20     19.80      1.00      8.00
29      8.20    -99.00      5.00      0.00      0.00      0.60      0.00      0.60      0.00      5.40      7.40      2.00
30     12.20    -99.00      0.60      0.00      2.60      0.00      0.60      0.00      0.00     12.00      0.20     40.20
31     34.20    -99.00      0.00    -99.00      1.40    -99.00      4.20      0.60    -99.00     23.60    -99.00     66.60
2012
01     13.20      1.60      0.00     48.40     16.80      0.20     25.60      0.00      0.20      0.00     48.40      0.00
02     13.80      2.40      0.00      7.80      0.00     14.40      1.20      0.20      5.60      2.20      8.40      0.00
03      0.00      9.00      0.00      0.00     24.20      0.00      0.00      0.00     30.40      7.00      0.00      0.00
04      4.40      4.60      0.00      0.00      0.00      0.00     21.40      0.00      6.20      0.00      3.80      0.00
05      8.40      0.20      2.60      0.60      0.00      9.00     15.20      0.00     11.80      3.20      0.00      0.00
06      1.00      0.00      0.00      0.60      0.00      1.00      0.00      0.00      4.00    122.60     13.80      1.40
07      6.40      0.00      0.00      0.60      0.00     23.60      7.20      0.80     17.40     91.20     17.20      0.00
08      2.60      5.40      0.00      0.00      0.00      0.00      0.00      0.00      0.00     76.60      4.40      0.00
09      0.20      0.00      0.00      0.00     37.00      0.00      6.20      0.00      0.00      7.20      0.00      2.20
10      3.60      0.00      1.40      0.00      0.00      0.00      0.00      0.00     18.40      5.00      0.00      0.00
11     24.60      0.20      0.40      0.00     17.60      0.00      0.00      0.00     58.40      1.80     33.60      0.00
12     52.20      1.00      1.00      0.00      0.00      0.00     11.40      0.00     23.00      5.60     28.20     37.60
13      5.00      0.00      0.20      0.00     15.80      0.00      0.20      0.00     20.80      0.00     16.60     54.00
14      7.00      0.00      0.00      0.00      0.00      0.00      0.00      0.00     53.60      0.00      5.80    102.60
15      1.40      0.00      0.00      0.00      0.00      0.00      0.00      8.20     19.60      0.00     33.00      1.00
16      7.60     60.00      0.00      0.00      2.80      0.00      0.00      1.20      0.20      0.00     10.80      0.00
17      4.40     36.20      0.00      5.40      0.00     12.20      0.00      0.00      0.20     17.60     33.00      0.00
18      1.80      2.80      0.00      1.40      0.00      0.00      0.00      0.00      0.00      5.40      7.00      5.20
19      0.00     23.80      0.00      0.00      0.00      0.00      0.20      0.00      0.00      0.20      0.00     31.20
20      0.00      2.80      3.80      0.00      1.20      0.00     11.80     33.40      0.00      0.00      0.00      9.00
21      0.00      1.60      0.00     14.40     16.40      0.00      1.80     12.20      0.00      8.40      0.00      0.00
22      0.00      0.00      0.00      0.00      0.00      0.00      0.00     11.00      1.00      8.80      0.00      4.20
23     16.80      0.20      0.00     11.80      0.00      0.00      0.00     10.40      0.00     46.60      0.00     51.60
24      3.80      0.00      0.20      0.00      0.00      0.00      0.20     50.60      0.00     21.20      2.60      9.60
25      4.60      0.00      0.00      0.00      9.80      0.00      0.60     22.20      0.00      0.80      0.00     22.20
26      0.60      0.00      0.20      0.00      3.00      0.00      0.00      0.60     11.40     37.20      0.00     59.40
27      0.00      2.60      1.00      0.00     30.40      0.00      0.00     16.40     56.00     25.40      1.00     56.60
28      0.00      0.00      0.00      0.00     10.40      0.00      0.00      0.00     12.40      0.00      0.00     14.60
29      6.20      0.00      0.00      0.00      0.40      0.20      0.00      0.00     39.80      2.40      0.00     24.20
30     12.80    -99.00      0.00      1.40      0.00      1.20      2.60      0.00      1.00      2.60      0.00     24.00
31     19.20    -99.00    105.60    -99.00     37.00    -99.00      0.00      4.20    -99.00     91.00    -99.00      0.00
2013
01      0.00      0.40      0.20      0.20      2.00     11.00     12.20      0.60      0.00     68.00      0.00      0.60
02      0.00      0.00      0.00      0.00     12.20      2.00      8.00     14.80      0.00     87.00      0.00      0.00
03      0.80      0.40     72.80      0.00     33.20      0.00     11.20      0.00      0.00    106.80      0.00      0.00
04      4.80      0.00     28.00      0.00      2.20      0.60      0.00     33.60      0.20     89.80      0.60      6.60
05      5.40      0.00      0.20      0.00    135.20      0.00      0.00      5.40      0.00      3.60    118.40      0.20
06     40.60      0.00     11.00      0.00      0.80      7.00     23.80      0.00      0.00      0.00    162.00      0.00
07     23.00      0.00      2.20      1.00      1.40      0.00      0.20      0.00      0.00      0.00    147.00      0.00
08     19.40      0.00      0.20      0.20      1.40      0.00      0.80      0.00      0.00      0.00     20.60      0.00
09     15.00      2.80      0.00      0.40      1.20      0.40     32.60      0.00      0.00      0.00     41.40      0.00
10      8.80      3.40      0.00     35.60      0.00      0.00      2.00      0.00      0.00      0.00     15.60      0.00
11      0.80      0.20      0.00     30.40     35.20     19.80     15.80      0.00      0.00      0.20      0.20      0.00
12      0.00      0.20      0.00      9.00      4.20     75.80     34.20      0.00      0.00      1.60      0.00      0.40
13      0.00      2.60      0.20      2.40      0.20     10.40      0.20      0.00      0.00      0.40      6.80      0.00
14      0.00      9.80      0.60      0.00      0.20      6.00      0.60      0.00      0.00     25.40     18.00      0.20
15      0.00      0.20     27.00      0.00      3.80      0.60      0.00      0.00      0.00     17.60    751.80      1.60
16      3.60      3.00      1.60      0.00      0.00     11.20      0.00      0.00      0.00      0.20    100.40      1.00
17      0.20      0.00      0.00     26.80      0.00      7.80      0.20      0.00      0.00     29.80    100.60      3.40
18      9.20      0.00      0.00      1.80      0.00      5.80      0.20      0.00      0.00      8.60      8.00      0.40
19      2.00      0.00     20.20      0.00      0.00      7.00      2.80      0.00      0.00     39.00     21.40      0.00
20      2.80      1.40      0.40      5.40      0.00      7.00     11.60      0.00      0.00     44.00      3.80      0.00
21      0.40      5.20      0.00      0.20      0.00      2.40      0.00      0.00      0.00      8.20     14.40      0.00
22      0.00      5.80      0.00      0.00      0.00      4.60     24.20      0.00      0.00      7.00     44.80      0.00
23      0.00     18.40      0.00      0.00      0.00      6.00     31.20      0.00      0.00      1.00     47.00      0.20
24      0.00     56.00      0.00      0.00     73.00      0.00      0.00      0.00      0.00      3.40      0.60      2.20
25      4.20      0.20     10.00      0.00      0.00      0.00      0.00      0.20      0.00      0.40     11.80      0.00
26      0.00      0.00      0.00      2.00      0.00      0.00      0.00      0.20      0.00      0.40      4.20      0.00
27      4.20      0.00      0.00     22.80      0.00      0.00      0.00      0.00      0.40      0.40     30.20      0.80
28     13.40      0.00      0.00      0.00      1.80      1.80      0.40      0.00      0.80      0.20     26.80      0.00
29      0.40    -99.00      3.20      2.80      0.00      0.00      0.00      0.00      0.20      0.00    103.20      0.20
30      6.00    -99.00      0.00      0.40      0.00      0.00     19.40      0.00      0.20      4.80      3.40      0.00
31      4.60    -99.00     21.80    -99.00      0.00    -99.00      0.20      0.00    -99.00      0.00    -99.00      0.00
2014
01      0.20      0.00      0.00      0.20     13.80      0.00      0.00      0.00     16.20      0.00     17.20    160.60
02      0.00      0.00      0.00      0.00      0.40      0.00      0.00      0.00      1.20      1.40      0.00      6.00
03      0.00      0.00      0.20      0.60      0.80      0.00     13.20      0.80      0.00      0.00      0.00      0.80
04      0.00      0.00      0.00     17.00      9.60     18.40      1.40      0.40      0.00      0.00      1.40      1.00
05      0.00      0.00      0.00      7.60      0.00      0.00      3.60      0.00      0.00     49.40     25.80     42.40
06      0.00      0.00      0.00      0.40      0.00      0.00      1.80      0.00      0.00     12.20     21.20     57.20
07      0.00      0.00      0.00     19.60      0.00      0.00      0.00      0.60      0.00     71.80      0.20     10.20
08      0.00      0.00      0.00      1.60     11.80      0.00     18.60      0.00     31.00     36.20      0.60     24.60
09      0.60      0.00      0.00      1.20      0.00      0.00      1.20      0.00      2.40      0.00      4.20     42.40
10      1.00      0.00      5.20      0.00      0.40      0.00      0.00      0.00      0.40      0.20      0.00      8.60
11     23.20      0.00      0.20      0.00      0.00      0.00      0.20      0.00      1.20      0.00      0.20     16.60
12     13.40      1.40      0.00      0.00      0.00      1.00      1.20      0.00      0.00     40.60     23.00     41.20
13     38.80      0.00      0.00      0.00      0.00      1.00     25.80     12.80      0.20     78.80     96.00     38.40
14     15.60      0.00      0.00      0.00      0.00      0.20      0.40    -99.00     27.60      3.60    132.00     20.00
15      0.00      0.00      3.80      0.00      0.00      0.00      0.00    -99.00      0.00      3.00     90.00      1.40
16      1.60      0.00      0.00      0.00      0.00      0.00      0.60    -99.00      0.60     12.80     20.80     35.80
17     23.20      0.00      0.00      0.00      0.00      0.00      0.20      0.00      4.20     14.60      7.40     11.60
18      8.20      0.00      0.00      0.00      0.00      0.00      7.60      0.00      0.20    175.20      9.80      2.00
19      2.40      0.00      0.00      0.00      0.00      0.00      2.00      0.00      0.00     49.80     25.00      0.60
20     17.00      0.00      0.00      0.00      2.40      0.00    -99.00     12.80      0.00      5.40     11.80      0.20
21      0.20      0.00      3.20      0.00      0.00      0.00     53.80     14.20      0.20     12.80      0.80     26.20
22      0.00      0.40      8.40      0.00      0.00      6.80     56.20     21.80      0.00     63.80      0.40     31.20
23      0.00      8.80      3.80      0.00      0.00      0.00      0.00      0.00     25.20     27.60      0.60      3.40
24      0.00      0.00      3.60      0.00      0.00      0.00      0.00      0.00     27.40      3.80      0.60     20.60
25      0.00      0.00      0.00      0.00      0.00      0.00      0.00      0.00      0.00      6.00      6.40     18.00
26      0.20      0.00      0.00      0.00      0.00      0.00      2.00     19.60      0.00     74.00      0.00     16.80
27      0.00      0.00      0.00      0.00      0.00      0.00     29.20      3.40      0.00      4.40      0.00     13.80
28      0.00      0.00      0.00      7.00      0.00     62.20     78.80     30.00      0.00      1.60      0.00     38.40
29      0.20    -99.00      0.00     63.40      0.00     14.60     11.20     11.40      0.00      0.00      0.00      4.20
30      0.00    -99.00     11.20     11.20      0.00      0.20      4.00      1.80      0.00      4.20    102.20      0.00
31      0.00    -99.00      0.00    -99.00      0.00    -99.00     31.20     20.20    -99.00      7.20    -99.00      0.80
2015
01      4.00     26.80      0.00      0.00      6.20      0.00      0.00     20.00      0.00      0.00     10.20     18.20
02     16.80     22.60      0.00      0.00      0.20      0.00      0.00     34.60      0.00     57.20    194.80      0.00
03     16.20      7.00      0.00      3.60      0.00     13.40      0.00     26.80      0.00      4.40     37.60      0.00
04      0.00      3.40      0.00      0.00      0.00      0.00      0.00      3.60     32.60     46.80     58.60      1.60
05      0.00      2.60      0.00      0.00      0.00      0.00      0.00      0.00      0.00     21.80    131.00      0.00
06      0.00      3.00      0.00      0.00      0.00      0.00     51.20      0.00      0.00      2.40     43.40     39.80
07     18.60      2.20      0.00      0.00      0.00      0.00     33.80      0.00      0.00      0.00     18.80     31.80
08     29.00      1.60      0.00      0.00      0.00      6.80      1.60     17.80      0.00      0.40      5.40     28.00
09     12.60      4.80      0.00      0.00      0.40      0.00     13.20      0.20     10.00      0.20      2.00      1.20
10     38.20      1.40      0.00      0.00      3.20      2.00     50.40      0.00      6.20      1.20      0.20      0.00
11      5.60      0.00      0.00      0.00      0.00      0.00     10.60      2.40      0.60      0.00     36.60      0.00
12      0.00      0.00      0.20      4.80      0.00      0.00      0.00      1.60     13.00      0.00     19.60      0.00
13      0.00      0.00      0.00      0.20      0.20      0.00     12.40      0.00     15.80      0.00      0.00      0.00
14      0.00      0.00      0.00      0.00      0.00      0.00      0.20      2.00    119.20      4.20      0.00      0.00
15      0.00      0.00      0.00      0.00      5.80      0.00      0.00     10.60      2.20     32.00      4.00     14.20
16      0.00      0.00      0.00      0.00      4.80      0.00      0.00      0.00      6.00      0.00      0.00     50.00
17     19.60      0.00      0.00      0.00      0.00      0.60      0.00     19.00      1.60      0.00      0.00      4.40
18     15.20      1.00      0.00      0.00     12.00      0.00      0.00      0.00      0.00      0.00      0.00      0.40
19     11.40      0.20      0.00      0.00      1.00      0.00      1.80      0.00      0.00      0.00     26.00     27.20
20      0.00      0.00      0.00      0.00      0.00     17.40      0.20      0.00      0.00      0.00     36.40     69.00
21      0.00      0.00      0.00      1.20      0.00     39.00      0.00     20.20      0.00      0.00      0.40     52.60
22      0.00     27.20      0.00      0.60     44.20      1.00      0.00      3.20      0.00      0.00      4.60     11.00
23      0.00      0.00      8.00      0.00      0.00      0.40      0.00      0.20      9.00      0.00     22.80      0.20
24      0.00      0.00    156.80     34.00      0.00      1.00      0.00      4.00      0.00      0.00     56.20      0.00
25      0.00      0.00     60.60      0.00      3.20      0.00      0.00     18.60      0.00      0.00     73.00      0.40
26      0.00      0.00    241.80      0.20      0.00      0.00      0.00      0.00      0.00      2.80     88.80      0.00
27      0.00      0.00     60.80      0.00      0.00      0.00      0.00      1.20      0.00      0.00     66.40      0.00
28      0.00      0.00      1.40      0.00      0.00      0.00      0.00      0.00      0.00      0.00    141.00      0.00
29      0.00    -99.00      0.00      0.00      0.00      0.00      0.20      0.00      0.00      0.00      7.60      9.40
30      0.00    -99.00      0.00      0.00      0.00      0.00      0.00      2.80      0.00     14.40     10.80     15.40
31      4.80    -99.00      0.20    -99.00      0.00    -99.00      0.60      0.00    -99.00     17.60    -99.00     21.80
2016
01      7.00      0.00      0.00      0.00     18.80      0.00      0.00      0.00      0.00      0.00    179.40    137.60
02      3.80      0.00      6.60      0.00      6.40      0.00      0.00      0.00      0.00      0.00    110.20    139.60
03      1.20      2.60      0.20      0.00      3.40      3.60      0.00      0.00      0.00      2.00     68.40     37.60
04      0.00      3.20      0.00      0.00      0.00     21.60     10.00      0.60      7.20     83.80     18.60    165.60
05      0.00      3.80      0.00      0.00     12.80      5.20      2.80      7.40      0.00     28.00      5.20    183.00
06      0.00      0.00      0.00      0.00     12.80      0.00      0.00      0.20      0.00     13.60      1.40    167.40
07     10.60      0.00      0.00      0.00      0.00     21.80      0.00      0.00      0.00      0.60      0.40    138.00
08      2.20      0.60      0.00      0.00      0.00      0.00     18.40      0.00     30.20      4.00      7.60    146.60
09      5.20      0.00      0.00      0.00      0.00      0.00      0.20     23.60      0.00      0.00     43.60      0.00
10      0.00      0.00      0.00      0.00      0.00      0.00      0.00      4.00      2.20      0.00     15.60      0.00
11      0.00      0.20      0.00      0.00      0.00      0.00      0.00      0.60      6.00     34.60     21.00     32.60
12      0.00      0.00      0.00      0.00      0.00      0.00      0.00      0.00    139.80      4.20     12.60     86.80
13      0.20      0.00      0.00      0.00      0.40      0.00      0.00      0.00     26.60      1.00      1.60     63.00
14      0.00      0.00      0.00      0.00      0.00      0.00      0.00      0.00     42.40      1.40      0.00     84.60
15      0.00      0.80      0.00      0.00      0.00      0.00      0.00      0.00      3.60     64.80      0.20    394.00
16      0.20      8.20      0.00      0.00      0.00      2.00      0.00      0.00      0.40     32.00      3.20    232.60
17      7.80      0.00      0.00      0.00      0.00      4.40     11.20      0.00      0.00      0.20     42.60     44.40
18      0.00      0.00      0.00      0.00     13.80      0.00      0.00      2.60      1.20      0.80      6.80     33.20
19      0.00      0.20      0.00      0.00     50.40      0.00      0.40      0.20     47.60      0.00      7.20     53.00
20      0.00      0.00      0.00      0.00      0.00      0.00     58.00      0.00      2.00      0.00     10.80      2.20
21      0.00      0.00      0.00      0.00     72.40      0.20      0.00      0.20     38.60      0.00     11.40      3.40
22      0.00      0.00      0.00      0.00      6.40      1.20      0.00     85.00     54.80      0.00     10.40      6.40
23     10.40      0.00      0.00      6.20      0.20      0.00     49.00      4.40      5.80      0.80      8.60     26.60
24      2.00      6.60      0.60      8.00      6.80      4.20      0.00     20.20      0.20      0.00      0.00     14.80
25      7.80     15.00      0.00      0.00      4.40     13.80      0.00     29.60      0.00     11.20      0.60      0.00
26      2.60     66.20      1.00      0.00      0.00     23.00      0.00     50.00      0.80     39.60      2.00      0.20
27      2.40      0.00      5.40      0.00      0.00     17.00     30.60      5.60      0.00      0.80      0.00     10.80
28      1.80      0.00      0.00      0.00      0.00      0.00     12.80      6.80      0.00      1.00      8.20      0.00
29      0.00      0.20      0.20      0.00      7.20      0.00     10.40      5.60      9.40      8.80     61.20      4.20
30      0.00    -99.00      0.00      0.40      0.00      0.00      0.00     24.20      6.20     38.80    314.60     18.60
31      0.00    -99.00      0.00    -99.00      0.40    -99.00      0.00      0.00    -99.00     47.60    -99.00     54.40
2017
01     22.60     40.20      3.80      0.00      0.00      0.00      0.00      0.00      0.20      2.80     42.40     60.00
02     14.00     88.20      1.20     20.00      0.80      0.00      0.00      0.00      0.00     20.80      0.40    207.60
03      3.60     49.80      0.00    -99.00      0.00      0.00      4.80      0.00      2.80     15.60     78.60    113.80
04      6.60      4.00      0.00      0.00      0.00      0.00      0.20      0.00      0.00      2.80    330.00     97.20
05      0.20      0.00      0.00      0.00      0.00      0.00      0.00      0.00      2.40      0.00    514.60     47.20
06      3.60      0.00      0.00      0.00      0.00      0.60      0.00     40.60      7.80     76.80    475.40      2.80
07      4.80      0.20      0.00      0.00      0.00      5.40      0.00      0.00      0.40      0.20      0.00     10.20
08      0.00      0.00      0.00      0.00      0.00      9.20      0.00      8.80      0.40     35.00     67.60      5.40
09      5.80     16.40      0.00      0.00      0.00      0.60      0.00     24.20      0.00      9.40     38.00      0.60
10     16.60     41.80      0.00      0.00      6.00     13.80     30.00      5.80      0.00     13.20     17.80      0.00
11      2.60     23.20      0.00      0.00      2.00     33.20      0.00      0.00      0.00      0.00     19.20      0.60
12      0.00      6.60      0.00      3.20      0.00      0.00     15.00      0.00      0.00      0.20      1.00      0.00
13      0.60      2.60      0.00    -99.00      0.00      0.00     38.80      1.00      0.00     37.20      0.00      0.00
14     26.00      0.20      0.00      0.00      5.00      1.20     18.20      0.00     17.20      0.20      0.20      0.00
15     25.00      0.00      0.00      0.00      8.60      0.00      2.40      0.00      0.20      0.20     32.80      2.80
16     21.20      0.00      1.80      0.00      7.00      0.00      3.00      0.00      0.60      0.00     14.80     25.20
17     18.20      0.00      0.40      0.00     12.80      1.00      0.00      0.00      0.60      0.00      0.00     24.40
18      0.00      0.00      0.00    -99.00      5.00      0.00     16.00     28.20      0.00     11.20      0.20      0.20
19      0.00      0.00      2.40      0.00     22.80      0.00     40.00      3.40      0.00    117.20    204.20      0.00
20      2.40      0.00      0.00      0.00      2.40     12.60     13.60      0.00      0.00      0.00     30.00      0.00
21     17.80      0.00      0.00      0.00      0.20      0.00      6.00      0.00      0.00      0.00     49.20      0.00
22     27.60      0.00      0.00      0.80      4.20      0.00     15.60      0.00      8.60      0.00     77.20      3.00
23     31.80      0.00      0.00      0.40      0.20      0.60     12.00      0.00      3.00      3.80    138.20      3.20
24     27.00      0.00      0.00     17.60      6.00      0.00      4.20      0.00      0.00     14.40     86.80      5.60
25     53.40      0.00    -99.00     19.60      3.60      0.20      2.20     72.00      1.00    126.00     64.80     18.80
26     20.00      0.00     25.20      0.00     13.80      0.00      0.80     11.40      0.00     15.40    103.20     99.40
27      0.80      0.00     20.80      0.00      2.40      0.00      9.80     21.00      0.00      2.00     30.40     75.80
28      0.00      0.00      0.00      0.00     52.20      1.00      3.40      0.00      0.60      0.00     39.40     29.60
29      0.00    -99.00      0.20     54.80      7.40     14.00      0.20     13.40      0.00      2.20      4.60     35.00
30      0.40    -99.00      0.00      0.00     17.00     23.40      0.00      0.00      0.40     20.00      4.80     19.80
31      0.60    -99.00      0.80    -99.00      0.00    -99.00      0.00     37.40    -99.00    221.60    -99.00     14.20
2018
01      6.60      0.00      0.00      0.00      0.00      0.00      0.00     10.80      0.00      2.40      0.00      0.20
02     12.80      0.00      0.00      0.00      0.00     17.20      0.00      0.00      0.00    103.40      0.00      0.20
03      9.60      0.00      0.00      0.00      0.00     91.60      0.00      0.00     10.40    143.60      0.00      0.00
04     24.40      0.00      0.00      0.00      1.40     42.60      0.00     10.40      0.00    164.00      3.60      0.60
05      8.00      0.40      0.00      0.00      9.00      5.60      0.00     59.80      0.00      0.20      0.00      0.00
06      0.00      0.00      0.00      4.80      5.20      0.80      0.00      3.20      0.00      0.20      0.60      0.00
07      0.20      0.00      0.00     52.20      0.00      0.20      0.00      5.60      0.00      0.00    110.00     23.20
08      0.00      0.00      0.00     12.00      0.00      0.00      0.00      7.20      0.00      0.00     67.00     53.00
09      7.40      0.00      3.60      0.00     11.80      0.00     47.80      4.20      0.00      0.00     22.20    421.00
10      0.00      0.00      1.40      0.00      5.00      0.00     24.60      0.00     18.40     18.80      0.20     31.60
11      0.00     11.40      0.20      0.00      0.00      0.00      0.00      0.00     14.20     24.80      7.60     78.40
12      4.80      9.40      0.00      0.00      0.00      0.00      0.00      0.00     99.20     21.20      0.00     45.20
13      9.40      1.60      0.00      0.00      0.00      0.00      6.20      1.80      2.60     18.00      0.00     65.40
14     24.60      0.00      0.80      0.00      0.00      0.00      0.20      0.60      0.00      0.00      0.00    128.40
15      2.80      0.00     17.00      0.00      0.00      0.20      2.40      0.40      2.80      0.00      0.00     55.00
16      0.00      0.00      0.40      0.00     16.00      0.00      0.20      0.00     58.60      0.00      0.00     50.20
17      0.00      0.00      0.00      0.00      0.00      0.00      0.00      0.00      9.40      0.00      0.00     10.40
18      0.00      0.00      0.00      0.00      0.00      0.00      0.20      0.00      0.40      0.00      3.20      1.20
19      4.40      0.00      0.40      0.00      0.00      0.00      0.80      0.00      3.80     32.60     44.80      0.20
20      6.00      0.00      0.40      0.00      0.00      0.00      0.00      0.00      4.00     21.40      0.60      0.00
21      1.20      0.00      0.80      0.00      0.00      0.00      0.80      0.00     18.40      7.40      0.00      0.00
22      0.20      0.00      0.80      0.00      0.00      0.40      4.40      0.00      8.00      6.60     32.00      0.00
23      0.20     13.80      0.00      0.00      0.00     17.60      2.80      0.80      1.40     11.80     28.00      0.20
24      5.40      0.20      0.00      0.00      0.00      5.20      0.00      0.00      0.00      2.60     50.80     30.60
25      8.20      0.00      0.00     12.40     17.60      0.00      0.00      0.00      0.00      0.20    169.60     14.60
26      1.20      0.20      0.00      1.40      0.00      0.20      0.00      0.20      0.00      0.80     48.20      7.60
27     12.60      2.60      0.00      0.00      0.00      2.80      0.20      0.20      0.00     38.60     36.40     15.80
28      0.00      0.00      0.00     19.20      0.00      0.00      3.60      0.20      0.00     15.00     24.60     62.80
29      9.20    -99.00      0.00      0.40      0.00     24.20      0.00      0.20      3.80      0.40     72.40    164.60
30      3.20    -99.00      0.20      7.60      0.00      1.60      0.00      0.00      0.20      0.00      0.20     33.20
31      0.80    -99.00      0.00    -99.00      0.00    -99.00      0.00      0.00    -99.00      0.00    -99.00     28.80
