BachMa              
   107.86100       16.194000            1310
2011
01      0.00      0.00      0.20      0.00      0.00      0.00      4.00      0.80      0.00     62.40      0.00      0.00
02      0.00      0.00      0.00      0.00      0.00      0.00      0.00     21.00      0.00      1.40      0.00      8.00
03      1.60      0.00      2.00      0.00      0.00      0.00      0.00      7.40      0.00     66.20      0.20      0.00
04      4.60      0.00      1.20      0.00      0.00      0.20      0.00      0.00     22.00      7.20      7.20      0.00
05      0.00      0.00      0.00      0.00      1.00      0.00      0.00      0.00     13.60     30.00     21.20      0.00
06      3.00      0.00      0.00      0.00      0.40      0.00      0.00      6.20      0.00      9.00      2.80     11.60
07      6.00      0.00      9.00      0.60      0.00      0.00      0.00     13.60      0.00      3.00     20.20      1.60
08      0.00      0.20      2.00      0.00      0.20      0.00      0.00      0.00      0.00     43.20     45.80     22.40
09      9.20      0.00      0.20      0.80      0.00      0.00      4.60      0.00      2.00     13.60     11.00      8.60
10      0.00      0.20      0.20      0.00      0.00      0.00      0.00      0.00     46.40      0.00      5.80      2.60
11      0.20      2.60      0.00      0.00      1.00      0.00      0.00      0.00     52.80      2.60      0.00      0.60
12      0.20      8.00      0.00      0.00      9.20      0.00      0.00      0.00     27.00     27.00      0.20      0.00
13      0.00      8.80      0.00      0.00      2.60      0.00      0.00      0.00      3.80     48.80      0.00      0.00
14      0.00      7.00      0.00      0.00      0.40      0.00      0.00      0.00      0.40    108.60      0.00      0.00
15      0.60      0.00      0.00      0.00      0.00      0.00      2.40      0.00      0.00     71.80      0.00      5.60
16      0.00      0.00      2.60      0.00     57.40      0.00      0.20     14.00      0.00    193.60      1.40      5.00
17      0.00      1.60      0.40      0.00      0.20      3.20      1.20      2.00      0.20      4.60      0.00      0.00
18      0.00      0.00      1.80      7.80      0.00      0.00      0.00      0.00     12.60      0.00      0.20      4.20
19      0.00      5.00      0.00      0.00      0.00      0.00      0.20      0.80     26.20      1.20      0.20      1.60
20      1.00      1.00      0.00      0.00      2.60      0.00      0.00      0.00      5.40      8.00      0.00      0.20
21      6.00      0.20      0.00      0.40      0.00      0.00      2.60      0.00      2.00      0.20      2.20      0.40
22      0.00      0.40      4.40      0.00      0.00      0.00      0.00      0.00     30.40      0.20      6.80      5.60
23      0.60      0.80      1.40      0.00      1.00      1.40      0.00      0.00      2.20      0.00      2.40      7.20
24      2.00      0.40      0.40      0.00      0.00      7.00      0.00     25.80      0.00      0.00      0.00      0.00
25      0.20      0.00      2.40      0.00      0.00      0.40      0.00      1.40      2.80     25.40      0.00      0.20
26      0.00      0.00      7.00      0.00      0.00      0.00      0.00      0.00     53.20      8.00      8.20      0.00
27      0.00      0.00      3.60      1.40      0.00      2.00      0.00      0.00     76.40      5.60      0.80      0.00
28      2.40      0.00      0.20      0.20      0.00     16.60      0.00      0.00      0.00      3.60      1.40      0.40
29      4.40    -99.00     16.80      4.20      0.00      0.00      0.80      0.00      3.80     40.40      0.80      0.00
30      0.00    -99.00     20.40      0.00      0.00      0.40     47.40      0.00    204.40     34.40      0.00      2.40
31      0.00    -99.00      0.20    -99.00      0.00    -99.00      5.00      0.00    -99.00     22.20    -99.00      0.00
2012
01      0.40      0.00      0.00      0.00      0.00     58.60      9.80      0.20      0.60      0.00      0.00      0.00
02      0.00      0.60      0.40      0.00      0.00      3.40      0.00     21.80      9.60      0.00      0.00      8.60
03      0.00      0.20      0.60      0.00      0.00      1.00     68.00      0.00     13.60      0.00      0.00      0.00
04      6.80      0.00      1.20      0.00      0.00      0.00     11.00      0.00     47.60      0.00      0.40      0.00
05      0.60      0.00      0.00     28.60      0.00      0.00      6.20      0.00     70.80      0.20      3.80     12.40
06      0.20      0.00      0.00      0.20      0.00      0.00      0.20      0.00     65.20      0.00      0.00      0.00
07      0.80      1.00      0.00      7.40     14.80      0.00      0.00      0.00     35.00     27.00      6.00      0.00
08      1.80      0.20      0.00      0.00      0.40      4.20      0.00      0.00      0.40     28.20      0.80      0.00
09      2.20      0.00      1.00      0.00      9.00      2.60      0.00      0.00      0.00      5.00      0.00      0.00
10      0.60      0.40      3.60      0.00      0.00      0.00      0.00      0.00      0.00      8.20      0.00      0.00
11      0.80      0.00      1.40      0.00      0.00      0.00      0.00      0.00      0.00      0.00      0.00      2.00
12      6.40      0.00      1.80      0.00      0.00      0.00      0.00      0.00      2.20      0.00      0.80      9.20
13      0.60      0.00      0.60      0.00      0.00      0.00      0.00      0.00     50.40      0.00      0.00     23.20
14      0.00      0.00      0.00      0.00      0.00      0.00      0.00      0.00    122.00      0.00      0.20      0.00
15      0.00      0.00      0.00      0.00      1.80      9.60      0.00      1.60      9.60      0.00      0.00      0.00
16      0.00      1.00      0.20      0.00      1.40      7.40      0.00     10.20      0.20      0.00      0.20      0.00
17      1.60      0.40      0.00      0.00      0.00      3.80      0.00      0.80      9.00      0.00     33.80      0.00
18      0.40      5.80      0.00      0.00      0.00      0.00      0.00      0.00      1.80     30.20      0.00      0.60
19      1.00      1.00      0.00      0.00      0.20      0.00      0.00      0.00      0.00      2.00      0.00      7.00
20      0.60      0.00      0.00      0.00      0.00      0.00      1.20      0.00      0.00      5.20      0.00      0.00
21      0.00      0.00      0.00     10.60      0.00      0.00      0.00      0.00      0.00      3.80      0.00      0.00
22      3.80      0.00      0.00      0.00      6.60      0.00      0.20     40.40      0.00      0.00      0.00     11.40
23      8.20      0.00      3.40      0.00      0.00      0.00     15.40     23.60      0.00      0.20      1.40     17.60
24      2.00      0.20      0.00      0.00      0.00      0.00      0.00      0.00      0.00      2.20     33.80      0.00
25      4.80      0.00      0.00      0.00      0.00      0.00      0.00     23.80      0.00      0.00      0.00      0.00
26      0.00      1.60      0.00      6.80     15.20      0.00      0.00      0.20     17.00      1.40     41.60      0.40
27      0.20      1.40      0.00      0.40     15.60      0.00      0.00      0.00      3.20     50.60      0.20      1.00
28      0.00      2.60      0.40      0.00      9.60      0.00      0.00      2.20      0.80     34.60      0.00      0.80
29      0.40      0.20      0.00      0.00      5.00      0.00      0.00      0.00      4.80      0.00      0.00      6.00
30      1.00    -99.00      0.00      0.00     12.40      0.00      0.00      0.00      0.00      5.80      0.00      7.80
31      2.80    -99.00      1.40    -99.00      3.00    -99.00      3.40      0.00    -99.00     11.20    -99.00      0.60
2013
01      0.00      0.80      0.00      0.00     11.80      0.00      5.20      0.00      0.00      2.80      0.00      0.00
02      0.00      0.00      0.40      0.20     20.00      0.00      0.00      2.00      0.00     12.00      0.00      0.00
03      0.00      0.00     22.40      0.00      6.40      0.40      0.40      1.20      0.00     36.80      0.00      0.00
04      0.00      0.40      1.20      5.00      6.60      0.00      0.00      0.00      0.00      0.20      0.00      0.40
05      0.00      0.00      0.00      0.00      0.00      0.20      0.00      0.00      0.60     18.40      4.20      0.00
06      0.60      0.00      0.00      0.00      3.00      0.00      0.00      0.00      7.60      0.20      0.60      5.80
07      0.00      0.00      0.00      0.20     17.40      0.00      0.00    118.60     15.20      0.00      1.20      0.00
08      0.20      1.60      0.00      0.00      0.00      0.00      0.20      0.00     40.60      0.00      0.00      0.00
09      0.80      4.20      0.00      0.00      0.00      0.00      0.00      1.80      2.20      0.00      2.00      0.20
10      0.00      0.00      0.00      0.20      0.00      7.00      3.40      0.20      7.40      0.40     20.60      0.00
11      0.00      0.00      6.00      0.40     11.80      1.40      0.00      0.00      7.80     59.40      0.40      0.00
12      0.00      0.00     12.80      0.00      0.00      0.00      0.00      3.20     33.20      2.80      0.80      0.00
13      0.00      0.60      0.20      0.00      0.00      0.00      0.00      0.20      3.80      0.00      0.20      6.80
14      0.00      0.00      0.00      0.00      0.00      0.00      0.00      0.00      0.00     10.00      2.00      1.00
15      0.00      0.00      0.20      0.00      0.00      0.00      0.00      0.00      0.00     49.20      5.40      6.20
16      0.00      1.00      0.00     10.20      0.00      0.00      0.00      0.00     19.20    346.80     12.60     34.20
17      2.80      0.00      0.00     13.60      0.00      0.00      0.00      0.00      4.80      0.40      1.60      4.20
18     36.80      0.00      0.00      0.20      0.00      2.80      0.00      0.00     89.20     30.00      4.20      1.60
19      3.60      0.00      0.00      0.00      0.00      0.00      0.80      0.00     73.80     24.20     12.00      0.00
20      0.00      0.60      0.00      0.00      0.00      0.00      5.20     13.60    119.00     10.40      0.20      0.00
21      0.20      0.20      0.00      0.00      4.20      0.00      9.40      5.40      0.60      3.40      2.00      0.00
22      0.00     10.40      0.40      0.00      8.40     62.80      3.00      0.00      0.00      1.60      3.00      0.00
23      0.00      3.20      0.00      1.80      0.00     31.80    100.60      0.00      0.00      3.80      3.60      0.00
24      0.00      0.00      0.00      0.20      0.00      0.00     23.60      0.00      9.40      3.60      3.20      0.00
25      0.00      0.00      0.00      2.80      0.00      1.20      1.00      0.00      2.20      1.20     15.20      0.00
26      0.00      0.00      0.00      0.00      0.00      1.00      0.00      0.00     56.20      0.00      0.00      0.00
27      3.80      0.60      0.00      0.40      0.00      0.00      9.80      0.00     86.40      0.20      2.20      0.00
28      1.20      0.00      0.00      0.00      3.80      0.00      3.80      0.00      4.60      0.00      4.60      0.00
29      0.00    -99.00      1.00      0.00      0.80      0.00      0.40      0.00      3.40      0.00      0.20      0.00
30      0.00    -99.00      0.20      0.00      0.00      0.00      0.00      0.00    178.00      0.00      0.20      0.00
31      0.00    -99.00      7.60    -99.00      0.00    -99.00      0.00      0.00    -99.00      0.00    -99.00      0.00
2014
01      0.00      0.20      0.00      0.00      0.00      0.00      0.00      0.00     10.40      0.00      1.00     25.80
02      0.00      0.00      0.00      0.00      0.20      0.00      0.00      0.00      3.80      0.00      4.00     42.00
03      0.20      0.20      0.20      0.20      0.00      0.20      0.00      0.00      0.20      0.00     12.20      1.00
04      0.00      0.60      0.00      1.40      0.00      0.00      0.00      0.00     11.40      0.00      0.80     13.00
05      0.00      0.00      1.40      0.00      0.80      0.00      0.00      0.00      0.00     92.40      0.00      0.20
06      0.00      0.00      0.60      0.00      0.20      0.00      0.00      0.00      0.00     51.60      0.00      0.00
07      0.00      0.00      1.20      0.80      0.00      0.00      0.00      0.00      0.00      0.20      5.00      4.00
08      0.00      0.00      1.20      0.00      0.00      0.00      0.00      0.00      0.00      5.80      2.40      0.60
09      2.20      1.00      1.80      0.00      0.20      0.00      0.00      0.80      0.00      0.00      0.60      0.00
10      1.20      6.80      0.00      0.00      0.00      0.00      0.00      0.00      0.00      0.00      0.00      1.20
11      4.80      3.80      0.00      0.00      0.00      1.80      0.00      0.00      0.00      0.00      0.00      2.40
12      1.20      0.00      0.00      0.00      0.00     44.20      0.00      0.00      0.00      2.40     24.20      0.20
13      1.40      1.80      0.80      0.00      0.00     11.60      0.00      1.40      0.00     55.40      0.00      0.40
14      1.40      1.20      0.20      0.00      0.00     20.00      1.80    -99.00      0.00      0.00      0.00      0.00
15      0.00      0.00      0.00      0.00      0.00      0.00      3.40    -99.00      0.40      7.00      0.00      0.00
16      0.00      0.20      0.40      0.00      0.00      0.00      0.00    -99.00     67.60      1.80     12.40      0.00
17      0.00      0.20      0.00      0.00      0.00      0.00      0.00      0.00     13.60      4.80     19.80      0.00
18      0.00      2.00      0.00      0.00      0.00      0.00      1.00      0.00      0.00      0.40      0.40      0.00
19      0.40      4.80      0.00      0.00      0.00      0.00      5.60      0.00      0.00      1.20      5.80      0.00
20      9.60      0.00      1.80      0.00      0.00      0.00    -99.00      4.20      4.20      0.00      3.00      0.00
21      0.00      0.00      6.20      0.00      0.00      0.00     12.80      0.00      0.00      0.00      0.00      0.20
22      0.00      0.00      0.20      0.00      0.00      2.00      0.00      0.00     13.40      3.80      0.00      0.00
23      0.00      1.60      0.60      0.00      0.00      0.60      0.00      0.00      0.40    101.40      0.00      0.00
24      0.20      0.00      0.60      0.00      0.00      2.20      0.00      0.00      0.00     61.80      4.00      0.20
25      0.20      0.00      0.00      0.00      0.00      0.00      0.00      0.00      0.80     11.80      4.80      0.00
26      0.00      0.80      0.00      0.00      0.00      0.00      0.00     51.40      0.00     17.80      0.40      2.00
27      0.00      0.00      0.00     33.40      0.00      0.00     15.60      0.40      0.00     10.00      0.60      1.20
28      0.00      0.20      0.00      2.40      0.00      0.00     13.20      5.00      0.00     65.60      0.00      0.20
29      0.20    -99.00      0.00      0.20      0.00     10.20      2.00      0.60      0.00      2.40      0.00      0.00
30      0.20    -99.00      0.00      0.20      0.00     30.00      1.80     22.60     18.40      0.20     10.40      0.20
31      0.20    -99.00      0.00    -99.00      0.00    -99.00      1.20     11.00    -99.00      4.00    -99.00      0.40
2015
01      0.40      5.40      0.20      0.00      0.00      0.20      0.00      7.20      0.80      0.00     97.80      1.20
02      0.00      4.60      0.00      0.00      0.00      0.00      0.00      0.20      0.00      0.00     16.80      0.00
03      0.00      0.00      0.00      0.00      0.00      0.00      0.00      3.40      0.00      2.60      0.00      0.00
04      0.00      0.00      0.60      0.00      0.00      0.00      0.00      0.80      0.00      0.00      0.00      2.60
05      0.20      9.80      0.60      0.00      0.00      0.00      0.00      0.00      0.00      9.80     28.40      0.00
06      0.20      0.20      0.20      0.00      0.00      0.00      0.40      6.40      0.00      0.00    329.60     18.20
07     15.80      0.00      1.40      0.00      0.00      0.00      0.00      0.00      0.00      0.00      4.20      1.40
08    121.20      0.00      0.20      0.20      0.00      0.00      0.00      0.00      0.00     15.80      1.00      0.00
09     10.40      0.00      0.00      0.20      0.00      0.00      5.00      0.00      0.00      0.20      7.60      0.00
10      0.00      0.00      1.60      1.60      0.00      7.60      0.00      0.00     32.40     12.40      0.20      0.00
11      0.00      0.00      3.20      0.00      0.00      0.00     33.80      0.00      2.20      0.20      0.80      0.00
12      4.40      0.00      0.40      0.00      0.00      0.00      5.80      5.40      4.20      0.00      3.60      0.00
13      0.00      0.00      0.00      0.20      0.00      0.00      0.00      0.00     92.40      1.80      0.00      0.00
14      0.00      0.00      0.00      0.00      0.20      0.00      0.00      0.00    101.20     47.20      0.00      0.00
15      0.00      0.00      0.20      0.00      0.00      0.00      0.00      0.00     92.80      0.40      0.00     11.20
16      0.00      1.40      0.00      0.00      0.00      0.00      0.00      0.00     92.20      0.00      0.00     12.40
17      0.00      0.20      0.00      0.00      2.60      0.00     12.20      0.00     22.40      0.00      0.00      4.60
18      0.00      9.60      0.00      0.00      0.00      0.00      0.00      0.00      0.40      0.00      0.60      0.00
19      0.00      0.80      0.00      0.00      0.00      0.00     14.60      0.00      0.00      0.20      1.00      0.00
20      0.00      1.60      0.00      0.00      0.00      0.00      0.60      0.20      0.00      0.00     19.20      0.00
21      0.20      0.00      0.00      0.60      0.00      2.00      0.00      0.00      0.00      0.00     15.00      0.00
22      0.20      0.20      0.00      0.00      0.00     23.00      0.20      0.80      0.00      0.00      1.40      0.00
23      0.20      0.00      0.00     57.60      0.00     39.40      0.00      0.00      0.00      0.00     15.00      0.00
24      0.20      0.00     19.00     48.00      0.00     19.80      0.00      0.00      0.00      0.00      1.80      0.20
25      0.00      0.20      1.20      3.20      0.00      0.00      0.40      3.60      0.00      0.00     13.00     20.00
26      0.40      0.00      0.40      0.80      0.00      0.00      9.40     14.20      0.00      0.20      3.80      0.00
27      0.00      0.00      0.20      0.00      0.00      0.00     11.80      0.20      0.00      0.00      3.20      0.00
28      0.00      0.00      0.00      0.40      0.00      0.00     14.60      0.00      0.00      0.00      0.00      0.60
29      0.00    -99.00      0.20      4.40      0.00      0.00      6.80      0.00      0.00      0.00      0.20      1.40
30      0.00    -99.00      0.00      0.20      0.00      0.00      5.40      0.00      0.00      0.00      0.20      1.20
31      0.00    -99.00      0.00    -99.00     13.40    -99.00      7.80      3.40    -99.00      4.20    -99.00      2.00
2016
01      1.60      3.00      0.00      0.00      0.00      0.00      0.00      0.00      0.80      0.00    115.40      0.40
02      0.20      4.00      0.00      5.20      0.00      0.00      0.00      0.00      0.00      0.00      0.20      1.20
03      0.00      0.00      0.00      0.20      0.00      0.00      0.00      0.00      0.00     23.60      7.40      0.60
04      0.00      0.00      0.00      0.00      1.00    -99.00      0.20      1.20      0.00      2.80      0.00      7.60
05      0.00      0.00      1.20      0.00      0.00      0.00      9.20      2.20      3.00     22.20      0.00      0.20
06      0.00      0.60      3.00      0.00      0.00      0.00      4.40      0.00      0.00     59.00     15.40      0.00
07      0.00      0.00      0.00      0.00      0.00    -99.00      2.80      0.00      0.00     26.20     89.80      0.00
08      0.00      0.00      0.00      0.00      0.00      0.00      1.00      0.00      2.80      0.00     12.80      0.00
09      0.00      0.00      0.00      0.00      0.00      0.00      0.00      0.00      0.00      0.00      4.00      0.00
10      0.00      0.00      0.00      0.00      0.00      0.00      0.00      0.40      4.40      4.00      0.00      0.00
11      0.00      0.20      2.20      0.00      0.20    -99.00      0.00     24.80      4.40      1.40      0.00      0.00
12      0.00      0.40      0.00      0.00      0.00      0.00      0.00      0.00      2.80      0.60      0.80      3.60
13      0.80      0.00      0.00      0.00     98.60      0.00      0.00      0.80     71.40     44.20      0.00      2.60
14      0.00      0.00      0.40      0.00      0.20    -99.00      0.00     10.60     21.60    521.20      0.00     24.00
15      2.00      0.00      0.00      0.00      0.00      0.00      0.00     19.20      0.00    233.00      0.00     25.40
16      1.60      0.00      0.00      0.00     19.20     32.40      0.00      0.20      0.00      3.20      0.00      9.40
17      1.20      0.00      0.40      0.00      0.00      0.00      0.00      1.80      0.00      0.00      0.00      0.00
18      1.20      0.00      0.00      0.00      0.00    -99.00      0.00     11.20      0.00      0.00      0.60      0.00
19      3.00      0.40      0.00      0.00      0.00      0.00      0.00      0.40      0.00      0.00      0.00      1.40
20      0.00      0.00      0.00      0.00      0.00      0.00      0.00      0.00     93.20      0.80      0.00      8.00
21      0.00      0.00      0.00      0.00      0.00    -99.00      0.00     20.00     21.80      0.20      0.00      0.20
22      0.80      0.00      0.00      0.00      0.00      0.00      0.00     21.60     25.20      0.00      0.00      0.00
23     28.20      0.40      0.20      0.00      0.00      0.00      0.00     14.20     21.40      0.00     88.20      0.20
24    -99.00      2.00      2.80      0.00      0.80      0.00      0.00      0.00      5.00     71.80     31.60      0.00
25    -99.00      0.20     16.00      0.00     27.60    -99.00      0.00      0.00     10.20      0.80      1.80      2.00
26      2.60      0.00      0.20      0.00      0.00     20.00      0.00      0.00      0.00     20.20     30.40      0.20
27      1.60      0.00      0.40      0.00      0.00     15.60      3.60      3.60      0.00      0.00      1.00     10.80
28      0.00      0.00      2.00      0.00      0.00    -99.00      0.80     24.00      0.00      0.00      3.40      0.00
29      0.80      0.00      0.00      0.00      0.00     63.40      0.00      1.80      0.00      8.40      4.60      0.20
30      0.20    -99.00      0.00      0.00      0.00      0.00      0.00      0.00      4.00    142.60      2.00      0.00
31      0.00    -99.00      0.00    -99.00      0.80    -99.00      0.00      0.00    -99.00    188.80    -99.00      1.60
2017
01      0.20      0.00      0.40      0.00      0.00      0.00      0.00      0.00      9.60      7.20      1.40     48.80
02      8.00     15.00      0.00      0.00      0.00      0.00      0.00      0.00      7.70      3.80      0.00      3.20
03      3.20      7.40      0.00      0.40      0.00      0.00      0.00      0.00      7.20     56.80      0.00      0.80
04      0.00      0.40      0.00      0.00      0.80      0.00      0.00      1.20     11.70     67.20     17.00     11.60
05      6.80      0.00      0.00      0.00      0.00      0.00      0.00      4.20      9.10     15.20     20.40      1.20
06      0.00      0.00      0.00      0.20      1.00      0.00      0.00      0.00      8.40      0.80      3.20      0.00
07      0.00      0.00      0.00      0.00      0.60     43.20      0.00      0.00      9.70      7.40     11.20      0.00
08      0.40      0.00     42.80      0.00      0.00     19.40      0.00      0.00     10.30     75.80      6.00      5.60
09      2.20      1.60      0.00      0.00      2.00     13.20      0.00      0.00     11.10     92.80     12.40      2.60
10      5.00      0.00      0.00      0.00      9.20      0.00      0.00      0.00     10.10     39.60      0.00      0.00
11      1.60      3.60      0.00      0.00      0.60      0.00      0.00      0.00      9.80      4.40      0.80      0.00
12     12.60      0.00      1.20     12.00      0.80      0.00     17.80      0.00      9.30     16.40      0.00      0.00
13      0.20      0.00      0.00      0.00      0.40      0.00      1.20      0.00      9.60     21.00      0.00      0.00
14      0.00      0.20      0.40      0.00      0.00      0.00     14.00      0.00      6.50      1.00     20.00      0.00
15      4.20      0.60      3.20      0.00      6.40      0.00      0.80      6.70      6.30      0.00      8.40      8.80
16      2.40      0.00      0.20      0.00     46.00      0.00    279.00    107.80      7.80      0.00      0.20     29.00
17      0.80      0.20      0.60      0.00      0.00      0.40     28.60    -99.00      7.70      0.00      0.00      0.00
18      0.00      0.00     15.00      0.00      1.00      0.00      0.00    -99.00     11.30      1.60      2.40      0.00
19      4.80      0.20      6.20      0.00     16.40      0.00      0.00    -99.00      9.50     20.80     43.40      0.00
20     12.80      0.00      0.40      0.00      0.00      1.00      0.00    -99.00      7.50      0.00     36.80      0.00
21     27.40      0.00      6.40      0.00      0.00      0.00      0.00    -99.00      6.80      0.60      8.40      0.00
22     13.80      0.00      0.20      0.00      0.00      0.00      0.00    -99.00      7.60      0.60     14.60      0.00
23      1.00      2.20      0.00      0.00      0.00      0.00     33.40    -99.00      5.00      0.00     13.60      0.00
24      1.40      3.00      0.20     43.00      0.40      0.00      0.00    -99.00      6.50      0.20      0.00      1.20
25      9.20      6.40     54.80      0.00     69.00      0.00     23.80    -99.00      8.20      0.00      0.00      0.00
26      8.20      3.80      3.60      0.00      0.00      0.00     39.80    -99.00      8.10      0.00      0.00      4.40
27      9.40      0.00      0.00      9.00      0.00      0.00     21.00    -99.00      6.70      0.00      0.00      2.20
28      1.40      0.00      0.20      0.00      0.00      0.40      2.80    -99.00      7.30      0.00      1.20      0.00
29      0.20    -99.00      0.00      0.00      0.00      0.00     10.20    -99.00      7.50      0.60      1.00      0.00
30      2.20    -99.00      0.00      0.00      1.60      0.00      0.00    -99.00      7.20      3.80     41.80     17.20
31      0.00    -99.00      0.00    -99.00      0.00    -99.00      0.00    -99.00    -99.00      1.60    -99.00     15.00
2018
01      1.60      0.00      0.00      0.00      0.00      0.00      0.00      0.00      0.00      0.40      0.00      2.00
02      0.00      0.00      0.00      0.00      0.20      0.00      0.00      0.00      0.00      3.00      0.00      0.00
03      7.20      0.00      0.00      0.00      0.00      0.00      0.00      0.00      0.00      0.40      0.00      0.00
04      1.80      0.40      0.00      0.00      2.00      0.80      0.00      0.00      0.00     17.20      0.00      0.00
05      0.60      0.20      0.00      0.00      3.60     20.20      0.00      0.00      0.00      0.00      0.00      0.00
06      0.40      0.00      0.20      5.40      0.00      3.00      0.00      0.00      0.00      0.00      5.60      0.60
07      0.20      0.00      0.00      3.40      0.00     34.40      0.00      0.00     12.20      0.00      4.80     21.80
08      3.00      0.00     15.40      0.00      0.00      0.00      0.00      0.00      1.20      0.00     34.40     89.00
09      3.00      0.00      0.00      0.00      0.00      0.00      0.00      5.00     78.20      0.00     38.60     71.80
10      0.40      0.00      0.00      0.00     21.40      1.40      5.20      0.00      4.80      8.40     11.60      4.40
11      0.00      0.40      0.00      0.00      0.00      0.00     15.60      0.00      2.40      7.80      0.00     79.60
12      0.00      0.00      0.00      0.00      0.00      0.00      0.20      0.00      0.20     12.20      1.00      7.80
13      0.00      0.00      0.00      0.00      0.00      0.00      0.00      0.00      0.00     13.20      0.20      0.60
14      0.20      0.20     20.20      0.00      0.40      0.00      9.40      0.00      1.60      0.20      0.60      0.00
15      0.00      0.00      0.00      1.20      0.00      0.00      0.20      0.20     13.00      0.00      0.00      0.20
16      0.00      0.40      0.00      0.40      0.00      0.00     42.80      8.00      0.00      0.00      0.00      6.60
17      0.00      0.20      0.00      0.00      7.00     23.40      3.40      0.20      0.00      0.00      0.00      3.40
18      0.00      0.00      0.00      0.00      0.00      0.00     16.80      0.00     90.40      3.00      0.00      0.00
19      0.00      0.00      0.00      0.00      0.00      0.00      0.20      0.00      0.60      0.20      8.40      0.00
20      0.00      0.00      1.00      0.00      0.00      0.00      3.00      0.00     26.60      1.40      0.00      0.00
21      0.60      1.40      0.00     20.60      0.00      0.00      9.60     24.00      0.00     18.00      0.00      0.00
22      0.00     14.60      0.00      0.20      0.00      0.00     32.40      0.00      0.00      0.00     14.80      0.00
23      0.20      3.60      0.00      0.00      0.00      0.00      0.00      0.20      0.00      0.00      1.20      0.00
24      0.00      0.00      0.00      0.00      0.00      0.00      0.00      0.00      0.00      0.00      0.00      0.00
25      2.80      1.60      0.00      1.60      0.00      0.00      2.40      0.00      0.00      0.00     12.40      0.00
26      0.20      1.40      0.40      0.00      0.00      0.00      1.20      1.80      0.00      0.00      2.60      0.00
27      0.80      0.20      0.00      0.00      0.00      0.00      0.60      1.60      0.00     55.40      5.00      8.20
28      1.40      0.20      0.00      0.00      1.00      0.00     14.80      0.20     25.20     31.00      0.20     14.40
29      9.80    -99.00      0.00      3.80      0.00      0.00      2.40      0.60     68.00      1.80      1.40     57.60
30      0.20    -99.00      0.00      0.00      0.00      0.00      0.00      0.40      0.00      0.00      2.40      4.20
31      0.40    -99.00      0.00    -99.00      0.00    -99.00      5.40      0.00    -99.00      0.00    -99.00      0.80
