BaTo                
   108.73600       14.768000              57
2011
01      0.80     13.20      0.00      0.60      0.00      0.00      0.00      1.00      0.00     48.80    195.40     24.20
02      0.20      3.40      2.80      0.00      0.00      0.00      1.00      0.20      2.00     79.20      0.60    138.40
03      0.00      0.60      6.40      0.20      0.00     18.40      0.00      2.20     22.60    161.40     11.40      9.60
04    132.40      0.00     28.40      0.00      0.00     24.60      0.00      0.00      1.60    130.40    333.60      0.80
05      5.80      0.20      2.00      0.00      0.00     23.80      0.00      0.00     37.00     15.60    496.80     36.20
06     55.60      0.20      0.00      0.00      0.00     15.20      0.00      6.40     79.40      0.80    213.00     18.80
07     29.00      0.00      3.60      0.00      1.40     16.80      0.00      0.00      1.20     38.20    718.20     21.80
08      2.40      0.00      0.20      4.80      6.60     21.20      0.00      0.00     33.80      4.80    365.20    135.20
09     28.00      0.00      0.60      9.20      0.00     28.40      8.60      0.00     46.80    138.60    113.40    295.00
10     11.80      0.00      0.20      0.40      0.00     26.80      0.20      3.80     34.00     22.40     19.80    226.60
11     13.60      0.20      0.00      0.20      0.00     16.40      2.00      9.60     29.80    146.80      3.40     93.40
12     12.00      2.80      0.00      0.00      0.00     11.40      0.20      0.00     40.40     53.20      0.00     28.60
13      0.20      3.60      0.00      0.00      4.80     32.40      0.00      0.00      1.00      7.80      0.20      8.00
14      0.40      1.80      0.00      0.00     11.60     38.00      0.00      0.00      4.40     42.20      9.00     11.60
15     77.20      0.40     18.00      0.00      7.80      0.20      0.80      1.20      7.80    137.60     35.60     34.00
16     25.80      0.40     56.20      0.00      0.20      0.00      0.00     12.00      1.60    273.20     80.00     77.60
17      5.20      0.00     14.00      0.00    142.80      0.00      0.00      5.40      0.80    110.20      5.60    189.80
18      4.60      0.20      0.80     18.80      2.60      8.80      0.00      0.20      3.40    107.80      0.20     92.80
19      3.80      0.40      0.00      9.20      0.20     22.00      0.00     42.80      0.00     41.20      0.00     21.40
20      9.20      1.00      0.00      2.20      0.60     14.00      0.00      2.20     36.00      5.60     67.00     18.40
21     16.00      0.40      0.00      0.60      0.20      0.00      1.20      0.00     48.20      1.60    331.20      6.60
22      0.80      0.00      0.80      1.20      4.80      0.00      4.40      0.00    105.00      0.00    152.40     48.60
23      3.60      0.20     16.60     61.80     88.20      0.00      0.00      0.00    254.20      0.80    149.00     47.60
24      5.00      0.00      8.20      0.20      1.80      4.00      0.00      0.00    289.80      9.80     47.40     42.60
25      6.20      0.00     19.60      0.20     14.20      0.60      0.80      0.00    124.00     64.60    813.40     36.60
26      7.20      0.00     22.40      0.20     14.60      0.00      0.00      0.20    357.00     41.20     20.80      1.20
27      6.20      0.00     26.80      1.60      0.00      0.00      0.00     68.60     21.40    129.60     18.20      7.60
28      8.60      0.20     36.80      7.00      0.00      0.00      0.00      1.40      0.20     71.20      2.60      5.20
29     44.80    -99.00     19.60      0.00      0.00      0.00      0.60     14.80      0.00     42.60      0.20      0.00
30      7.80    -99.00      7.80      0.40      0.00      0.00      1.40      0.20      0.00    127.60      2.40     50.00
31      7.00    -99.00      0.20    -99.00      0.00    -99.00     42.60     18.60    -99.00    144.20    -99.00     34.00
2012
01     18.00      0.80      0.00     12.60      7.80     43.00     26.20      0.20      0.60      9.00     95.20      0.00
02      7.60      4.60      0.00      2.40      1.20      3.00      1.60      0.00      1.60     20.80     12.00      0.20
03      0.20     10.20      0.00      0.20     21.40     19.00      7.60      0.00     60.80      0.00      0.80      0.20
04     15.40      0.80      0.00      0.00      0.80     66.00      1.00      0.00    203.40      0.00      0.60      1.40
05      8.40      0.00      0.00      2.20      0.00      6.20     30.80      0.00      5.40      0.20      9.60    120.80
06      0.40      0.20      0.00      0.00      0.00      4.00      1.00      0.00     27.80    260.60      1.80     56.20
07      5.60      0.00      0.00     12.60      0.00      7.40      1.00      0.20     13.20     92.20     22.40      0.40
08     43.80      0.20      0.00      0.20      0.00      6.60     11.80      0.40      7.00     72.60      0.20      1.60
09     29.40      0.00      0.00      0.00      2.40      0.00      1.00      0.00      2.40      6.40      0.00      2.60
10      7.40      0.00      3.80      0.00      1.00      0.00      0.20      0.20      9.80      0.00      0.00      0.20
11     13.20      0.00      1.40      0.00      0.00      0.00      0.00      0.00     23.60     13.00     27.20      0.00
12     16.80      0.20      1.80      0.00      7.80      0.00      0.00      0.00      7.00      0.00    148.40      9.80
13      5.00      0.00      0.40      0.00      0.00      0.00      2.60      0.00     14.00      0.20      9.40     11.00
14      0.40      0.00      0.00      0.00      0.00      0.00      0.00      0.00     25.60      0.20      1.00     10.20
15      6.80      0.00      0.00      0.00      0.00      0.00      0.00      0.60     50.80      0.00     18.60      0.20
16      2.00     12.60      0.00      0.00     41.20     11.00      0.00      0.00      0.60      0.20     60.40      0.00
17      5.20     19.60      0.20      0.80      6.00      6.00     24.80      0.60      1.60      0.20    143.40      0.00
18      0.20     18.20      0.80      6.60      8.60      1.60      0.20      0.20     11.20      7.00     17.60      7.40
19      0.20     20.00      2.40      0.20      0.00      0.20      0.00      5.80      0.00      7.60     11.60     61.80
20      0.20      1.20      0.20      0.00      0.20      0.00      3.20     22.60      0.00      1.60      0.20      0.20
21      1.80      0.20      0.00     20.80     24.80      0.00      0.60      0.20      0.00      0.00      0.00      0.40
22      6.20      0.20      0.00      0.00      0.20      0.00      0.00      0.00      0.20      1.00      0.00      5.20
23     13.40      0.00     12.20     31.00      0.00      0.00      1.80    143.00      0.00      3.80      0.00    248.80
24      0.40      0.00     23.20      1.20      1.60      0.00      0.00     49.40     18.40      4.60      0.20     43.20
25     20.40      0.00      2.60      0.20      5.40      0.00      1.00     33.60      0.20      0.00      0.00      4.60
26      0.60      0.20      0.60      1.80     16.60      0.00      0.00      3.00    151.60     13.00      0.20      6.60
27      0.00      4.20      4.20      0.40     30.20      0.00      0.00      1.00     21.40    115.40      0.40      5.40
28      0.00      0.00      0.20      0.40     48.20      0.00      0.00     28.40     14.60      2.20      0.20      4.80
29      2.00      0.00      0.00      1.20     42.20      0.00      0.20      2.20      2.40      1.60      0.00      4.00
30     10.40    -99.00      0.20     17.20      0.80     35.40      0.00      0.20     17.60    191.40      0.00    102.60
31     10.60    -99.00     56.40    -99.00     14.20    -99.00      0.00     22.40    -99.00    295.80    -99.00     23.20
2013
01      0.00      0.40      0.00    -99.00     14.20      0.00      1.80    -99.00     28.00      3.00      0.00     38.40
02      0.20      0.20      0.00    -99.00      0.20     28.80     54.80     13.40      0.00    279.40      0.20     12.00
03      1.40      0.20     48.80    -99.00      0.60     66.20      0.00      0.00      0.00     58.00      0.00      0.40
04      4.00      0.00     71.20    -99.00     80.80     17.80      1.60      0.00     12.20      3.00     55.20     23.20
05      2.00      0.20     10.80    -99.00      0.00      1.80     10.40      0.00      0.20      0.20    232.20      0.20
06     12.00      0.00      1.00    -99.00      1.00      0.20      0.60      0.20      0.00      3.40    568.40      4.40
07      6.80      0.00      0.40    -99.00     62.80     19.80     16.40      4.60     59.40      0.20    122.40      0.80
08      2.00      0.00      0.00    -99.00      2.80      2.00     21.60      0.20      0.40      0.00     52.00      0.00
09     13.40      0.40      0.00    -99.00      1.40      0.20     11.00      4.00     47.60      0.00     91.60      2.00
10     10.40     13.60      0.00    -99.00      1.20     89.40     27.20      0.40     57.40      1.20    280.00      1.40
11      3.60      0.00      0.00    -99.00      0.20     15.60      0.20      0.00     19.00     12.00      0.20      0.00
12     12.20      1.20      0.00    -99.00      0.00     21.20      0.20     44.00     27.00      0.20      0.00      4.80
13      4.00      2.60      0.20    -99.00      0.00      0.20     38.00      0.00      9.00     21.60     37.20      8.00
14      0.60      2.60      0.20      0.00      0.00      0.00     47.40      0.00      1.20    417.20    136.40     10.60
15      0.20      0.00      0.00      0.20      0.00      0.00      0.00      0.00      1.20    367.00    440.60     25.60
16      4.00      4.40      0.20      5.80      0.00      0.00      0.00      0.00      1.80      0.60    136.80     30.80
17      0.20      0.00      0.00      3.80      0.00      0.00      2.60      0.00    200.20     17.20    104.00     41.00
18      3.00      0.20      0.00     11.00      0.00     10.40     20.80      0.00    520.20     50.20     12.80     45.40
19      3.80      0.00      0.00      0.20      5.40      0.20      0.00      0.00     31.60     13.40    107.20     16.40
20      2.80      0.00      0.00      0.20      0.20      0.00     37.40      0.00     21.20     96.60     86.60      4.00
21      0.00     19.60      0.00      0.00      0.00      0.00      1.60      0.00     18.20     29.80     20.60     20.20
22      0.00      4.40      0.00      0.00      0.00     22.00      4.40      0.00     33.20     13.60      4.80     14.60
23      0.00     82.20      0.00      0.20      3.20      1.20     29.60      0.00      0.00     14.20     24.40      0.80
24      0.00     43.20      0.00      0.00      1.80      0.40      6.60      0.00      0.40     36.00     10.00     27.80
25      4.40      2.20      0.00      5.40      0.20      0.00      0.00      0.00      0.00     34.00     21.80      6.20
26      0.20      0.20      0.00      5.60     20.60      0.00      0.00     28.60     26.60      0.80      1.20      1.40
27      6.60      0.00      0.00      0.00     24.80      0.00      0.00      0.00     70.60      2.80      4.00      9.00
28      5.00      0.20      0.00     27.20      0.20      0.00      0.00      0.00     30.20      0.00    162.60      1.40
29      5.20    -99.00      0.00      0.00      0.00     23.00      0.00     28.40     57.60     26.60     34.80      2.80
30      0.60    -99.00      0.00      0.40      0.00      0.00      0.00     14.20    178.20      2.80     22.00      6.20
31     13.60    -99.00      0.00    -99.00      1.00    -99.00      0.00     30.60    -99.00      0.00    -99.00      2.40
2014
01      0.00      0.20      0.00    -99.00     17.40      0.00    -99.00     24.40     14.80      0.40      0.00    201.20
02      0.20      0.20      0.00    -99.00      5.60      5.40     14.40     52.60     10.20      0.20      0.20    373.00
03      0.00      0.20      0.00    -99.00      0.40      1.20    -99.00      0.20     33.60      0.00     31.00     16.80
04      3.60      0.00      0.00    -99.00      4.20      0.00    -99.00      0.60      0.20      0.00     48.60     33.60
05      0.00      0.20      0.80    -99.00      7.20     17.00    -99.00      0.00      0.00     77.40      2.20     71.00
06      0.00      0.00      0.00      0.00      8.80      2.80      2.40      0.00      0.00     38.20     12.60     12.00
07      0.40      0.20      0.00     22.20      0.20      0.00     12.40      0.00      1.20    137.40      0.20     47.00
08      0.00      0.00      0.00      2.60     34.00      0.00     32.60      0.00      0.00     22.80      0.00    182.60
09      3.80      0.00      3.60      0.20      0.00      0.00      0.00      0.00      0.20      0.00     13.20      9.80
10     11.80     17.80      4.20      0.00      0.00      0.00      0.00      0.00      0.00      0.00      3.20     19.80
11      8.00      2.20      0.00      0.00      0.00      0.00     25.80      0.00      0.00      0.00      0.00     61.00
12     62.80      1.20      0.00      0.00      9.40      1.20      0.00      0.00      0.00     14.60     25.00    171.80
13    112.60     11.00      0.00      0.00     15.40      1.00      0.00      0.00      0.00     38.00    187.60    106.80
14     79.80      0.80      1.20      0.00     28.80      0.00     30.20    -99.00      0.00     21.00    164.40      7.20
15      1.00      0.40      3.40      0.00      0.20      0.00      0.00    -99.00      5.40     27.40    539.80      2.40
16      1.40      0.20      0.20      0.00      4.40      0.80     13.00    -99.00      0.00     10.60     47.20    232.80
17     42.80      0.00      0.00      0.00      0.00     53.20      4.80      0.00      0.00     37.60      6.40    187.40
18     40.80      0.00      0.00      0.00      0.00      0.00      0.80      8.40      0.00    158.80     57.40      4.40
19     22.60     35.00      0.00      0.00      0.00      0.00      3.60     28.80      0.00     29.20     44.80     32.00
20     56.40      3.60      0.00      0.00     30.00      0.00    -99.00      6.80      0.00     12.40     20.00      5.60
21      6.80      0.20     46.00      0.00      0.20      0.00      0.00      0.40      0.00     23.60      0.20     82.20
22      8.40      0.00      8.60      0.00      0.00      0.00     23.40      0.00      0.00     47.20      2.60     80.80
23      0.80      0.20      2.00      0.00      3.80    -99.00      0.00      0.00      0.00    122.00      1.80      1.80
24      0.20      0.00      0.20      0.00      0.00    -99.00      5.20     14.40      0.00     72.80      9.60      6.60
25      0.40      0.00      0.00      0.00      0.00    -99.00     47.80      0.00      0.00     71.00      2.20     14.40
26      0.20      0.00      0.00      0.00      0.00    -99.00     17.20      7.20      0.00     67.20      0.20     13.20
27      2.60      0.00      0.00      0.00      0.00    -99.00     18.80      9.80      0.00      3.80      0.00     19.20
28      1.20      0.00    -99.00      5.40      0.00    -99.00      5.20     29.20      0.00     18.40      0.00    115.00
29      0.20    -99.00    -99.00     12.20      1.80    -99.00     11.60      0.00      0.00      0.00      0.00     37.00
30      0.20    -99.00    -99.00     11.80      1.60    -99.00      0.00     29.00      0.00     29.80    176.40      0.20
31      0.40    -99.00    -99.00    -99.00      2.40    -99.00      0.00     57.00    -99.00     18.00    -99.00      0.00
2015
01      6.00     21.20      0.00      0.00     15.60      0.00      0.00     42.00      1.60     27.00    340.20      1.80
02     66.20     53.00      0.00      0.00     15.00      0.00      0.00     12.20      1.60     20.20    242.80      0.40
03     49.40     92.00      0.00      0.00      0.20      0.00      0.00     30.00     21.20      0.40    104.60      0.20
04      0.40     13.40      0.20      0.00      0.00      0.00      0.00      0.00     45.80     13.60    281.00      4.20
05      0.00      1.60      0.00      0.00     15.80      0.00     36.40      2.20      2.20     10.00    129.80     35.80
06      0.00     60.00      0.00      0.00      0.40      0.00     76.00     37.80      0.20     23.80     19.80    154.40
07     49.00      0.20      0.00      0.00      0.20      0.00     14.00      3.80      0.00      4.20      0.20     92.40
08    146.60     14.40      0.00      0.00      0.00     11.40    -99.00      0.00      0.00      5.60      0.40     14.00
09     47.80      6.20      0.00      0.00      8.40     10.60    -99.00      0.00      0.00      3.80      1.80     31.20
10     57.00      0.20      0.00      6.60      0.60      0.00    -99.00      0.00     30.80    265.60      0.20      0.40
11     16.60      0.00      0.00     34.60      0.20      0.00    -99.00      2.60     30.80    163.60      0.00      0.00
12     31.80      0.20      0.00    267.40      0.60      0.00    -99.00      2.60      0.00    274.00      3.40      0.20
13     25.40      0.00      0.20     12.20      4.20      0.00    -99.00      3.40    108.60     30.20      0.00      0.40
14      0.80      0.20      0.00      0.00     17.20      0.00     10.60     13.20    657.40     49.80      0.20      0.20
15      0.00      0.00      0.00      0.00      3.20      0.00     10.00      5.20     72.20    137.00      0.00     24.00
16      2.60      0.00      0.00      0.00      7.40      0.00      0.00      1.60     12.20      0.20      0.00    348.40
17     10.00      0.20      0.00      0.00      6.80      0.00      0.00      0.20      0.20      0.20      0.20    134.60
18      0.00      2.00      0.00      0.00     39.80      0.20      1.20      0.40      0.00      0.20      0.00      6.00
19      0.00      1.00      0.00      0.00     26.00      0.00      8.00      0.00      0.00      0.00      1.20      4.40
20      0.00      2.60      0.00      0.00      0.00      0.00      3.00      0.00      0.00      0.00      2.00     26.20
21      0.00      0.20      0.00      0.00      6.20     13.80      0.00      0.00      0.00      0.00     39.00     23.60
22      0.00      0.60      0.00     16.40     17.40      6.00      0.00      0.00      0.00      0.00     17.40     10.00
23      0.00      1.40      0.00      3.60      2.60      4.40      0.00      0.00      0.80      0.00     11.20      0.00
24      0.00      0.20     72.20      0.00      0.00      0.40      0.00      0.80     11.80      0.00     27.20      0.40
25      0.00      0.00    206.80      8.00      8.20      0.20      0.00     42.00      0.00      2.20    191.40      0.20
26      0.00      2.80    141.60      1.80      0.00      0.00      0.00      7.80      0.00      0.00    140.40      1.20
27      0.00      0.00    258.40      0.00      0.80      0.00      2.20     21.80      0.00      0.80     84.80      0.00
28      0.00      0.00     10.00      0.00      0.00      0.00     12.40      0.00      0.00      0.00     90.00      4.60
29      0.00    -99.00      0.40      0.00      0.00      0.00      9.60     13.80      0.00      0.00      7.40     24.00
30      0.00    -99.00      0.00      2.40     12.00      0.00     20.60      0.00      0.00      0.20      9.60      1.80
31      0.00    -99.00      1.00    -99.00      0.00    -99.00      9.00      0.00    -99.00    138.80    -99.00     23.00
2016
01     31.60     16.80      0.60    -99.00      0.00      7.00      0.00      0.00      0.20      9.60    579.40    144.00
02      5.40     28.40     10.80    -99.00      0.00     25.60      0.80      0.00      0.00     14.00    254.00     22.00
03      4.60      1.40      0.20    -99.00      0.00      0.00      0.00      0.40      0.00      9.60    176.60    -99.00
04      0.20      6.20      0.00      1.00      0.00     17.40      0.00     27.80      0.80      0.40     67.80    -99.00
05      0.00     36.00      0.00      0.00      0.00      7.80      6.00      0.00      6.60     82.60      0.20    -99.00
06      0.00     47.20      0.00      0.00      0.00      0.20      8.20      2.00     15.20     32.00     16.80    -99.00
07      0.00     19.80      0.00      0.00      0.00     16.20      0.20      6.00     67.80     25.60     45.40    -99.00
08      0.00      0.20      0.00      0.00      0.00      0.00     22.00     10.00     68.00     29.40     40.00    -99.00
09      9.20      3.40      0.00      0.00      0.00      0.00      0.00      0.00     18.00      9.60      5.40    -99.00
10      0.60      0.00      0.20      0.00      0.00      0.00      0.00      9.40     12.80      8.80     60.80    -99.00
11      5.80      0.00      0.60      0.00      0.00     14.00     21.60     15.00    109.20     65.20     46.00    -99.00
12     15.80      0.00      0.20      0.00      0.00      0.00      8.20      0.20    430.60     18.00      2.20    -99.00
13      1.20      0.00      0.00      0.00      0.00      0.00      0.00      0.20    214.80    259.00      0.00    -99.00
14      0.00      0.00      1.40      0.00      0.00      1.00      0.00      0.00      0.60    101.60      0.00    -99.00
15      0.00     16.20      0.00      0.00      0.00     13.20      0.00      0.00      0.20     64.00      0.40    -99.00
16      4.00      1.40      0.00      0.00      0.00      3.20     43.40      0.00      0.00     68.60      0.00    -99.00
17      4.20      0.20      0.00      0.00      0.00     16.40      0.20      0.00     24.00     30.20    351.40    -99.00
18      1.60      0.00      0.00      0.00      0.00     26.40      0.00      5.60     42.40      5.20     75.40    -99.00
19      1.80      0.00      0.00    -99.00      4.00      0.20      1.20      5.00      0.80      0.00      1.40    -99.00
20      0.00     37.40      0.00    -99.00      0.00      3.20     21.00      0.00     93.20      0.00     17.40    -99.00
21      0.00      0.20      0.00    -99.00      0.00      0.00      0.00      2.40    202.20      0.00     15.00    -99.00
22      0.00      0.00      0.00    -99.00      0.00      0.00      0.00     27.60     91.60      0.00      7.80    -99.00
23     83.60      0.60      0.00    -99.00      5.80      0.00      0.20     23.40      5.00      0.20      0.40    -99.00
24     76.80     46.20      9.60    -99.00     77.00     19.00      0.00     52.80      2.60      0.00     96.60    -99.00
25     36.60     22.00     34.20    -99.00     19.20     10.60      0.00     43.00     36.60      0.00    115.00    -99.00
26      2.00     44.20      1.40    -99.00     27.60     52.60      0.00      0.60      7.20     13.80    128.00    -99.00
27      1.20     13.00      8.80    -99.00      0.00     31.00      1.80     54.80      0.40      2.40     48.80    -99.00
28      1.20      1.20      4.40    -99.00      5.00     73.80      0.00      0.40      0.20      0.00      7.20    -99.00
29      0.20     20.60      0.80    -99.00      0.40     52.60      0.00     59.60      2.00      3.40     86.00    -99.00
30      1.40    -99.00      0.00    -99.00     11.20      0.40      0.00      0.80    158.60    102.20    333.40    -99.00
31      0.00    -99.00      0.00    -99.00     10.20    -99.00      0.00      0.00    -99.00    203.40    -99.00    -99.00
2017
01      0.00      0.00      1.40     14.40      0.00      0.20      6.20      0.00     36.60      0.00    347.20     77.00
02      0.00    -99.00      5.20     12.00      0.00      0.00      0.20      0.00      0.20     50.60      3.40    282.80
03      0.00    -99.00      0.20      5.00      0.00      0.00      0.00      0.00      0.00     20.20     60.20    144.40
04      0.00    -99.00      0.00      0.00      0.00      0.00      0.20      0.00      0.00      2.40   1126.20    107.60
05      0.00    -99.00      0.00      2.20     79.40      0.00     38.80      1.40      0.00     40.20   1038.80    129.80
06      0.00    -99.00      0.00      0.00      2.80      0.00      0.20      7.20      0.00      0.80    294.20      0.80
07      0.00    -99.00      0.00      0.00      0.00     88.60      0.00      0.00     86.60      4.00    140.20      1.00
08      0.00    -99.00      3.20      0.00     10.80     24.20      3.80      0.00      0.00     20.40    176.60      9.40
09      0.00    -99.00      0.20      9.80      7.00      9.00     33.00     13.20     24.00    224.40    113.20      6.40
10      0.00    -99.00      0.00      0.20      0.00     38.80     60.80     11.20      1.20     18.80     36.40      0.60
11      0.00    -99.00      0.20      6.40      0.00      0.00      3.00      0.00      0.00     43.60     15.60      5.80
12      0.00    -99.00      0.00     17.60      0.00      0.00      4.40      0.00      0.00      5.40      0.40      0.40
13      0.00    -99.00      0.00     24.20     19.20     18.00      0.40      2.40     42.60      1.60      2.40      0.00
14      0.00    -99.00      0.00      0.80      0.80     37.40      4.80      2.40    265.60     35.80     49.20      0.00
15      0.00    -99.00      0.00      0.00      9.00      0.00     39.20      0.20    111.20      7.60     32.60     36.40
16      0.00    -99.00      2.40      0.00    102.20      0.00     59.00      0.00      0.20      9.80     11.20    150.80
17      0.00    -99.00      0.00      0.00      4.80      0.00     49.80      5.40      1.40     59.20      0.20    215.40
18      0.00    -99.00      0.40      0.00      6.40      0.00     16.20     10.00      0.20     73.40      0.00      9.40
19      0.00    -99.00      0.20      0.00     15.80      0.00     68.60      2.00      0.00     61.80    222.40      0.00
20      0.00    -99.00      1.40     23.20      0.20      0.00      0.00      0.00      0.00     86.00    199.20      0.00
21      0.00    -99.00      0.20      1.60      2.40      0.00      0.00      0.00      8.80      4.00     25.80     47.80
22      0.00    -99.00      0.20     77.20      8.40      0.60     37.20      0.00     20.60     24.20    155.00      8.60
23      0.00    -99.00      0.00      0.00      0.60      0.00      1.40      0.00      1.80     31.00    271.60      9.40
24      0.00    -99.00      0.00      1.40     33.40     22.80      1.80      9.60      2.20     28.00    116.60     41.40
25      0.00    -99.00     17.40      5.40     81.00     35.40     78.80      0.80     10.40     29.20     40.60      9.00
26      0.00    -99.00     46.80      0.00    229.20      0.00      1.80    103.20      0.00      6.20     53.60     37.20
27      0.00    -99.00     14.00      3.40     42.80      0.00      3.00     19.80      0.20      4.20     12.60     18.60
28      0.00    -99.00      0.20    108.20     26.00     32.60     69.20     26.60     17.40      0.80     55.80      8.40
29      0.00    -99.00      9.00     14.60      5.00     17.80      0.20      1.00     15.80      7.20    109.80     24.00
30      0.00    -99.00      0.00      0.20      9.40     61.40      0.00      0.00      2.40    253.80     40.00     20.20
31      0.00    -99.00     65.60    -99.00     24.40    -99.00      0.00      1.20    -99.00    464.60    -99.00     84.00
2018
01     16.40      6.60      0.00      0.00    -99.00    -99.00      0.00      0.00      0.00      0.00      0.00      6.00
02     19.60      0.40      0.00      0.00    -99.00    -99.00      0.00      0.00      0.00      0.00      0.00      0.00
03     47.60     44.40      0.00      0.00    -99.00    -99.00      0.00      0.00      0.00      0.00      0.00      0.00
04     27.80      3.20      0.00      0.00    -99.00    -99.00      0.00      0.00      0.00      0.00      0.00     11.20
05      7.40     49.40      0.00      0.00    -99.00    -99.00      0.00      0.00      0.00      0.00     10.20      0.00
06      0.00      6.40      0.00     52.20    -99.00    -99.00      0.00      0.00      0.00      0.00     17.60      1.00
07      0.00      0.00      0.00    239.60    -99.00    -99.00      0.00      0.00      0.00      0.00    121.00     17.60
08      3.00      9.60     41.00     10.60    -99.00    -99.00      0.00      0.00      0.00      0.00      7.20     91.00
09     21.40      0.20     16.00      0.20    -99.00    -99.00      0.00      0.00      0.00      0.00     20.80    186.60
10      0.00      0.20      2.40      0.00    -99.00    -99.00     51.80      0.00      0.00      0.00      7.40    283.20
11     61.80     32.80      0.80      0.20    -99.00    -99.00      7.80      0.00      0.00      0.00      0.00    543.00
12     58.00     26.60      9.80      0.00      1.00    -99.00      0.60      0.00      0.00      0.00      0.00    333.80
13      6.80      9.00      0.00      0.00      0.00    -99.00      5.80      0.00      0.00      0.00      0.00     52.40
14      0.00      0.00      3.60      0.00      0.00    -99.00      7.00      0.00      0.00      2.60      0.00     72.40
15      7.60      0.00     23.00      5.00      0.60    -99.00      2.00      0.00      0.00      0.00      0.00     76.00
16      0.00      0.00      0.00      4.60      0.20    -99.00     12.40      0.00      0.00      0.00      0.00     93.40
17      0.00      0.00      0.00      9.40      0.00    -99.00     26.20      0.00      0.00      0.00      0.00    155.60
18      0.00      0.00      0.00      5.40      9.40    -99.00     53.20      0.00      0.00      0.00      1.20      8.60
19      3.40      0.00      0.20      5.00      0.20    -99.00      7.40      0.00      0.00     25.60      0.00      0.00
20      9.80      0.20     19.60      0.00      0.00    -99.00      0.20      0.00      0.00      1.80      0.00      0.00
21      2.40      0.00      8.60      0.20      0.00    -99.00      1.00      0.00      0.00      0.00      0.00      0.00
22      2.00      0.20      0.80      0.00      0.00    -99.00     13.20      0.00      0.00      1.80    267.00      0.00
23      0.60      9.40      0.00      2.40      0.00    -99.00      0.00      0.00      0.00      0.00     59.20      0.00
24      6.40      0.00      0.00      0.00      0.00    -99.00      0.00      0.00      0.00      0.00    168.80      0.00
25      1.60      1.20      0.00      0.00     17.00    -99.00      1.00      0.00      0.00      0.00    112.60      0.00
26      3.80      3.80      0.00      2.00      0.80    -99.00      0.00      0.00      0.00      0.00     33.80      0.00
27     12.20      4.20      0.00      6.60      0.00    -99.00      5.20      0.00      0.00      0.20     32.40      0.00
28      0.40      0.00      0.20      0.00      0.00    -99.00      2.00      0.00      0.00     47.20     74.20      0.00
29     28.00    -99.00      0.00      1.00      0.00    -99.00      0.00      0.00      0.00      0.00    115.20      0.00
30      1.40    -99.00      0.20    -99.00      0.00    -99.00      0.40      0.00      0.00      0.00     23.60      0.00
31      2.20    -99.00      0.00    -99.00      0.00    -99.00      0.20      0.00    -99.00      0.00    -99.00      0.00
