BinhDien            
   107.52400       16.356001              12
2011
01      0.00      7.60      0.20      0.20      0.20      0.00      0.00     25.80      0.00     82.60     33.80     26.20
02      0.40      2.00      0.00      0.00      0.00      0.00      0.00      1.00      0.00      9.00      5.40     24.20
03      0.00      0.00      3.40      0.00      0.00      0.00      0.00      1.60      5.80     37.80      3.80      3.40
04     21.60      0.00     10.40      0.00      0.00     16.80      0.00      0.00      3.80     30.60    120.80      0.20
05      4.40      0.20      0.20      0.00      0.00      0.00      0.00      0.00      8.20      3.80     24.80      8.80
06     16.40      0.00      0.00      0.00      0.00      3.00      0.00      0.00     31.80      0.00    110.40     25.00
07     42.20      0.20      0.60      0.00      0.00      0.00      0.00      0.00      0.00      0.00    258.80     16.40
08      7.00      0.00      0.00      0.40      2.20      0.00      0.00      0.00     40.20     16.20     87.40     20.20
09     10.20      0.00      0.00      0.20      0.20      7.40      0.00      0.00     37.40    162.00     20.40     73.40
10     26.00      0.00      1.00      0.00      0.00      0.60     15.40      0.00      7.20      6.80      3.40     58.00
11      8.00      0.20      0.20      0.00      2.40      4.20      0.60      0.00     11.00     34.60      0.00     13.20
12      7.80      0.00      0.20      0.00      1.00      0.20      0.00      0.00     42.40      1.00      0.20      2.80
13      1.80      2.20      0.00      0.00      9.80      0.00      0.00      3.20      1.80     19.80      0.00      0.60
14      0.20      1.00      0.00      0.00     15.60     61.00      0.00      0.00      4.80     15.60      9.40      7.60
15     14.40      0.00      1.60      0.00      0.40      0.00      0.40      6.20      0.40     43.60     25.40     46.00
16      3.00      0.20      6.40      1.40     12.00      0.00      0.00      1.60      0.00    200.60     34.20     97.80
17      1.40      0.20      3.40      0.20     67.80      0.00      0.00     12.00      0.00    152.20      0.80     61.20
18      0.40      0.40      0.80     50.00      1.20      0.00      0.00      0.00      0.00     33.00      0.20     21.00
19      3.80      0.80      0.00     10.00      0.40      1.20      0.00     17.60      0.60     83.80      0.00      0.80
20      2.80      0.00      0.00      6.00      3.40      0.20      0.00      2.40      7.00      0.20     23.20      9.40
21      7.00      0.00      0.00      0.20      0.20      0.00      0.00      0.00     38.40      2.80     25.00      8.20
22      0.80      0.00      4.00      0.00     18.00      0.00      0.00      0.00    100.60      0.20     10.80     19.80
23      4.60      0.20     15.20      2.40      8.00      0.20      0.00      0.00    124.60      0.00      6.00     13.60
24      6.60      0.00     16.40      0.00      0.20      2.00      0.00      0.00     82.80      5.00      6.20     28.00
25      9.60      0.00     31.60      0.60      1.40      0.20      0.00      0.60     35.40      2.80    119.60      2.20
26      7.80      0.20     20.00      0.20      1.00      0.00      0.00      1.80    142.80      0.00     19.80      0.20
27     11.40      0.00      2.40      0.40      0.00      0.00      0.00      0.00     11.60     30.80      1.80      6.40
28     21.60      0.00     12.80      1.60      0.00      0.20      0.00      0.80      0.00      9.60      0.00      1.60
29     17.20    -99.00     17.00      0.00      0.00      2.80      0.00      7.00      0.40      2.20      0.00      0.00
30     12.20    -99.00     11.60      1.00      0.00      1.00      3.40      0.00      0.00     14.20      0.60     15.40
31      9.60    -99.00      0.60    -99.00      0.00    -99.00      2.80      0.00    -99.00     10.80    -99.00     24.20
2012
01     14.00      0.20      0.20      8.20      0.00     48.80     12.80      0.00      0.60      0.00     15.00      0.00
02      2.40      0.00      0.00      0.60      0.40      5.80      0.60      0.00      0.00      0.80      1.00      0.40
03      0.00      0.40      0.00      0.00      2.00      0.00      2.00      0.00     43.40      0.20      0.00      0.00
04     12.00      0.00      0.00      0.00      0.00      0.00      0.60      0.00    159.40      0.00      8.00      0.00
05      2.60      0.00      0.00     35.20      0.00      0.00      2.00      0.00      6.00      0.00     11.20     11.40
06      1.60      0.20      0.00      0.00      0.00      0.00     27.20      0.00      1.80     82.40      0.40      2.80
07      3.80      0.00      0.00     11.20      0.00      5.20      0.20      0.00     12.20     65.40      0.00      0.00
08      4.80      0.20      0.00      0.20      0.00     14.00      0.00      0.60      0.00     13.60      0.00      0.00
09      2.40      0.00      0.00      0.00     16.60      0.40      0.00      0.00      0.00      7.20      0.00      0.00
10      2.60      0.60      0.60      1.00      0.00      0.00      0.00      0.00      4.20     23.80      0.00      0.00
11     15.20      0.20      0.20      0.20      0.20      0.00      0.00      0.00      3.00      0.00     73.40      0.00
12     43.00      0.00      0.40      0.00     21.60      0.00      0.00      0.00      0.00      0.00    130.80      2.20
13     16.60      0.00      0.20      0.00      0.00      0.00      5.00      0.00     22.60      0.00     11.80      0.60
14      0.00      0.00      0.20      0.00      0.00      0.00      0.00      1.80     17.20      0.00      3.20      0.00
15      0.00      0.00      0.00      0.40     21.40      0.00      0.00     17.40     25.20      0.00     41.80      0.00
16      3.40      3.20      0.00      0.00     45.80      6.40      0.00      0.00      0.00      0.00    132.80      0.00
17      0.00     17.60      0.00      0.00      8.20      3.40      0.00      0.20      0.00      0.00     44.80      0.00
18      0.00     28.60      0.00      0.00      0.40      2.40      0.60      0.00      0.00      0.00      2.80     16.20
19      0.20     16.60      0.00      0.60      0.00      0.60      0.60      9.60      0.00      0.00     10.40     78.60
20      0.00      1.80      0.00      0.00      0.00      0.00      6.00      1.60      0.00      0.00      1.20      0.00
21      4.60      0.00      0.00     19.40      0.00      0.00      0.00      0.00      0.00      0.00      0.00      0.00
22      5.60      0.00      0.00      0.00      1.80      0.00      0.00      8.00      0.00      0.00      0.00      8.60
23      3.80      0.00      1.00      0.00      0.20      0.00      0.80      4.40      0.00     10.00      0.00    168.40
24      0.00      0.00      3.60      0.00      0.80      0.00      0.60     40.60      0.00      0.80      0.00     30.20
25      4.80      0.00      0.00      0.00      0.00      0.00      0.40     48.80      0.00      0.00      0.00      0.00
26      0.00      0.40      0.80      0.00      0.40      0.00      0.00      0.00     75.20      1.20      1.80      3.80
27      0.40      1.40      0.40      0.00     31.40      0.00      0.00      7.60     41.60     86.60      0.20      3.00
28      0.00      0.00      0.20      0.00     19.40      0.00      0.00      0.00      5.20     14.20      0.00      1.00
29      1.00      0.40      0.00      0.00     11.20      0.00      0.00      0.00      7.80      0.00      0.00      6.80
30      7.00    -99.00      0.00      0.00      0.20      0.00      0.00      0.00      5.00     11.20      0.00     20.60
31     14.00    -99.00     12.60    -99.00     71.60    -99.00      0.00     14.60    -99.00     39.80    -99.00     11.00
2013
01      0.20      0.00      0.00    -99.00      5.60      0.00      0.00    -99.00      8.00      0.80      0.00      7.40
02      0.00      0.00      0.00    -99.00      1.00     37.00     46.00      3.40      0.00     57.00      0.20      0.00
03      1.20      0.00     32.00    -99.00      0.00     86.40      0.20      0.40     11.40     53.20      0.20      0.00
04      1.60      0.00      2.60    -99.00     29.60      1.00      0.00      0.00      0.00      2.80     11.40     14.40
05      0.00      0.00      1.00    -99.00      0.20      4.40      0.00      0.00      0.00      0.20     79.80      0.20
06     13.80      0.00      0.20    -99.00      0.00      0.00      0.00      0.00      0.20      0.20     49.80      1.80
07      8.80      0.00      0.00    -99.00      3.20      0.00      6.40      7.60      4.80      0.40    332.60      0.00
08      1.00      0.00      0.00    -99.00      0.00      0.00     11.20      0.00      0.80      0.00     58.60      0.20
09     11.00      2.20      0.00    -99.00      0.00      0.00     13.80      0.00     13.40      0.00     27.40      0.00
10      5.00      7.20      0.00    -99.00      3.40     48.00     10.40      0.00     58.40      0.20     80.20      0.00
11      5.20      0.00      0.00    -99.00      6.80     10.00      0.20      0.00     21.80     17.00      0.20      0.00
12      5.60      0.00      0.00    -99.00      0.00      0.80      0.00     14.40      1.20      4.60      0.00      0.00
13      2.20      1.80      5.20    -99.00      0.00      0.00      1.40      0.00     12.20      5.00      0.20      8.20
14      0.20      0.00      0.00      0.00      0.00      0.00      5.00      0.00      4.20     66.60     40.40      6.80
15      0.00      0.00      0.40      0.00      0.00      0.00      0.20      0.00      2.00    131.00    314.20     10.00
16      0.40      2.40      0.00      1.00      0.00      0.00      0.00      0.00      0.00     32.60     82.60     11.00
17      0.00      0.00      0.00      0.60      0.00     23.00     11.40      0.00    124.20      3.00     33.60     13.00
18      2.80      0.00      0.00      6.80      0.00      0.00     25.20      0.00    264.60      5.80      8.80     12.20
19      0.40      0.00      0.00      0.00      0.00      0.00      4.80      0.00      4.00     26.40     22.80      1.40
20      1.40      0.00      0.00      0.00      0.00      1.00     14.40      0.20     66.80     36.00     23.80      0.00
21      0.00      1.60      0.00      0.00      0.00      0.00      0.00      1.00     20.00     83.60      7.00     16.60
22      0.00      1.40      0.00      0.00      0.00     14.80      0.00      0.20      0.20     11.40      4.40     11.00
23      0.00      7.80      0.00      6.00      0.00      0.00      6.80      0.00      0.00      7.00      0.80      0.00
24      0.00     20.00      0.00      0.60     22.20      0.00      4.20      0.00      0.00      3.80      0.00      0.40
25      0.40      0.00      0.00      1.00      0.00      2.40      0.00      0.00      0.20     16.20     39.40      0.20
26      0.00      0.00      0.00     11.00      0.00      0.00      0.00     57.60      4.00      6.60      0.60      0.00
27      0.60      0.00      0.00     15.00      0.00      0.00      0.00      0.00     26.40      0.60      0.00      1.80
28      0.00      0.00      0.00      0.00      2.00      0.00      0.00      0.00      4.80      0.00     99.60      1.40
29      0.40    -99.00      0.00      0.20      0.00      6.00      0.00      5.20      4.00      0.60     31.60      1.60
30      0.00    -99.00      0.00      1.00      0.00      0.00      0.00      0.00     84.80      5.40     11.20      2.20
31      0.00    -99.00      0.00    -99.00      0.00    -99.00      0.00      1.00    -99.00      0.20    -99.00      0.00
2014
01      0.00      0.00      0.00    -99.00     53.80      0.00    -99.00      1.20     18.80      0.00      2.80    127.20
02      0.20      0.20      0.20    -99.00      0.60      0.00      0.00     34.00     20.60      0.00      0.20    199.20
03      0.20      0.20      0.40    -99.00      9.00      0.00    -99.00      0.00      0.00      0.00      5.80     62.00
04      0.80      0.00      0.20    -99.00     17.40      0.00    -99.00      0.00      0.00      0.00     12.60      8.00
05      0.20      0.00      1.40    -99.00      0.20      0.00    -99.00      0.00      0.00     57.60      0.20     11.20
06      0.00      0.00      0.20      0.00      6.60      0.00      0.00      0.00      0.00     37.80      0.00     11.60
07      0.20      0.20      0.20      0.00      2.40      0.00      0.00      0.00      0.00     50.60      0.20     20.40
08      0.20      0.00      0.00      4.60     13.00      0.00      8.80      0.20      0.00     54.40      0.00     17.40
09     15.80      0.00      0.00      0.00      0.00      0.00      0.00      0.00      0.00      0.00      3.00     12.00
10     11.60      7.40      0.20      0.00      0.00      0.00      0.00      0.00      0.00      0.00      0.20      1.00
11      1.00      1.00      0.20      0.00      0.00      0.00     14.40      0.00      0.00      0.00      0.20      5.00
12      8.80      0.00      0.00      0.00     16.40      4.40      6.20      0.00      0.00      0.00      8.20     33.20
13     23.80      3.00      0.00      0.00      0.00      0.40      0.20     45.40      0.00     71.40     54.40     29.60
14      6.00      4.00      2.00      0.00      0.00      0.00      0.00    -99.00      0.00      9.60     43.80      2.60
15      0.00      0.20      2.80      0.00      0.00      0.00      4.20    -99.00      0.00      4.80     38.60      0.20
16      2.60      0.00      0.00      0.00     20.60      0.00      0.00    -99.00      0.00      3.00      3.00     81.60
17      0.40      0.00      0.00      0.00      0.20      0.00     33.60      0.20      0.00     12.40      2.60     26.60
18      4.80      0.00      0.00      0.00      0.00      0.00      2.40      9.20      0.00     63.20      9.20      4.40
19      4.40      4.40      0.20      0.00      0.00      0.00      2.00      0.20      0.00      2.20      0.60      4.00
20      6.00      3.20      0.00      0.00      0.00      0.00    -99.00    105.40      0.00      1.60      3.80      0.40
21      0.00      0.00      6.40      0.00      0.00      0.00     14.00     19.20      0.00      6.40      1.60     22.00
22      2.20      0.00      4.60      0.00      0.00      0.00     85.40      0.00      0.00     37.80      0.20     12.80
23      0.20      0.00      0.00      0.00      3.60    -99.00      3.20      0.00      0.00     68.80      0.80      1.40
24      0.20      0.00      0.00      0.00      0.00    -99.00      0.00      0.00      0.00     52.60      7.80      7.80
25      0.20      0.20      0.00      0.00      0.00    -99.00      5.20      0.00      0.00     37.40      1.80     21.40
26      0.00      0.00      0.00      0.00      0.00    -99.00     15.80     26.20      0.00      1.80      0.20      9.00
27      0.40      0.00      0.00      1.40      0.00    -99.00     31.80      0.00      0.00     44.20      0.20     11.80
28      0.00      0.00    -99.00      0.00     20.60    -99.00      0.00     80.60      0.00      3.40      0.00     44.20
29      1.00    -99.00    -99.00      0.20      1.40    -99.00      0.00      0.20      0.00      0.00      0.00      0.20
30      0.00    -99.00    -99.00     11.60      0.00    -99.00     31.40     16.40      0.00      0.20    100.00      0.00
31      0.20    -99.00    -99.00    -99.00      0.00    -99.00      0.00     19.20    -99.00     31.40    -99.00      0.00
2015
01      0.20     42.60      0.00      0.20      0.20      0.20      0.00      0.20      0.00     11.20     92.00      0.00
02     12.00     40.20      0.00      0.00      0.60      1.80      0.00      1.20      0.00     57.60     13.80      0.00
03     17.20      3.40      0.00      0.00      0.00      0.00      0.00     27.00      0.00      2.20     14.40      0.00
04      0.20      0.60      0.00      0.00      3.60      0.00      0.00      5.80      0.20      5.00    100.00      0.20
05      0.00      0.20      0.00      0.00      0.00     10.40      3.00      0.00      0.00     31.20     28.40      0.20
06      0.00     34.80      0.00      0.00      0.00      0.00      5.20      6.00      0.00     81.00      4.20     57.40
07      5.00      0.00      0.20      0.00     18.00      0.00     22.80      0.20      0.00     16.80      3.20      7.80
08      0.20      2.80      0.00      0.00      1.60      0.00    -99.00      0.00      1.40     50.80      1.20     16.60
09      7.40      6.40      0.00      0.00     42.40      6.00    -99.00      0.00      0.00      1.20      0.20      5.00
10     23.20      0.00      0.00      0.00      1.20      0.00    -99.00      0.00      9.60     13.40      1.40      0.00
11      8.00      0.00      0.00      3.20      0.00      5.60    -99.00      3.00      6.20     35.20      0.00      0.00
12      4.40      0.00      0.60     29.00      2.00      0.00    -99.00      0.60      9.60     26.60      0.00      0.00
13      3.00      0.00      0.60      0.20      2.20      0.00    -99.00      0.20     37.60     65.00      0.20      0.20
14      0.00      0.00     12.20      0.00      6.40      0.00     18.20      0.00    126.20     87.80      0.00      0.00
15      0.00      0.00      0.20      0.00     14.60      0.00      0.20      9.00     35.00      6.20      0.00      3.80
16      0.60      0.00      0.00      0.00      0.00      0.00      0.00      0.00      1.80      0.00      0.00    123.60
17      2.00      0.00      0.00      0.00      7.40      0.00      0.20      0.00      0.20      0.20      0.00     22.40
18      0.00      0.20      0.00      0.00      0.00      0.00      0.00      0.00      0.00      0.00      0.00      3.60
19      0.00      0.00      0.00      0.00      0.00      0.00      2.00      1.60      0.00      0.20      0.00      5.40
20      0.00      9.00      0.00      0.00      0.00      0.00      2.20      0.20      0.00      0.20     47.80      5.20
21      0.00      0.00      0.00      0.80      0.00     16.00      0.00      0.00     16.20      0.00      1.40      8.20
22      0.00      0.20      0.00      0.00      0.00      1.00      0.00      0.00      0.20      0.60      1.80      3.00
23      0.00      0.00      0.00     37.40      0.00      5.00      0.00      0.00      0.00      0.00      2.00      0.00
24      0.00      0.00     10.20      2.00      0.00      0.40      0.00      0.00      0.00      0.20     23.40      0.20
25      0.00     10.40      1.40     91.80      0.00      0.00      0.00     20.60      0.00      0.00      4.20      0.20
26      0.00      0.20     11.80      4.60     17.40      0.00      1.80     28.80      0.00      0.00      5.00      0.60
27      0.00      0.00     54.20      0.00      0.00      0.00      1.60      7.40      0.00      0.00    166.60      0.60
28      0.00      0.00     12.20      0.60      0.00      0.00      6.20      0.20      0.00      0.00     36.60     11.00
29      0.00    -99.00      0.20      0.00      0.00      0.00      3.80      0.00      0.00      0.00     13.80      3.80
30      0.00    -99.00      0.20      1.20      3.00      0.00     17.60      0.00      0.00      0.00      0.20      1.20
31      0.00    -99.00      0.00    -99.00     10.00    -99.00      3.20      0.00    -99.00     30.00    -99.00     10.20
2016
01      2.00      1.80      0.20     17.20      0.00      0.80      0.00      0.00      0.00      6.40    103.60     62.40
02      2.00      4.80      0.60    -99.00      0.00      7.60      0.00      0.00      0.00      0.20     55.60     76.80
03      3.80      1.20      0.00    -99.00      0.00      7.80      0.00      1.40      0.00      3.40      4.60    236.60
04      0.20      8.60      0.00      0.00      0.00      0.00      0.00     70.20      0.00      0.20      3.60     26.00
05      0.00     14.00      0.00      0.00      0.00     30.60     16.80      1.60      0.00     42.40      0.00      2.60
06      0.20      3.80      0.00      0.00      0.00      0.00     42.20      0.80      9.80     31.20     20.80     42.80
07      0.00      4.60      0.00      0.00      0.00     21.80      4.40      1.60     18.00      7.00      9.40     60.20
08      0.00      0.00      0.00      0.00      0.00      0.20      3.60      0.00      1.60     47.60      8.20     37.80
09      0.00      0.00      0.00      0.00      0.00      0.00      0.00      0.00      3.20      0.00     11.60      1.00
10      0.00      0.00      0.00      0.00      0.00      0.00      0.00      0.00     24.20      0.60      2.20      0.20
11      0.00      0.00      0.80      0.00      0.00      0.00      0.00      0.00      0.00     29.20     30.80     20.80
12      0.80      0.00      0.00      0.00      0.00      0.00      0.00      0.00     60.00     31.80      0.20      4.40
13      1.20      0.00      0.00      0.00      0.00      0.00      0.00      0.40    113.60    116.20      0.00    172.80
14      0.00      0.00      0.00      0.00      0.00      0.00      0.00      0.60      0.40    124.80      0.00    135.40
15      0.40      2.20      0.00      0.00      0.00      0.00      0.00      0.00      0.00     27.00      0.20    243.00
16      1.00      2.80      0.00      0.00      0.00     21.20      0.00      0.00      0.00     63.80      0.00     52.20
17     11.00      2.80      0.00      0.00      0.00      0.20     11.20      0.00      1.20      1.40     87.20      8.20
18      1.00      0.60      0.00      0.00      0.00      0.00      0.00      7.60      0.80      0.20     36.00      5.60
19      0.60      0.20      0.00    -99.00      3.40      0.00      2.80      0.00      0.80      0.00      8.40      3.40
20      0.20      4.40      0.00    -99.00      0.00      0.00      0.20      0.00     42.60      0.00      7.00      2.80
21      0.00      0.20      0.00    -99.00      0.00      0.00      2.40      0.80    238.20      0.00      3.00      1.00
22      0.20      0.00      0.00    -99.00      0.00      0.00      0.00     11.20     64.20      0.00     61.00      9.60
23     14.80      1.80      0.20    -99.00     18.40      0.40      6.20     39.60     39.40      0.00     54.00     16.00
24     27.80     12.60      0.40    -99.00     10.00     11.40      0.00     49.20      7.00      0.00     55.00     23.60
25      5.80     12.60      4.60    -99.00     54.60     13.20      0.00      3.80     10.80      0.00     22.00      0.00
26      5.20      6.00      1.40    -99.00      0.20      6.60      0.00      3.20      1.00      2.40     45.60      0.00
27      1.20      5.60      5.80    -99.00      0.00      3.40      0.40      0.00      0.20      6.00      9.60     61.40
28      0.40      1.60      0.20    -99.00     29.40     10.40     40.00      1.00      0.00      0.20      1.60     43.00
29      0.40      0.60      0.00    -99.00      3.80      0.60      0.00     95.00      2.20      3.40     12.80     20.60
30      1.20    -99.00      0.00    -99.00      6.80      0.20      0.00      0.80      1.00    121.80     72.80     10.20
31      0.20    -99.00      0.00    -99.00      0.00    -99.00      0.00      0.00    -99.00     98.20    -99.00    -99.00
2017
01      7.20     54.20      0.20      1.00      0.00      0.00      0.00    -99.00      0.00      0.00     63.00    -99.00
02     19.00     11.60      5.20      6.00      0.00      0.00      0.00    -99.00     15.80      8.20      0.40    -99.00
03      0.00     21.80      0.00      0.40    -99.00      0.00      0.00    -99.00      0.00      2.20     14.80    -99.00
04      0.00      8.40      0.00      0.00      0.00    -99.00      0.00    -99.00      0.00      0.00    142.40    -99.00
05      0.00      0.00      0.00      1.40    -99.00    -99.00      0.00    -99.00      0.00     18.40    292.20    -99.00
06      0.00      0.00      0.00      0.00      0.00      4.60      0.00    -99.00      0.00      1.00     29.60    -99.00
07      0.00      0.00      0.00      0.00    -99.00     72.00      0.00    -99.00     84.00      0.20    184.00    -99.00
08      0.00      0.00      3.00      0.00      1.00    -99.00      0.00    -99.00      0.00     29.40    147.00    -99.00
09      0.00     28.40      0.00      0.00      9.40      2.60      0.00    -99.00      0.00     90.80     27.60    -99.00
10      0.00      8.40      0.00      0.00    -99.00      0.20      0.00    -99.00      0.00      0.20     46.20    -99.00
11      0.00     35.40      0.00      0.00      9.00    -99.00      0.00    -99.00      0.00      0.00      1.20    -99.00
12      0.00     36.40      0.00      7.60    -99.00      0.00      0.00     42.20      0.00      7.40      0.00    -99.00
13      0.00      3.40      0.00      2.20     13.80     36.60      0.00    -99.00      3.20      0.40      0.20    -99.00
14      0.00      2.00      0.00      0.00      0.00    -99.00      0.00    -99.00     94.60      0.60     86.80    -99.00
15      0.00      8.20      0.00      0.00    -99.00      0.00      0.00    -99.00     71.40      3.00     31.00    -99.00
16      0.00      0.00      0.20      0.00     46.80      0.00      0.00    -99.00      0.00      0.20      3.00    -99.00
17      0.00      0.00      0.20      0.00      1.40    -99.00      0.00    -99.00      0.00      0.00      0.00    -99.00
18      0.00      3.80      1.80      0.00    -99.00      0.00      0.00    -99.00      0.00     13.40      0.20    -99.00
19      0.00      0.00      0.00      0.00     36.20      0.00      0.00    -99.00      0.00     45.00      6.20    -99.00
20      0.00      0.00      0.20      0.00      0.00    -99.00      0.00    -99.00      0.00      2.00      0.00    -99.00
21      0.00      0.00      5.80      0.00    -99.00      0.00      0.00    -99.00      0.00      8.20      0.00    -99.00
22      0.00      0.00      0.00      6.80      9.80      0.00      0.00    -99.00      1.80      8.00      0.00    -99.00
23      0.00      0.20      0.00      0.20      8.00    -99.00      0.00    -99.00      1.40     18.80      0.00    -99.00
24      0.00     15.00      0.00      0.00    -99.00      0.00      0.00    -99.00      0.40     19.00      0.00    -99.00
25      0.00      4.00      0.00      0.00    -99.00      0.20      0.00    -99.00     68.40      2.60      0.00    -99.00
26      0.00      6.40      0.00      0.00    159.60    -99.00      0.00    -99.00      0.00     11.00      0.00    -99.00
27      0.00      7.00      0.00      0.00    -99.00    -99.00      0.00    -99.00      0.00      0.00      0.00    -99.00
28      0.00      1.20      0.00      0.00    -99.00      4.20      0.00    -99.00      0.20      0.00      0.00    -99.00
29      0.00    -99.00      0.00      0.00      8.00    -99.00      0.00    -99.00      0.00      0.60      0.00    -99.00
30      0.00    -99.00      0.00      0.00     22.40    -99.00      0.00    -99.00      0.00     93.80    -99.00    -99.00
31      0.00    -99.00      0.00    -99.00    -99.00    -99.00      0.00    -99.00    -99.00     29.00    -99.00    -99.00
2018
01    -99.00      3.40      0.00      0.00    -99.00    -99.00      0.00      0.00      0.00      0.00      0.00      0.60
02    -99.00      0.00      0.00      0.00      0.00    -99.00      0.00      0.00      0.00      0.00      0.00      0.00
03    -99.00     13.00      0.00      0.00      0.00    -99.00      0.00      0.00      0.00      0.00      0.00      0.00
04    -99.00      0.00      0.00      0.00      0.00    -99.00      0.00      0.00      0.00      0.00      0.00      2.40
05    -99.00      3.40      0.00      0.00      0.00    -99.00      0.00      0.00      0.00      0.00      6.00      0.20
06    -99.00      4.60      0.00      0.00      0.00    -99.00      0.00      0.00      0.00      0.00     17.00      0.00
07    -99.00      0.00      0.00     21.80      0.00    -99.00      0.00      0.00      0.00      0.00    142.00      2.40
08      1.20      3.80      4.20     43.40      0.00    -99.00      0.00      0.00      0.00      0.00     30.20     16.80
09      0.00      0.00      3.80      3.80      0.00    -99.00      0.00      0.00      0.00      0.00      5.80    171.20
10      0.00      0.00      0.40      0.00      0.00    -99.00     18.00      0.00      0.00      0.00      2.00    203.00
11      0.00     10.20      0.00      0.00      0.00    -99.00     10.20      0.00      0.00      0.00      0.00     54.60
12      0.00     13.60      0.00      0.00      0.00    -99.00      0.00      0.00      0.00      0.00      0.00     81.80
13      0.00      0.80      0.00      0.00      0.00    -99.00      1.40      0.00      0.00      0.00      0.00     26.60
14      0.00      0.00      1.20      0.00      0.00    -99.00      0.00      0.00      0.00      0.60      0.00     26.60
15      0.00      0.00      4.80      1.40     13.40    -99.00      4.00      0.00      0.00      0.00      0.00     67.60
16      0.00      0.00      0.00      2.40      1.80    -99.00      9.80      0.00      0.00      0.00      0.00     21.80
17      0.00      0.00      0.00      3.80      0.00    -99.00    129.60      0.00      0.00      0.00      0.00     22.00
18      0.00      0.00      0.00      1.40      0.00    -99.00     10.60      0.00      0.00      0.00      0.00      6.00
19      0.00      0.00      0.00      0.00      0.00    -99.00      2.00      0.00      0.00      0.00      0.00      0.00
20      0.00      0.00      0.80      0.00      0.00    -99.00      0.20      0.00      0.00      1.20      0.00      0.00
21      0.00      0.00      1.20      0.00      0.00    -99.00      1.40      0.00      0.00      0.00      0.00      0.00
22      0.00      0.20      0.40      0.00      0.00    -99.00     15.40      0.00      0.00      0.00     45.60      0.00
23      0.80     13.20      0.00      0.80      0.00    -99.00      0.00      0.00      0.00      0.00     62.80      0.00
24      0.20      0.20      0.00      0.00      0.00    -99.00      0.00      0.00      0.00      0.00     12.60     13.00
25      0.00      1.80      0.00      0.00     15.40    -99.00      0.00      0.00      0.00      0.00     32.60      1.20
26      0.00      0.20      0.00      0.00      0.00    -99.00      5.00      0.00      0.00      0.00      5.80      0.20
27      4.20      0.00      0.00      9.00      0.00    -99.00     11.00      0.00      0.00      0.00     11.00      6.00
28      0.00      0.00      0.00      0.00      0.00    -99.00      6.20      0.00      0.00      3.00     22.40      2.60
29     14.40    -99.00      0.00     22.80      0.00    -99.00      1.20      0.00      0.00      4.00     61.20     45.80
30      1.00    -99.00      0.00    -99.00      7.60    -99.00      0.00      0.00      0.00      0.20      2.40     42.40
31      2.80    -99.00      0.00    -99.00      0.00    -99.00      0.00      0.00    -99.00      0.00    -99.00     31.60
