CamLe               
   108.20600       16.011000               6
2011
01      0.00      0.20      0.00      0.00      0.00      0.00      0.00      3.60      0.00     30.60     37.60     49.00
02      0.00      0.00      0.20      0.00      0.00      0.00      0.00      0.20     21.00      9.40      0.20     90.00
03      3.80      0.00      4.20      0.00      0.00     47.20      0.00      0.00     38.80     22.00      0.00      2.60
04      7.60      0.00      5.20      0.00      0.00      0.00      0.00      0.00      4.00     28.80    178.00      2.00
05      4.20      0.00      1.40      0.00      0.00      0.00      0.00      0.20      0.60      0.00      2.20      5.00
06     11.40      0.00      0.00      0.00      0.00      0.00      0.00      0.20     58.80      0.00     54.00      3.20
07     51.60      0.00      0.80      0.00      1.60      9.40      0.00      0.60     20.00     16.20    408.20      5.20
08      0.80      0.00      0.00      0.00      0.00      0.00      0.00      0.00      5.00      0.00     94.00     14.40
09      0.20      0.00      0.00      0.40      0.00      0.00      0.00      0.00     10.20    132.60      7.40     15.00
10      2.80      0.00      0.00      0.00      0.00      5.00      0.00      0.00     45.00      5.20      0.60     20.80
11      0.00      0.00      0.00      0.00      0.00      0.00      0.00      7.20     12.80     16.00      0.00      9.40
12      0.00      5.20      0.00      0.00      7.00      0.00      4.20      0.00     26.00      1.20      0.00      0.00
13      0.00      0.00      0.00      0.00      2.60      0.00      1.20      0.00     11.00     22.60      0.20      0.00
14      0.00      0.00      0.00      0.00      0.00     24.20      0.00      0.00     24.60     23.40      0.20      1.00
15      4.20      0.00      0.00      0.00      0.00      1.00      0.00      0.00     24.80     11.40     12.20     13.60
16      0.00      0.00      1.80      0.00      0.00      0.00      0.00      3.60      1.00    146.20     45.00     36.00
17      0.00      0.00      0.20      0.00     18.00      0.00      0.00      0.80      0.00    136.40      0.00      0.80
18      1.40      0.00      0.00      3.20      0.60      3.20      0.00      0.40      0.00     45.20      0.00      0.20
19      0.00      0.20      0.00      0.40      0.00      2.00      0.00     57.80      2.60      0.80      0.00      0.00
20      0.00      0.00      0.00      0.40      0.40     13.00      0.00      0.20      0.20      0.00      1.80      4.00
21      0.00      0.00      0.00     13.40      0.00      0.00      0.00      0.00     61.60      1.00      9.00      1.00
22      0.00      0.00      1.80      0.00      9.60      0.00      0.00      0.00     29.20      0.00      9.20     13.80
23      0.00      0.00      1.20      0.00      0.00      0.00      0.00      0.00    195.00      0.00      3.40     13.40
24      0.00      0.00      1.20      0.00      0.00      2.00      0.20      0.00    121.20      7.80     41.40      4.00
25      0.40      0.00      2.80      0.00      0.00      0.40      0.20      0.20     27.20     15.20    159.80     11.60
26      0.00      0.00      0.40      0.00      0.00      0.00      0.00      0.00     64.60      0.00      9.40      0.00
27      0.40      0.00      0.00      0.60      0.00      0.00      0.00      0.00     10.00     10.00     11.20      1.40
28      2.40      0.00      1.00      0.00      0.00      0.20      0.00      0.00      0.20      6.40      3.20      0.20
29      0.80    -99.00      1.00      0.00      0.00      0.00      0.00      0.60      0.00      0.20      1.00      0.80
30      1.00    -99.00      0.20      0.00      0.00      0.00      4.20     13.40      0.00      0.20      0.00     15.80
31      0.80    -99.00      0.00    -99.00      0.00    -99.00      0.80     24.00    -99.00      0.40    -99.00      1.80
2012
01      3.20    -99.00      0.00     11.40      0.00      0.00    -99.00      0.00      5.80     15.00     13.40      0.00
02      4.40    -99.00      0.00      4.00      0.00      1.40    -99.00      0.00     11.20      0.00      8.20      0.00
03      0.00    -99.00      0.00      0.00      0.00      2.60      0.00     10.20      2.00      0.00     13.20      0.00
04     21.60    -99.00      0.00      0.00      0.00      0.00      0.20      0.00    165.00      0.00      0.00      0.00
05      1.00    -99.00      0.00      0.80      0.00      0.00     23.60      0.00     20.80      4.00      7.40      1.00
06      0.00    -99.00      0.00      0.00      0.00      0.00     19.00      0.00      0.80     31.00     27.20      0.00
07      0.00    -99.00      0.00      4.60      0.00      0.20      0.00      0.00     27.40     47.00     31.40      0.00
08     14.00      0.00      0.00      0.00      0.00      0.80      0.00      0.00      0.00     74.40      0.00      0.20
09      0.00      0.00      0.00      0.00      0.00      0.00      0.00      0.00      0.00     10.80      0.00      1.60
10      0.00      0.00      0.00      0.00      0.00      0.00      0.00      0.00      0.80     14.20      0.00      0.00
11      2.40      0.00      0.00      0.00      0.00      0.00      0.00      0.00      0.60     36.60     36.60     10.60
12      7.20      0.00      0.00      0.00      0.00      0.00      0.00      0.00      9.00      0.00     13.20      8.80
13      0.40      0.00      0.00      0.00      0.00      0.00      0.00      0.00     16.60      0.00      0.00     10.20
14      0.00      0.00      0.00      0.00      0.00      0.00      0.00      3.80     15.40      0.00      2.00      3.20
15      0.80      0.00      0.00      0.00      0.00      0.00      0.00      8.40     42.40      0.00      2.60      0.00
16      2.00      2.80      0.00      0.00      0.00     13.20      4.60      0.40      0.00      0.00      6.80      0.00
17      1.80     17.40      0.00      0.00      0.00     11.60      0.00      0.00      0.00      0.00     52.60      0.00
18      2.40      5.20      0.00      4.00      0.00      2.20      0.00      0.00     11.00      0.00      6.00      0.20
19      0.00      3.80      0.00      0.00      0.00      0.00      0.00      1.60      0.00      0.00      5.00      7.00
20      0.00      0.00      0.00      0.00      0.00      0.00      0.00      0.00      0.00      0.00      0.00      0.80
21      0.00      0.00      0.00      0.20      0.60      0.00      2.00      0.00      0.00      0.00      0.00      0.80
22      0.00      0.00      0.00      0.00      0.00      0.00      0.00      0.00      0.00      0.00      0.00      0.80
23      4.20      0.00      0.00      0.00      0.00      0.00      0.00     10.80      0.00      0.00      0.00      0.40
24      0.00      0.00      0.00      0.00      0.00      0.00      0.00      0.60      0.00      0.00      0.00      0.20
25      0.00      0.00      0.00      0.00      0.00      0.00      0.00      1.00     11.20      0.00      0.00      2.60
26      0.00      0.00      0.00      0.00      1.00      0.00      0.00      0.20     86.40      0.00      0.00      0.20
27      0.00      0.20      0.20      7.00      0.60      0.00      0.00     61.00     35.40      0.00     14.80      3.20
28      0.00      0.00      0.60      0.00      3.40      0.00      0.00      6.20     36.40      0.00      0.00      0.20
29      1.40      0.00      0.00    -99.00      0.20      0.00      8.20      0.00     53.20      0.00      0.00      2.00
30      2.20    -99.00      0.00    -99.00      0.00      0.00      0.00      0.00      1.20      0.00      0.00     10.80
31      1.80    -99.00      0.80    -99.00      5.20    -99.00      0.00      0.00    -99.00      0.00    -99.00      0.00
2013
01      0.00      0.00      0.00    -99.00    -99.00    -99.00    -99.00    -99.00     57.20      3.40      0.00      7.00
02      0.00      0.00      0.00    -99.00    -99.00    -99.00    -99.00     10.00      0.00     39.00      0.00      0.20
03      0.40      0.00     19.60    -99.00    -99.00    -99.00    -99.00      0.00      0.00      0.20      0.00      0.00
04      0.00      0.00      6.60    -99.00    -99.00    -99.00    -99.00      0.00      0.00      0.00      4.40     12.60
05      0.20      0.00      0.00    -99.00    -99.00    -99.00    -99.00      0.00      0.00      0.00     50.00      0.00
06      7.20      0.00      0.00    -99.00    -99.00    -99.00    -99.00      2.60     24.40      0.00      3.40      0.20
07      0.80      0.00      0.00    -99.00    -99.00    -99.00    -99.00      0.80     10.60      0.00      2.40      0.20
08      0.40      0.00      0.00    -99.00    -99.00    -99.00    -99.00      0.00      0.00      0.00      0.60      0.00
09      0.80      0.00      0.00    -99.00    -99.00    -99.00    -99.00      0.00     12.60      0.00      7.00      0.00
10      0.00      6.40      0.00      1.00    -99.00    -99.00    -99.00      0.00     10.00      0.00     64.20      0.00
11      2.00      0.00      0.00      0.60    -99.00    -99.00    -99.00      0.00     20.00      7.40      0.20      0.00
12      0.00      0.00      0.00      4.60    -99.00    -99.00    -99.00     16.40     55.40     13.60      0.00      3.80
13      0.00      2.20      0.00      0.20    -99.00    -99.00    -99.00      0.00      1.40      0.00      0.00      0.20
14      0.00      1.60      0.40      0.00    -99.00    -99.00    -99.00      0.00      0.00     66.60     33.20      0.00
15      0.00      0.00      0.00      0.00    -99.00    -99.00    -99.00      0.00      0.00    104.40    199.80    -99.00
16      0.00      0.00      0.00      5.40    -99.00    -99.00    -99.00      0.00      0.00      0.60    377.20    -99.00
17      0.00      0.00      0.00      0.60    -99.00    -99.00    -99.00      0.00     47.20      4.60      4.00    -99.00
18      0.00      0.00      0.00      0.20    -99.00    -99.00    -99.00      0.00    371.60     11.60      1.00    -99.00
19      7.60      0.00      0.00      0.00    -99.00    -99.00    -99.00      0.00      1.60      8.20      0.00    -99.00
20      1.20      1.40      0.00      0.00    -99.00    -99.00    -99.00      0.00     97.60      7.60      0.40    -99.00
21      0.00      1.80      0.00      0.00    -99.00    -99.00    -99.00      0.00      0.20      0.40     13.40    -99.00
22      0.00      0.20      0.00      0.00    -99.00    -99.00    -99.00      0.00     13.20      1.20      1.80    -99.00
23      0.00     18.80      0.00      0.00    -99.00    -99.00    -99.00      0.00      0.00      1.00     26.80    -99.00
24      0.00     23.60      0.00      0.00    -99.00    -99.00    -99.00      0.00      0.00      2.80      3.20    -99.00
25      3.00      0.00      0.00    -99.00    -99.00    -99.00    -99.00      0.00      0.60      1.20      8.40    -99.00
26      0.00      0.00      0.00    -99.00    -99.00    -99.00    -99.00     13.80      6.40      3.00      0.00    -99.00
27      0.00      0.00      0.00    -99.00    -99.00    -99.00    -99.00      0.00     26.60     12.20      1.00    -99.00
28      0.00      0.00      0.00    -99.00    -99.00    -99.00    -99.00      0.00      8.40      0.00     44.40    -99.00
29      2.00    -99.00      0.00    -99.00    -99.00    -99.00    -99.00     15.80      0.80      3.00     50.60    -99.00
30      0.00    -99.00      0.00    -99.00    -99.00    -99.00    -99.00      0.20     45.20     15.20      0.20    -99.00
31      0.20    -99.00      0.00    -99.00    -99.00    -99.00    -99.00    -99.00    -99.00      0.00    -99.00    -99.00
2014
01      0.00      0.00      0.00      0.00      0.20      0.00      0.00     57.40      9.60      0.00      3.60    116.20
02      0.00      0.00      0.00      0.00      0.00      0.00      0.00     36.20      0.00      0.00      0.00     65.40
03      0.00      0.00      0.00      0.00      0.00      0.00      0.20      0.00      0.00      0.00     37.60      8.80
04      0.00      0.00      0.00     32.00      2.00      0.00      0.00      0.00      0.00      0.00     52.80      0.60
05      0.00      0.00      0.00      0.00      0.20      0.00      0.00      0.00      0.00     78.20     11.60     11.00
06      0.00      0.00      0.00      0.00      0.00      0.00     15.00      0.00      0.00     20.60      0.40      0.40
07      0.00      0.00      0.00      1.00      3.80      0.00      0.20      0.00      0.00     14.40      0.00      6.00
08      0.00      0.00      0.00     18.80    -99.00      0.00      0.80      0.00      0.00      0.20      0.00     74.80
09      0.00      0.00      0.00      0.00    -99.00      0.00     17.80      0.00      0.00      0.00      2.40      1.40
10      1.80      0.00      0.00      0.00    -99.00      0.00      5.40      0.00      0.00      0.00      2.80      1.60
11      0.00      0.00      0.00      0.00      0.00      0.00      4.00      0.00      0.00      0.00      3.40     14.80
12      2.20      0.00      0.00      0.00      0.00      0.00      0.00      0.00      0.00      3.00     22.60     44.00
13     47.80      0.00      0.00      0.00      0.80      0.60      0.00      0.00      0.00     35.60     34.40     10.60
14      5.20      0.00      2.20      0.00      3.20      0.00      0.00    -99.00      0.00     19.20      1.20      0.00
15      0.00      0.60      0.00      0.00      0.00      0.00      0.00    -99.00      0.00      3.40      6.00      0.40
16      0.00      0.20      0.00      0.00      0.00      0.00      1.20    -99.00      0.00     25.20      2.80      6.00
17      0.60      0.20      0.00      0.00      0.00      0.00     30.60      0.00      0.00     10.80      0.00     28.40
18      5.80      0.00      0.00      0.00      0.00      0.00      0.00      0.00      0.00     13.60      0.00      0.20
19      1.20      0.00      0.00      0.00      0.00      0.00     10.20      0.00      0.00      0.00      1.80      0.00
20      0.80      0.00      0.00      0.00      0.00      0.00    -99.00      4.20      0.00     24.20      3.40      0.00
21      0.00      0.00      1.40      0.00      0.60      0.00      0.00     11.20      0.00      0.00      0.40     19.40
22      0.00      0.00      0.20      0.00      0.00      0.00      0.00      0.00      0.00     92.80      6.80     19.40
23      0.00      0.00      0.00      0.00      0.00      0.00      0.00      0.00      0.00     35.00      0.80      0.00
24      0.00      0.00      0.00      0.00    -99.00      0.20      0.00      0.00      0.00     71.60      0.00      0.20
25      0.00      0.00      0.00      0.00    -99.00     10.60      1.80      0.00      0.00    144.20      4.60      8.00
26      0.00      0.00      0.00      0.00      0.00      0.00     34.20      0.60      0.00     23.80      1.80      5.20
27      0.20      0.00      0.00      0.00      0.00      0.00      9.80      0.00      0.00      3.80      0.00      2.20
28      0.00      0.00      0.00      2.60      0.00      0.00     32.40      0.20      0.00     32.20      4.60     24.40
29      1.00    -99.00      0.00      0.00      0.00     90.40     30.60      3.80      0.00      0.20      0.00      0.40
30      0.00    -99.00      0.00      2.60      0.00      0.20      4.00      5.80      0.00      7.60     41.60      0.00
31      0.00    -99.00      0.00    -99.00      0.00    -99.00      0.00     18.60    -99.00     59.60    -99.00      0.00
2015
01      3.80    -99.00      0.00      0.00      0.40      0.00      0.00      0.00      0.00     11.60     40.60      4.40
02      4.60    -99.00      0.00      0.00      0.00      0.00      0.00    -99.00      0.00      0.60      1.60      0.00
03      0.00    -99.00      0.00      0.00      0.00      0.00      0.00    -99.00      1.60      1.20      0.00      0.20
04      0.00    -99.00      0.00      0.00      0.00      0.00      0.00    -99.00      0.00      1.00     78.20      0.80
05      0.00      0.00      0.00      0.00      0.00      0.00      0.60    -99.00      0.00     56.00    131.40      1.80
06      0.00    -99.00      0.00      0.00      0.00      0.00     47.40    -99.00      0.00     11.00     12.80     12.40
07      6.00    -99.00      0.00      0.00      0.00      0.00      5.20    -99.00      0.00     13.00      0.60      5.00
08      3.80    -99.00      0.00      0.00      0.00      0.00    -99.00    -99.00      0.00      0.00      1.60      0.80
09      0.20    -99.00      0.00      4.80      0.00      0.00    -99.00    -99.00      0.00      0.40     17.20      0.20
10      5.00    -99.00      0.00      0.20      0.00      0.00    -99.00    -99.00     21.40     46.80      3.20      0.00
11      0.00    -99.00      3.00      0.00      0.00      0.00    -99.00    -99.00      1.60     20.00      0.00      0.00
12      0.00    -99.00    -99.00     50.40      0.00      0.00    -99.00    -99.00      1.40     86.20     13.60      0.00
13      0.00    -99.00      0.00      0.00      0.00      0.00    -99.00    -99.00     19.40      3.80      0.00      0.00
14      0.00      4.00      0.00      0.00      0.00      0.00      0.00    -99.00    205.80     18.40      0.00      0.00
15      0.00    -99.00      0.00      0.00      0.00      0.00    -99.00    -99.00     54.80     87.40      0.00      6.00
16      0.00    -99.00      0.00      0.00      0.00      0.00    -99.00    -99.00      6.60      0.00      0.00     53.60
17      1.60    -99.00    -99.00      0.00     16.80      0.00    -99.00    -99.00      1.20      0.00      0.00     36.80
18      7.40      0.00      0.00      0.00     31.60      0.00    -99.00      0.00      0.00      0.00      0.00      0.20
19      0.20      0.40      0.00      0.00      0.80      0.00    -99.00      0.00      0.00      0.00      7.20      0.00
20    -99.00      0.00      0.00      0.00      0.00      0.00    -99.00      0.00      0.00      0.00      2.80      3.20
21    -99.00      0.00    -99.00      1.40      0.00     20.20    -99.00      0.00      0.00      0.00      0.00      4.40
22    -99.00      0.00      0.00     13.60      0.00      1.60    -99.00     27.40      0.00      0.00      3.20      5.20
23    -99.00      0.00      0.00      1.00      0.00      7.80    -99.00     41.00      0.00      0.00      3.80      0.00
24    -99.00      0.00     17.60     37.40      0.00      0.60    -99.00      0.00      0.00      0.00      0.00      0.00
25    -99.00      0.00      0.00      4.00      0.00      0.00    -99.00     47.00      0.00      0.20     12.80      0.00
26    -99.00      0.00     20.60      0.00      0.00      0.00    -99.00    -99.00      0.00      0.00     10.80      0.40
27    -99.00      0.00     70.40      0.00      0.00      0.00    -99.00      0.60      0.00      0.00      4.60      0.00
28    -99.00      0.00      0.20      0.00      0.00      0.00    -99.00     11.40      0.00      0.00      4.80      0.00
29    -99.00    -99.00      0.00      0.20      0.00      0.00    -99.00      1.60      0.00      0.00      7.20      9.80
30    -99.00    -99.00      0.00      0.00      0.00      0.00    -99.00    -99.00      1.20      0.00      1.80      6.60
31    -99.00    -99.00      0.00    -99.00      0.00    -99.00    -99.00     13.00    -99.00     40.80    -99.00     10.20
2016
01      0.20      0.00      0.00      0.00      0.00      0.00      0.00      0.00      1.40      4.60     64.60     27.20
02      1.60      0.00      5.80      0.00      0.60      0.00      0.00      0.00      0.00      0.00     24.00     68.80
03      1.80      0.00      9.00      0.00      0.40      0.00      0.00      0.00      0.00      0.00      1.80     87.20
04      0.00      1.60      0.00      0.00      1.40      0.20      8.40      0.00     37.20      0.00      0.00      7.00
05      0.00      0.00      0.00      0.00      0.00      0.00      4.80      0.20      3.00      0.00      2.00      2.00
06      0.00      0.00      0.00      0.00      0.00      3.00      1.00      0.00      9.20      6.80      6.00      4.20
07      0.00      0.20      0.00      0.00      0.00     22.60      0.00      0.60     28.40     22.00     14.80     23.40
08      0.00      0.00      0.00      0.00      0.00      0.00      0.00      0.00     42.20      0.00     40.00      7.00
09     21.40      0.00      0.00      0.00      0.00      0.00      0.00      0.20     11.00      0.00      0.00      0.20
10      0.00      0.00      0.00      0.00      0.00      0.00      0.00      0.00      0.00      2.20      0.40      0.00
11      3.40      0.00      0.00      0.00      0.00      5.20      0.20      5.20     10.20     34.80     15.00     39.60
12      0.00      0.00      0.00      0.00      0.00      0.00      3.40      0.00    196.80     10.80      0.00     27.60
13      7.00      0.00      0.00      0.00      0.00      0.00      0.00      0.00    134.40     30.20      3.80     56.60
14      0.00      0.00      0.00      0.00      0.00      0.00      0.00      0.00      0.60      5.00      0.00     43.00
15      0.00      0.00      0.00      0.00      0.00      0.00      0.00      0.00      0.00     28.20      0.00     75.40
16     16.00      0.00      0.00      0.00      0.00      0.00      0.00      0.00      0.00     82.40      2.40     67.40
17      3.60      0.00      0.00      0.00      0.00      0.40      0.00      0.00      0.00      0.00     37.20      1.40
18      6.80      0.00      0.00      0.00      0.00      0.00      0.00      0.20      0.00      0.00     28.20     11.40
19      0.00      0.00      0.00      0.00      0.00      0.00      0.00      0.00     34.80      0.00      6.00      2.00
20      0.00      2.00      0.00      0.00      0.00      0.00      0.00      0.00     28.40      0.00     27.80      0.20
21      0.00      0.00      0.00      0.00      0.00      0.00      0.00     14.40     19.20      0.00      0.20      0.20
22      0.00      0.00      0.00      0.00      0.00      0.00      0.00     19.80     59.60      0.00      0.00     41.00
23      0.00      0.00      0.00      0.00      2.20      0.00      0.00     28.00     12.40      0.00     23.60     10.60
24      1.60      0.00      0.00      0.00      0.00      0.00      0.00     13.80      5.00      0.00      1.80     47.80
25      0.40      0.00      0.00      0.00     56.60     21.60      0.00      0.00      2.00      7.00     13.40      0.20
26      0.00      0.20      0.00      0.00      5.80      8.40      8.00      5.60     15.80    119.20      5.40      0.00
27      0.00      0.00      0.60      0.00      0.00     22.60      0.00     20.40      0.00     95.60      0.00     45.40
28      0.00      0.00      1.00      0.00      0.00      2.00      0.00      5.40      0.00      0.00      0.00      0.00
29      0.00      0.00      0.00      0.00      0.00      0.20      0.00     18.80      0.00      8.80     10.80      1.20
30      0.00    -99.00      0.00      0.00      0.00      0.00      0.00      0.20      2.00     52.60     81.20      1.80
31      0.00    -99.00      0.00    -99.00      0.00    -99.00      0.00      0.00    -99.00     58.20    -99.00    110.40
2017
01     16.20     19.80      0.00      0.00      0.00      0.00      0.00      0.00      0.00      0.00     17.40      2.40
02      8.40      1.20      0.60      3.60      0.00      0.00      0.00      0.00      0.00     47.00      0.00     26.40
03      0.00      0.80      0.00      0.00      0.00      0.00      0.00      0.00      0.00      9.60      7.80      2.60
04      7.60      0.00      0.00      0.00      0.00      0.00      0.00      0.00      0.00     24.00    139.00      9.20
05      2.40      0.00      0.00      0.00      0.00      0.00     67.20      0.00      0.20      5.00    137.40      1.60
06      2.20      0.00      0.00      0.00      0.00      0.00     11.20      1.60      0.00      0.80     62.60      0.00
07      0.00      0.00      0.00      0.00      0.00     12.40      0.20      0.00      0.00     15.20     17.00      0.40
08      1.40      0.00      0.00      0.00      0.00      2.20      0.00      0.00      0.00      4.80     57.00      8.40
09      4.20     14.60      0.00      0.00      1.00      0.20      0.40      0.00      0.00     72.80     12.20      0.60
10     12.00      1.80      0.00      0.00      0.00     45.20      1.80      0.00      0.00      7.20      0.40      0.00
11      4.60     14.00      0.00      0.00      0.00      0.20      4.20      0.00      0.00      0.40      4.60      1.60
12      0.00      1.40      0.00      0.00      0.00      0.00     13.80      0.00      0.00     17.60      0.00      0.00
13      0.00      0.00      0.00     18.20      0.20      0.00     29.20      0.00      1.20      0.80      0.00      0.00
14      0.40      0.40      0.00      0.00      0.00      3.80     33.60      0.00    108.40      0.00      0.00      0.00
15      2.80      0.60      0.00      0.00      1.60      0.00      6.40      0.00     26.00      0.00     31.60      1.40
16      4.40      0.20      0.00      0.00     23.80      0.00     32.60      0.00      0.00      0.00      2.80      2.60
17      0.00      0.00      0.00      0.00      0.20      0.00      0.00      3.20      0.00      0.20      0.00     38.80
18      0.00      0.00      0.00      0.00      0.00      0.00     38.80     11.60      0.00      5.60      2.80      3.60
19      0.00      0.00      0.00      0.00      4.60      0.00      0.00      0.60      0.00     73.40     35.40      5.20
20      0.40      0.00      0.00      0.00      1.00      0.00      0.60      0.00      0.00      0.40     24.00      0.00
21      0.00      0.00      0.00      0.00      0.00      0.00      0.00      0.00     15.20      0.00    143.00      0.40
22      0.20      0.00      0.00      0.00      0.00      0.00      0.00      0.00      0.20      0.00     33.40      0.00
23      3.60      0.00      0.00      0.00      0.00      0.00      0.20      0.00      1.80      4.40     20.80      1.20
24      6.20      4.00      0.00      0.20      0.60      0.00      1.00      0.20      0.00      8.80      7.60      1.40
25     25.00      0.00      0.20      8.80      0.20      0.00     48.40      0.20      0.00      0.80      5.80      1.80
26      0.20      0.00      1.00      0.00     20.20      0.00      1.80     71.20      0.60      0.00      4.20     28.60
27      2.80      0.20      4.80      0.00      0.40      0.00      4.40     26.40      0.00      0.60      0.00      8.80
28      0.60      0.00      0.00      0.00      0.00      0.00      1.60      1.80      1.00      0.20      8.80      0.80
29      0.00    -99.00      9.00      1.80     17.40      0.00      0.00      0.20      0.20      1.00      3.40      2.00
30      0.00    -99.00      0.20      0.00      0.40      0.20      0.00      0.00      0.00     15.40      0.20      1.00
31      0.00    -99.00     15.20    -99.00      0.00    -99.00      0.00      0.00    -99.00     78.20    -99.00      2.00
2018
01      0.00      0.00      0.00      0.00      0.00      0.00      0.00      0.00      0.00      0.00      0.00      8.80
02      6.80      0.00      0.00      0.00      0.00      0.60      0.00      0.00      0.00     18.00      0.00      0.00
03     11.40      0.00      0.00      0.00      0.00     62.20      0.00      0.00      0.00     68.20      0.00      0.00
04      3.60      0.00      0.00      0.00      0.00     12.80      0.00      0.00      0.20     15.00      0.60     21.00
05      1.80      0.00      0.00      0.00      0.00      0.00      0.00     12.00      0.00      0.00      1.20      0.20
06      0.00      0.00      0.00      0.00      5.80      0.00      0.00      0.00      0.00      0.00     11.40      0.20
07      0.00      0.00      0.00     89.60      0.00      3.20      0.00      0.00      0.00      0.00      8.00     12.80
08      0.00      0.00      0.80      7.00      0.00      3.00     79.40      0.00      0.00      0.00      0.40      4.40
09      0.00      0.00      0.00      0.00      0.00      0.00      1.80     13.00      0.00      0.00     53.20    718.00
10      0.00      0.00      0.00      0.00      0.00      0.00      8.00      0.00      0.40      0.20     10.20    244.40
11      0.00      3.60      2.40      0.00      0.00      0.00      6.80      0.00      0.00     23.00      0.20     50.40
12      0.80      0.40      0.20      0.00      0.00      0.00      0.40      0.00     43.80     13.40      6.20      0.40
13      1.40      2.80      0.00      0.00      0.00      0.00      0.00      0.00     21.60     46.80      0.00      5.60
14      0.00      0.00      2.20      0.00      0.00      0.00      0.00      1.00     18.00     16.20      0.00     17.00
15      0.00      0.20     15.80      0.00      0.00      0.00      0.00      0.00     42.40      1.20      0.00     31.80
16      0.00      0.00      0.00      0.00      0.00      8.20      0.00      0.00      0.00      0.00      0.00     18.80
17      0.00      0.00      0.00      0.00      0.00     13.80      0.00      0.00     10.20      0.00      0.40     26.00
18      0.00      0.00      0.00      0.20      0.00      0.00      0.00     40.60      0.00      0.00     23.00      0.00
19      0.00      0.00      0.00      0.00      0.00      0.00      0.00      3.80      9.80      5.80      0.00      0.20
20      1.60      0.00      6.00      0.00      0.00      0.00      0.00      0.60      4.60      2.40      0.00      0.00
21      0.00      0.00      0.00      0.00      0.00      0.00      0.00      0.20     13.00      0.00      0.00      0.00
22      0.00      0.00      0.00      0.00      0.00      1.60      0.00      0.60      4.20     26.80      0.00      0.00
23      0.00      0.00      0.00      0.00      0.00      0.00      0.00      0.60      2.80      0.00      7.60      0.20
24     14.00      0.00      0.00      0.00      0.00      1.60      0.00      1.00      0.00      2.00      0.20      1.80
25      0.40      0.00      0.00      0.20      0.00     42.20      0.00      0.00      0.00      0.20     20.80      1.00
26      0.20      0.00      0.00      5.20      0.00      8.80    101.60      0.40      0.00      0.00     21.80      2.40
27      2.80      1.00      0.00      0.00      0.00      0.00      0.80      7.60      0.00      0.20      0.40      5.00
28      0.00      0.00      0.00      0.00      0.00      0.00      1.20      0.20      0.00     13.80     61.00      1.80
29      2.20    -99.00      0.00      3.20      0.00      0.00      0.00      0.00      0.00      0.00     17.40      6.00
30      0.00    -99.00      0.00     22.60      0.00      0.00      0.00      0.80      1.80      0.00    113.00      5.20
31      0.00    -99.00      0.00    -99.00      0.00    -99.00      0.00      0.00    -99.00      0.00    -99.00      6.40
