ChauO               
   108.75900       15.306000               5
2011
01      0.00      0.80      0.00      0.00      0.00      0.20      0.00     11.00      0.00     45.60     45.80     56.40
02      0.00      0.00      0.00      0.00      0.00      0.00      0.00      0.00      7.20      1.20      2.00     65.80
03      0.20      0.00      3.80      0.00      0.00      0.00      0.00      2.40      0.00     11.60      3.40      3.40
04     63.80      0.00      6.60      0.00      0.00      0.00      0.00      0.00      7.60     19.40     93.40      5.60
05      0.20      0.00      0.00      0.00      0.00      0.00      0.00      0.00     25.60      0.00      1.60      7.20
06      6.80      0.20      0.00      0.00      1.40      0.00      0.00      0.00     42.80      0.00     36.40      1.00
07     39.20      0.20      0.40      0.00      1.20      0.00      0.00      0.00      9.60      0.00    272.00      2.60
08      3.40      0.00      0.00      0.00      0.20      0.00      0.00      0.00     11.80      1.40     32.80      5.20
09      0.40      0.00      0.00      0.00      0.00      0.00      0.00      0.60     34.60     49.40      3.40      1.80
10      0.00      0.20      0.00      2.00      0.00     48.60      0.00      0.00     42.20      4.60      0.00     15.20
11      0.00      0.00      0.00      0.00      0.00      0.00      3.60      0.20     30.00     18.40      0.00     11.60
12      0.00      0.00      0.00      0.00      5.40      0.00     13.80      0.00      6.00     23.60      0.00      0.00
13      0.00      0.00      0.00      0.00      5.00      0.40      0.80      0.00      1.80      6.40      0.80      0.00
14      0.00      0.00      0.00      0.00      0.00      7.80      0.00      0.00      5.60     46.40      0.00      1.20
15      5.80      0.00      0.00      0.00      0.00     18.00      0.00      0.00      0.80     40.80     59.60     22.60
16      0.00      0.00      2.20      0.00      0.00      0.00      0.00      6.00      0.00     92.20     36.80     34.40
17      0.40      0.00      0.00      2.20      0.00      0.00      0.00      1.60      0.00     44.40      0.00      1.80
18      1.00      0.00      0.00     36.80      3.60      1.60      0.20      0.20      1.40     34.20      0.00      0.20
19      1.20      0.00      0.60      5.40      0.00     10.20      0.00     24.80      5.20      0.40      0.00      0.00
20      0.20      0.00      0.00      2.80      0.40      0.00      0.00      5.80      0.00      5.60      0.60     10.20
21      0.00      0.00      0.00      0.40      0.00      0.00      0.00      0.00     47.00      2.40     15.20      2.00
22      0.00      0.00      0.00      0.00     22.00      0.00      0.00      0.00     11.40      2.20      5.40      7.20
23      0.00      0.00      3.40      0.00      0.00      0.00      0.00      0.00    194.40      0.00      2.20      9.60
24      0.00      0.00      0.40      0.00      0.00      0.20      0.00      0.00     58.40      4.60     40.20      3.20
25      0.20      0.00      1.80      0.00      0.00      0.20      1.40      0.00      0.00     50.20    222.00      2.00
26      0.00      0.00      0.00      0.00      0.00      0.00      0.00      0.00     20.00      1.80      7.20      0.00
27      0.40      0.20      0.00      1.00      0.00      0.00      0.00      0.00      0.00     14.40      0.80      0.80
28      1.20      0.00      0.20      0.00      0.00      0.00      0.00      0.00      0.00      7.40      2.60      0.40
29      1.20    -99.00      1.20      0.00      0.00      0.00      0.00      0.20      0.00      2.40      0.40      1.40
30      1.80    -99.00      0.40      0.00      0.00      0.00      0.40      0.00      0.00      1.00      4.60     11.00
31      3.40    -99.00      0.00    -99.00      0.00    -99.00      4.20     45.80    -99.00      4.00    -99.00      1.40
2012
01      2.60    -99.00      0.00      3.60      0.00      0.00    -99.00      0.00      0.00     11.60      5.80      0.00
02      1.80    -99.00      0.00      2.40      0.00      0.60    -99.00      0.00      6.40      0.00      3.20      0.00
03      0.00    -99.00      0.00      0.20     30.20      0.00      0.00      0.40      6.00      0.00      0.80      0.00
04      8.60    -99.00      0.00      0.00      0.00      0.00      0.00      0.00     97.80      0.00      0.00      0.00
05      0.00    -99.00      0.00      3.80      0.00      0.00     10.20      0.00     12.00      0.00     37.20      0.20
06      0.00    -99.00      0.00      0.00      0.00      0.00      0.20      0.00      4.40     92.40     28.80      0.00
07     11.80    -99.00      0.00      2.20      0.00      1.00      0.00      1.40      0.00     21.40     32.00      0.00
08     13.40      0.00      0.00      0.00      0.00      0.20     16.00      0.80      0.00     35.00      0.00      0.00
09      0.60      0.00      0.00      0.00      0.00      0.00      5.20      0.00      7.20     23.20      0.00      0.00
10      0.00      0.00      0.00      0.00      0.00      0.00      0.00      0.00      0.60      0.20      0.00      0.00
11      3.40      0.00      0.00      0.00      0.00      0.00      0.00      0.00     32.60      5.40      1.60      3.20
12      4.00      1.80      0.00      0.00      0.00      0.00      0.00      0.00      9.40      0.00     22.60      5.40
13      0.20      0.40      0.00      0.00      0.00      0.00      0.00      0.00      2.80      3.00      2.40      7.00
14      0.00      0.00      0.00      0.00      0.00      0.00      0.00      0.00     22.40      0.00      2.00      2.40
15      0.00      0.20      0.00      0.00      0.00      0.00      0.00      0.00     29.40      0.00     12.60      0.00
16      2.00      8.20      0.00      0.00      0.00      9.40      0.00      0.00      0.00      0.00      8.00      0.00
17      1.80      6.40      0.00      0.00      0.80     19.80      2.20      0.20      0.00      0.00     34.40      0.00
18      2.00     10.40      0.00     11.00      0.00      2.80      0.00      0.00      4.60      0.00      2.20      0.80
19      0.00      0.40      0.40      0.00      0.00      0.00      0.00      0.00      6.80      0.00      8.20     14.40
20      0.00      0.00      0.00      0.00      0.00      0.00      0.00      0.00      0.00      0.00      0.00      0.60
21      0.00      0.00      0.00      0.20      0.40      0.00     10.60      0.00      0.00      0.00      0.00      1.80
22      0.00      0.00      0.00      0.00     15.00      0.00      0.00      0.00      0.00      0.00      0.00      0.20
23      4.80      0.00      0.00      0.00      0.00      0.00      3.80      7.40     11.60      0.00      0.00     18.40
24      0.00      0.00      0.00      0.00      0.80      0.00      0.00      4.20      0.00      0.00      0.00      0.20
25      0.00      0.00      0.00      0.00      0.00      0.00      0.00      0.00      1.80      0.00      0.00      8.40
26      0.00      0.00      0.00      0.00      0.60      0.00      0.00      2.40     41.00      0.00      0.00      7.00
27      0.00      0.40      0.60      0.00      3.20      0.00      0.00     17.60    118.20      0.00      2.80     28.40
28      0.00      0.00      0.00      0.00      2.40      0.00      0.00     23.40     20.00      0.00      0.00      5.00
29      2.60      0.00      0.00    -99.00      2.00      0.00     19.60      0.00     59.80      0.00      0.00      0.60
30      4.40    -99.00      0.00    -99.00      0.00      0.00      0.00      0.00      4.20      0.00      0.00      1.20
31      0.40    -99.00      2.20    -99.00     18.00    -99.00      0.00      1.20    -99.00      0.00    -99.00      0.00
2013
01      0.00      0.00      0.00    -99.00    -99.00    -99.00    -99.00    -99.00      0.00      1.60      0.00      4.20
02      0.00      0.00      0.00    -99.00    -99.00    -99.00    -99.00      5.40      0.00     36.60      0.00      0.40
03      4.60      0.00     17.60    -99.00    -99.00    -99.00    -99.00      0.00      0.00     28.60      0.00      0.00
04      0.00      0.00      6.20    -99.00    -99.00    -99.00    -99.00      0.00      0.00      8.80      1.20      3.00
05      1.80      0.00      0.00    -99.00    -99.00    -99.00    -99.00      0.00      0.00      0.00     50.20      0.40
06      7.80      0.00      0.40    -99.00    -99.00    -99.00    -99.00      1.20     17.20      0.00      5.40      0.00
07      4.60      0.00      0.00    -99.00    -99.00    -99.00    -99.00      0.00      8.40      0.00      2.60      0.20
08      0.20      0.00      0.20    -99.00    -99.00    -99.00    -99.00      0.00      0.00      0.00     13.80      0.00
09      1.60      0.00      0.00    -99.00    -99.00    -99.00    -99.00      0.00     17.60      0.00     12.00      0.00
10      0.00     12.00      0.00      0.20    -99.00    -99.00    -99.00      0.00     30.40      0.00     50.80      0.00
11      1.60      0.00      0.00      3.80    -99.00    -99.00    -99.00      0.20     11.60      1.20      0.00      0.00
12      0.00      0.00      0.00      5.40    -99.00    -99.00    -99.00     12.20     67.60      3.40      0.00      1.80
13      0.00      0.00      0.00      0.00    -99.00    -99.00    -99.00      0.00      1.00      0.00      7.40      1.80
14      0.00      0.00      0.00      0.00    -99.00    -99.00    -99.00      0.00      0.00     55.80     20.00    -99.00
15      0.00      0.00      0.00      0.00    -99.00    -99.00    -99.00      0.00     16.60     67.00    220.40    -99.00
16      0.80      2.60      0.00      1.00    -99.00    -99.00    -99.00      0.00      0.00      2.40    103.20    -99.00
17      0.00      0.00      0.00      1.80    -99.00    -99.00    -99.00      0.00     29.00      4.00      2.00    -99.00
18      1.60      0.00      0.00      0.00    -99.00    -99.00    -99.00      0.00    375.60     17.60      0.40    -99.00
19     10.80      0.00      0.00      0.00    -99.00    -99.00    -99.00      0.00      3.60      9.00      5.40    -99.00
20      0.20      2.20      0.00      0.00    -99.00    -99.00    -99.00      0.00     15.20      6.00      5.60    -99.00
21      0.00      4.00      0.00      0.00    -99.00    -99.00    -99.00      0.00      0.00      0.20     36.20    -99.00
22      0.00      0.00      0.00      0.00    -99.00    -99.00    -99.00      0.00     18.80      4.60      6.40    -99.00
23      0.00     16.40      0.00      0.00    -99.00    -99.00    -99.00      0.00      0.00      0.20     29.40    -99.00
24      0.00     31.20      0.00      0.00    -99.00    -99.00    -99.00      0.00      0.00      3.40      0.40    -99.00
25      5.40      0.00      0.00    -99.00    -99.00    -99.00    -99.00     25.80      2.80      1.80     15.40    -99.00
26      0.00      0.00      0.00    -99.00    -99.00    -99.00    -99.00     59.40      5.40      2.40      2.20    -99.00
27      0.00      0.00      0.00    -99.00    -99.00    -99.00    -99.00      0.40      4.80      2.60      0.40    -99.00
28      0.80      0.00      0.00    -99.00    -99.00    -99.00    -99.00      0.00     28.60      2.60     30.60    -99.00
29      0.40    -99.00      0.00    -99.00    -99.00    -99.00    -99.00      8.80      0.20      7.20     21.60    -99.00
30      2.00    -99.00      0.00    -99.00    -99.00    -99.00    -99.00      0.00     40.20      7.00      0.00    -99.00
31      2.40    -99.00      0.00    -99.00    -99.00    -99.00    -99.00    -99.00    -99.00      0.00    -99.00    -99.00
2014
01      0.00      0.00      0.00      0.00      0.00      0.00      0.00     29.00     10.00      0.00      1.00    101.40
02      0.00      0.00      0.00      0.00      0.00      0.00      0.00      0.00      0.00      0.00      0.00    135.80
03      0.20      0.00      0.00      0.80      0.00      0.00      0.00      0.00      0.00      0.00     14.60      1.20
04      0.00      0.00      0.00      6.80      2.20      0.00      0.00      0.20      0.00      5.00     23.80      0.00
05      0.00      0.00      0.00      0.00      0.40      0.00      0.00      0.00      0.00     80.60      3.80     14.60
06      0.00      0.00      0.00      0.00      5.20      0.00      0.20      0.00      0.00     51.20      0.00      2.00
07      0.00      0.00      0.00      1.80      2.80      0.00      0.00      0.00      0.00     36.60      0.00      1.60
08      0.00      0.20      0.00      0.40    -99.00      0.00     18.40      0.00      0.00      0.80      0.00     49.40
09      0.00      0.00      0.00      0.00    -99.00      0.00     47.80      0.00      0.00      0.00      2.20     45.60
10      0.00      0.00      0.00      0.00    -99.00      0.00      0.00      0.00      0.00      0.00      0.00     11.40
11      0.00      0.00      0.00      0.00      0.00      0.00      0.00      0.00      0.00      0.00      5.80      9.20
12      3.40      0.00      0.00      0.00      0.00      0.00      0.20      0.00      0.00     23.80     27.40     17.80
13     23.60      0.00      0.00      0.00     19.40      0.20      0.00      0.00      0.00     28.20     44.00     17.80
14      1.60      0.00      0.00      0.00      0.00      0.00      0.00    -99.00      0.00      2.00      8.40      0.20
15      0.00      0.00      0.00      0.00      0.00      0.00      0.00    -99.00      0.00     13.60      9.00      0.00
16      0.00      0.00      0.00      0.00      0.00      0.00      3.60    -99.00      0.00      0.80      1.00      2.40
17      1.80      0.00      0.00      0.00      0.00      0.00     18.20      0.00      0.00      9.80      0.00      9.80
18      3.60      0.00      0.00      0.00      0.00      0.00      2.20      0.00      0.00     86.60      0.80      0.20
19      4.00      0.00      0.00      0.00      0.00      0.00      0.40      0.00      0.00      9.20      0.00      0.00
20      7.80      0.00      0.00      0.00      0.00      0.00    -99.00      3.40      0.00      4.80     26.80      0.00
21      0.00      0.00      0.00      0.00      0.00      0.00      0.40     13.80      0.00     51.20      8.80     17.40
22      0.40      0.00      0.00      0.00      0.00      0.00      0.00      0.00      0.00    102.40      1.40     11.60
23      0.00      2.00      0.00      0.00     49.60      0.80     14.40      0.00      0.00     65.80      2.60      0.00
24      0.00      0.00      0.00      0.00    -99.00      0.00      0.00      0.00      0.00     15.00      1.60      1.60
25      0.00      0.00      0.00      0.00    -99.00      0.00      0.00      0.00      0.00     82.00      1.00      8.80
26      0.00      0.00      0.00      0.00      0.00      0.00     20.00      9.80      0.00     17.40      2.00      1.60
27      0.00      0.00      0.00      0.00      0.00      8.20      0.80      0.00      0.00      2.80      0.00      1.40
28      0.00      0.00      0.00      0.00      0.00      0.00      9.20      4.20      0.00     24.60      0.40     15.60
29      0.40    -99.00      0.00      0.00      0.00     68.40      5.00      0.40      0.00      0.40      0.00      1.20
30      0.20    -99.00      0.00      2.60      0.00      0.00     19.40      3.40      0.00     14.40     48.20      0.00
31      0.00    -99.00      0.00    -99.00      0.00    -99.00      0.00     13.80    -99.00     29.40    -99.00      0.60
2015
01      3.20    -99.00      0.00      0.00      0.00      0.00      0.00      0.00      0.00      0.60     53.60      2.60
02      5.20    -99.00      0.00      0.00      0.00      0.00      0.00    -99.00      0.00     10.40      5.20      0.00
03      1.40    -99.00      0.00      0.00      0.00      0.00      0.00    -99.00      2.20      1.00      0.20      1.40
04      0.00    -99.00      0.00      0.00      0.00      0.00      2.20    -99.00      0.00      0.00    118.80     13.80
05      0.00      0.00      0.00      0.00      0.00      0.00      8.00    -99.00      0.00      4.40    110.60      0.00
06      0.00    -99.00      0.00      0.00      0.00      0.00     35.20    -99.00      0.00      4.60      9.20     35.20
07      1.20    -99.00      0.00      0.00      0.00      0.00      6.80    -99.00      0.00      1.20     15.20     19.00
08      2.00    -99.00      0.00      0.00      0.00      9.00    -99.00    -99.00      0.00      5.20      7.20      2.60
09      3.00    -99.00      0.00      0.20      0.60      0.00    -99.00    -99.00      0.60      0.00      0.00      0.00
10      1.20    -99.00      0.00      0.00      0.00      0.00    -99.00    -99.00     10.60     15.00      0.60      0.00
11      0.20    -99.00      0.40      0.00      0.00      0.00    -99.00    -99.00      1.60     31.80      0.00      0.00
12      0.00    -99.00    -99.00     37.20      1.00      0.00    -99.00    -99.00      4.60     43.40     20.20      0.00
13      0.00    -99.00      0.00      0.20      0.00      0.00    -99.00    -99.00     17.60      1.40      0.20      0.00
14      0.00      2.00      0.00      0.20      0.00      0.00      0.00    -99.00    133.00     71.60      0.00      0.00
15      0.00    -99.00      0.00      0.00      0.00      0.00    -99.00    -99.00     20.80    113.80      0.00     10.00
16      0.00    -99.00      0.00      0.00      0.40      0.00    -99.00    -99.00      1.80      0.00      0.00     95.00
17      6.80    -99.00    -99.00      0.00      3.00      0.00    -99.00    -99.00      0.40      0.00      0.00     69.40
18      5.20      0.00      0.00      0.00     34.80      0.00    -99.00    -99.00      0.20      0.00      0.00      0.20
19      0.00      0.00      0.00      0.00      1.40      0.00    -99.00      0.00      0.00      0.00      4.40      1.40
20    -99.00      0.00      0.00      0.00      0.00      0.20    -99.00      0.00      0.00      0.00      0.60      6.40
21    -99.00      0.00    -99.00      0.00      0.00     19.40    -99.00      1.20      0.00      0.00     25.40      3.60
22    -99.00      0.00      0.00      4.20      0.00      0.60    -99.00      4.80      0.00      0.00      8.80      2.80
23    -99.00      0.00      4.40      0.00      0.00      1.80    -99.00      0.40     25.40      0.00      8.00      0.00
24    -99.00      0.00     38.00      0.40      0.00      0.00    -99.00      0.40      0.00      0.00      0.20      0.00
25    -99.00      0.00      1.40      0.80      0.00      0.00    -99.00     22.00      0.00      0.20      1.00      0.00
26    -99.00      0.00     53.00      0.00      0.00      0.00    -99.00      7.00      0.00      0.00      5.60      0.00
27    -99.00      0.00     82.20      0.00      0.00      0.00    -99.00      0.00      0.00      0.00      5.40      0.00
28    -99.00      0.00      4.60      0.00      0.00      0.00    -99.00      0.00      0.00      0.00     26.60      0.00
29    -99.00    -99.00      0.00      0.00      0.00      0.00    -99.00      7.00      0.00      0.00      0.20     14.40
30    -99.00    -99.00      0.00      0.00      0.00      0.00    -99.00      0.00      0.20      0.00      0.60      0.80
31    -99.00    -99.00      0.00    -99.00      0.00    -99.00    -99.00      0.00    -99.00     63.40    -99.00      8.20
2016
01      3.40      0.00      0.00      0.00      0.00      0.00      0.00      0.00      0.00     15.20     76.00     16.60
02      0.00      0.00      5.00      0.00      0.20      0.00    -99.00      0.00      0.00      0.00      2.40     76.60
03      3.40      0.00      0.20      0.00      0.00      0.00    -99.00    -99.00      0.00      0.00      1.80     37.40
04      0.00      1.40      0.20    -99.00      1.80      0.00    -99.00      0.80      0.00      0.00      0.20     17.60
05      0.00      1.40      0.00      0.00      2.00      0.00    -99.00    -99.00     49.40      0.00      2.60      5.20
06      0.00      0.00      0.00      0.00      0.00      0.00    -99.00      0.00      9.00      2.40      1.40      3.20
07     10.00      0.80      0.00    -99.00      1.60      0.00    -99.00    -99.00      8.80     11.60      7.40     21.20
08      0.00      0.00      0.00      0.00      0.00      0.00     13.80      5.00      9.60      0.00     19.20      2.80
09     19.60      0.00      0.00      0.00      0.00      0.00    -99.00    -99.00      5.00      0.00      2.40      0.20
10      0.00      0.00      0.00    -99.00      0.00      0.00    -99.00      3.60      0.00      0.20      0.20      0.20
11      1.20      0.00      0.00      0.00      0.00      0.00    -99.00    -99.00      9.60     49.60     12.80     43.80
12      8.80      0.00      0.00      0.00      0.00      0.00    -99.00    -99.00    285.40      7.00      0.00     42.00
13      6.40      0.00      0.00    -99.00      0.00      0.00    -99.00    -99.00     45.80      8.60      0.20     74.40
14      0.20      0.00      0.00      0.00      0.00      0.00      0.00      0.00      0.00      1.00      0.00     50.20
15      1.00      0.00      0.00      0.00      0.00      0.00    -99.00    -99.00      3.80     50.60      0.00    100.00
16      8.20      0.00      0.00    -99.00      0.00      0.00    -99.00      0.00      0.00     54.40      0.80     70.40
17      0.20      0.00      0.00      0.00      0.00      0.00    -99.00    -99.00      0.00      0.40     44.60      1.80
18      0.80      0.00    -99.00      0.00      0.00      0.00    -99.00    -99.00      0.40      0.20     37.80     15.00
19      0.00      0.00      0.00    -99.00      0.00      0.00    -99.00    -99.00      5.40      0.00      9.20      4.00
20      0.00      0.00      0.00      0.00      0.00      0.00    -99.00     37.80     52.60      0.00     23.40      0.20
21      0.00      0.00    -99.00    -99.00      0.00      0.00    -99.00    -99.00     26.60      0.00      1.40      0.40
22      0.00      0.00      0.00      0.00      0.00      0.00    -99.00    -99.00     76.60      0.00      0.40     27.40
23     10.60      0.60      0.00      0.00      0.00      0.00    -99.00    -99.00     34.00      0.00     20.00      0.80
24      1.40      1.00    -99.00    -99.00      0.00      0.00    -99.00    104.60      3.20      0.00      2.40     36.40
25      2.20      0.20    -99.00      0.00      0.00      0.00    -99.00    -99.00      0.20      0.00      5.00      0.20
26      0.00      0.00      0.60      0.00      0.00      0.00    -99.00     20.20     10.20     21.60      4.40      0.40
27      0.00      0.00      2.40    -99.00      0.00      0.00     10.60    -99.00      0.00     19.80      0.00     17.60
28      0.60      0.00    -99.00      0.00     41.20      0.00    -99.00    -99.00      0.00      0.80      3.00      0.00
29      0.00      1.00      0.00    -99.00      0.00      0.00      0.00      7.00      0.00      0.20     17.80      3.00
30      0.40    -99.00      0.00      0.00      0.00      0.00    -99.00    -99.00      8.20     11.40     67.00      3.20
31      0.00    -99.00    -99.00    -99.00      0.00    -99.00      0.00    -99.00    -99.00    101.60    -99.00     87.20
2017
01      8.60     27.60      0.20      0.00      0.00      0.00      0.20      0.00      0.00      0.80     46.60      0.00
02     31.20      6.60      0.20      3.40      0.00      0.00      0.00      0.00      0.00     42.40      0.60     22.60
03     25.20     35.80      0.00      2.00      0.00      0.00      0.00      0.00      0.00     18.40     15.20      9.60
04     11.60      3.00      0.00      0.00      0.00      0.00      4.20      0.00      0.20      4.00    201.60      0.60
05      1.80      0.00      0.00      0.00      0.00      0.00      8.00      0.00      4.80      3.40    150.00      0.20
06      5.80      0.00      0.00      0.00      0.00      0.00      1.00     57.60      0.00      3.00     66.40      0.00
07      0.00      0.00      0.00      0.60      0.00     15.40      0.00      0.00      0.00      5.00      6.00      0.40
08      5.80      0.00      0.00      0.00      0.00     20.80      0.00      0.00      0.00      1.80     85.00      3.80
09      3.80     18.00      0.00      0.00      0.60      0.40      0.00      1.80      0.00     36.00     17.60      0.60
10      6.80      4.60      0.00      0.00      0.00     20.80      7.40      0.20      0.00      8.40      0.20      0.00
11      4.20     17.20      0.00      0.00      0.80      0.00      0.00      0.00      0.00      1.60      6.60      1.00
12      0.60      0.00      0.00      0.00      0.00      0.00     19.80      0.00      0.00     14.40      0.00      0.00
13      0.00      0.60      0.00     12.00      7.00      1.00      2.00      0.00      1.00      3.40      0.00      0.00
14      0.80     14.60      0.00      0.00      0.00      0.00      4.00      0.00    103.00      5.40      0.00      0.00
15      3.00      0.80      0.00      0.00      1.80      0.00     19.00      0.00     14.60      0.00     20.80      1.20
16      5.60      0.00      0.20      0.00     18.40      0.00     27.60      0.00      0.00      0.00      3.80     14.00
17      0.60      0.20      0.00      0.00      0.60      0.00      0.00      0.00      0.00      0.00      0.20     37.00
18      0.00      4.40      0.00      0.00      0.00      0.00     87.40     18.00      0.00      9.40      0.00      4.60
19      0.00      0.00      0.20      0.00      8.60      0.00      0.60      0.60      0.00     31.40     23.40      4.40
20      1.60      0.00      0.00      0.00      0.60      0.00      0.20      0.00      0.00      1.80     22.20      0.00
21      0.00      0.00      0.00      0.00      0.00      0.00      0.00      0.00      0.00      0.00    111.40      1.80
22      0.20      0.00      0.00      0.00      0.00      0.00      0.00      0.00      0.80      0.00     35.40      0.00
23      0.60      0.00      0.00      0.00      0.00      0.00      0.00      0.00      4.40      0.00     24.60      2.20
24      9.20      7.00      0.00      0.00      0.20      0.00      1.80      0.00      0.00      6.80     26.40      2.60
25     33.40      0.00      0.40      9.20      1.60      0.00     31.20      0.00      0.00     10.60      3.80      4.20
26      0.20      0.00      0.40      0.00     16.40      0.00      1.40     99.60      0.00      0.00      3.80     24.60
27      0.00      0.00      4.60      0.00      1.80      0.00     28.60     16.60      0.00      3.40      0.00     26.60
28      0.00      0.00      0.00      0.00      0.20      0.00      0.40      0.20      3.20      0.00      9.80      1.20
29      0.00    -99.00      6.00     14.80     24.40      0.00      0.00      0.00      0.20      0.00      5.60      3.60
30      0.00    -99.00      0.00      0.00      2.00     20.60      0.00      0.00      0.20      5.40      3.00      0.20
31      0.00    -99.00      2.60    -99.00      0.00    -99.00      0.00      0.00    -99.00    133.80    -99.00      1.00
2018
01      7.80      0.00      0.00      0.00      0.00      0.00      0.00      0.00      0.00      5.20      0.00     17.00
02     11.60      0.00      0.00      0.00      0.00      3.40      0.00      0.20      0.00     24.00      0.00      0.00
03      9.80      0.00      0.40      0.00      0.00     73.40      0.00      0.00      0.00     37.00      0.00      0.00
04      1.20      0.00      0.00      0.00      0.00     12.20      0.00      0.00      0.00     32.00      0.00     16.20
05      2.00      0.00      0.00      0.00      0.00      0.00      0.00      6.80      0.00      0.00      0.00      0.20
06      0.00      0.00      0.00      0.00      8.40      5.80      0.00      0.00      0.00      0.00     12.00      0.40
07      0.00      0.00      0.00     55.00      0.00      0.20      0.00      0.00      0.00      0.00      1.80     18.00
08      0.00      0.00      0.00      7.00      0.00      0.00      1.40      0.00      0.00      0.00      1.80      3.00
09      0.80      0.00      0.00      0.00      0.00      0.00     27.60      6.40      0.00      0.00     17.80    492.40
10      0.00      0.00      0.00      0.00      0.00      0.00     34.60      0.00      0.80      0.20      2.80    455.40
11      0.00      6.40      0.20      0.00      0.00      0.00      1.60      0.00      0.00     16.60      0.00     51.40
12      4.40      0.00      0.40      0.00      0.00      0.00      2.20      0.00      0.00     44.60      0.00     10.40
13      9.40      0.40      0.00      0.00      0.00      0.00      0.00      1.20     11.80     19.40      0.00     14.00
14      3.60      0.00      3.00      0.00      0.00      0.00      0.00      6.60      0.20      1.80      0.00     24.60
15      0.00      0.00     20.20      0.00      0.00      0.00      0.00      0.00      6.80      0.00      0.00     46.00
16      0.00      0.20      0.00      0.00      0.00      0.00      0.00      0.00      0.00      0.00      0.00     12.20
17      0.00      0.00      0.00      0.00      0.00     12.20      0.00      0.00      0.00      0.00      0.00      8.40
18      0.00      0.00      0.00      0.20      0.00      0.00      0.00      0.00      0.00      0.00      2.40      1.60
19      0.40      0.00      0.80      0.00      0.00      0.00      0.00      0.00      3.40      9.00      0.80      0.00
20      1.20      0.00      0.20      0.00      0.00      0.00      0.00      0.00      2.80      2.60      0.00      0.00
21      0.00      0.00      0.00      0.00      0.00      0.00      0.00      3.00     34.60      0.00      0.00      0.00
22      3.60      0.00      0.00      0.00      0.00      0.00      0.00      0.00      9.20     34.60     12.00      0.20
23      0.60      4.60      0.00      0.00      0.00      0.00      0.00      0.00      1.20      0.20      0.00      0.00
24      3.20      0.00      0.00      0.00      0.00      2.20      0.00      0.00      0.00      3.20      7.00      5.60
25      4.60      0.00      0.00      0.60      0.00      0.40      0.00      0.00      0.00      5.00     33.60      1.20
26      0.00      0.00      0.00      1.60      0.00      5.80     74.60      0.00      0.00      1.00     24.40      7.20
27      9.40      0.00      0.00      0.00      0.00      0.00      0.20      8.80      0.00      5.00      0.00      1.20
28      0.00      0.00      0.00      0.00      0.00      0.00      0.40      0.80      0.00     24.20     49.00      1.20
29      8.20    -99.00      0.00      1.00      0.00      0.00      0.00      0.00      0.00      0.00     19.60     33.00
30      0.00    -99.00      0.00      2.20      0.00      0.00      0.00      0.00      3.00      0.00     49.40      5.20
31      0.00    -99.00      0.00    -99.00      0.00    -99.00      0.00      0.00    -99.00      0.00    -99.00     28.60
