ConCo               
   106.33600       17.155001               8
2011
01      0.20      0.00      0.00      0.00      0.00      0.00      0.00     20.60      0.00      2.40     84.20     15.60
02      0.00      0.00      1.40      0.00      0.00      0.40      0.00      0.00      5.20     63.00      2.00     16.80
03      0.20      0.00      2.40      0.00      0.00      0.00      0.00      1.80      7.60     90.40     11.40      0.80
04      6.60      0.00      0.60      0.00      0.00      0.00      0.00      0.00      0.00      2.00    116.80      0.20
05      0.40      0.00      6.20      0.00      0.00      0.00      0.00      0.00      5.40      1.80     19.60      3.40
06      6.40      0.00      0.00      0.00      0.00      0.00      0.00     16.40      3.60      0.60     25.00      0.40
07     32.80      0.00      1.60      0.00      0.00      0.00      0.00      0.00     34.20      0.60     85.60     10.40
08     10.00      0.00      0.00      0.00      0.00      0.00      0.00      0.40     16.80     13.00     13.00      3.00
09      6.80      0.00      0.00      0.00      0.00      0.00      7.40      0.00     44.40     41.00      1.00      8.80
10      3.40      0.00      0.00      1.80      0.00      0.00      0.00      0.00      7.40      1.20      0.00      1.40
11      0.00      0.00      0.00      0.00      0.00      0.00      0.00      0.00      6.40      0.60      0.00      9.60
12      0.00      0.00      0.00      0.00      0.00      0.00      0.00      0.00      1.00     39.00      0.00      0.40
13      0.00      0.00      0.00      0.00      6.00      0.00      0.00      0.00      9.80      0.20      0.00      0.00
14      0.00      4.00      0.00      0.00      0.00      0.00      0.00      0.20      0.60      3.00      0.00      0.80
15     52.80      0.00      0.00      0.00      0.00      8.80      0.00      0.60      2.00     49.00     34.00     16.40
16     15.40      0.00     20.40      0.00      0.00      0.20      0.00      6.20      0.20     87.40      7.60      5.20
17      0.40      0.00      0.00      0.00      0.00      0.00      0.00      0.00      0.00    240.20      0.40      1.40
18      0.60      0.00      0.00      6.80     38.40     39.00      1.00      0.00      0.00     10.20      0.00      0.00
19      0.20      0.00      0.00      0.00      0.40     27.00      0.00      0.40      0.00      5.00      0.00      3.60
20      0.40      0.00      0.00      2.40      0.00     23.20      0.00      0.00     12.40      3.60      2.80     19.00
21      0.60      0.20      0.00      6.20      0.00      0.00      0.60      0.00     88.60      0.40      5.40      4.80
22      0.00      0.00     16.20      0.00      0.00      0.00      0.00      0.00     33.60      0.80      3.60     13.80
23      0.00      0.00     31.80      0.00      0.20      0.00      0.00      0.00    118.40      0.00     11.00      2.40
24      0.00      0.00      3.20      0.00      0.00      0.00     11.40      0.00    225.60      0.00      7.80      6.80
25      0.00      0.00     19.20      0.00      0.00      0.00      2.00      0.00     16.60     15.60    103.00      0.00
26      7.20      0.00      0.20      0.00      0.00      0.00      0.00      0.00      6.00      0.20     51.00      0.00
27      4.40      0.00      0.20      0.00      0.00      0.00      0.00      0.00     39.80     14.20      1.60      1.20
28      4.80      0.00      0.00      0.00      0.00      0.00      0.00      0.00      0.00      0.20      1.40      2.40
29     15.20    -99.00      2.40      0.00      0.00      0.00      0.20      0.00      0.00      0.00      2.40      0.60
30     26.00    -99.00      0.80      0.00      0.00      0.00      3.20      0.00      0.00      7.40      0.00     25.20
31     41.60    -99.00      0.00    -99.00      0.00    -99.00     13.80     14.40    -99.00      2.00    -99.00     24.40
2012
01     11.40      0.00      0.00     16.80      0.00      0.00      0.60      0.00      0.80      1.00      9.80      0.00
02      7.80      2.80      0.00      2.20      0.00      2.80     40.60      2.40     19.80      0.20      4.80      0.00
03      0.20      1.00      0.00      0.00      0.00      0.20      0.00      7.00     11.00      0.00      0.20      0.00
04     18.00      0.00      0.00      0.00      0.00      8.00      0.20      0.00     31.40      0.00      0.00      0.00
05      5.00      0.00      0.00      0.00      0.00     12.40     52.00      0.00      0.60      1.40      0.60     16.80
06      0.00      0.00      0.00      0.00      0.00      0.00      1.00      0.00      8.20    129.00      0.80     31.20
07      5.20      0.00      0.00      0.00      0.00     45.40      0.00      0.00      0.20      7.40     15.40      0.00
08      1.00      0.00      0.00      0.00      0.00      0.00      0.00      0.00      0.00     13.40      6.60      0.40
09      0.00      1.00      0.00      0.00      0.00      0.00      0.00      0.00      0.00      0.20      0.00      8.40
10      0.60      0.00      0.00      0.00      0.00      0.00      0.00      0.00     17.60      1.20      0.00      0.00
11     16.80      0.00      0.00      0.00      0.00      0.00      0.00      0.00      7.20      0.80      6.60      0.00
12     27.60      6.60      0.00      0.00      0.00      0.00      0.00      1.80     16.60      0.00      9.60      1.20
13      1.20      0.00      0.00      0.00      0.00      0.00      0.00      0.00     29.20      0.00      9.20     25.00
14      0.00      0.00      0.00      0.00      0.00      0.00      0.00      0.00      6.60      0.00      1.60     24.80
15     31.80      0.00      0.00      0.00      1.60      0.00      0.00      1.60     35.80      0.00      8.40      0.00
16      9.20     29.80      0.00      0.00      0.20      3.20      0.00     12.00      0.00      0.00      3.80      0.00
17      9.00     67.80      0.00      0.00      4.20      8.20      0.00      0.20      0.00      0.00     19.20      0.00
18      2.80     19.80      0.00      0.00      1.20      0.40      0.00      0.00      0.20      0.00      2.80      0.00
19      0.00     18.80      0.00      0.00      0.00      0.00      0.00      0.00      0.80     16.00      0.00      1.60
20      0.00      1.00      0.00      0.00      0.00      0.00      0.00      0.00      0.00      0.00      0.00      7.20
21      0.00      1.00      0.00      1.60      3.20      0.00      0.00      0.00      1.00      6.60      0.00      0.00
22      0.00      0.00      0.00      0.00      0.00      0.00      0.00      0.00      0.20      1.40      0.00      0.00
23      3.00      0.00      0.00      0.00      0.00      0.00      0.00     18.00      0.00     16.60      0.00      7.00
24      0.60      0.00      0.00      0.00     13.20      4.00      0.00     10.80      0.20      5.60      2.20      1.20
25      6.60      0.00      0.00      0.00      0.00      0.00      0.00      1.40      2.20      8.40      0.00     11.20
26      0.00      0.00      0.80      0.00      0.00      0.00      0.00      0.80      5.20     43.40      0.00      3.20
27      0.00      1.40      0.00      0.00      2.60      0.00      3.60      6.80    122.60     58.40      2.40     31.20
28      0.00      0.00      0.00      0.00      5.60      9.20      0.00     20.60      6.00      0.00      0.00      1.40
29      2.60      0.00      0.00      0.00      2.20      0.00     11.20      0.00     43.80      0.00      0.00      2.80
30      6.20    -99.00      0.00      0.00      0.20    -99.00      0.00      0.00     13.00     13.20      0.00     36.60
31      5.60    -99.00      8.00    -99.00      0.80    -99.00      0.00      0.00    -99.00    115.20    -99.00      0.00
2013
01      0.00      0.00      0.00      0.00     13.60      0.00      0.40      0.00      0.00     22.20      0.40      0.00
02      0.00      0.40      0.00      0.00      0.00      0.40      0.00      0.80      0.00    216.40      0.00      0.00
03      1.60      0.20     57.00      0.00      0.00      0.20      0.00      0.00      0.00     44.40      0.00      0.00
04     24.40      0.00      9.00      0.00      4.80      0.20      0.00      0.00      0.00     97.00      1.60      1.60
05      2.40      0.00      0.00      0.00      0.60      0.00      0.00      0.00      0.00      0.00     95.80      0.80
06     29.20      0.00      0.00      0.00      0.60      0.00      0.00     20.20      0.00      0.00      9.00      0.20
07     18.00      0.00      0.20      0.00      1.20      0.00      0.00      0.00     12.60      0.00     20.60      0.00
08      3.00      0.00      0.00      0.00      0.40      0.00      0.00      0.00      0.00      0.00      1.20      0.00
09      2.40      7.20      0.00      0.40      0.00      0.00      1.80      0.00     16.80      0.00     50.80      0.00
10      1.60      1.60      0.00      7.80      0.20      0.00      0.20      0.00     42.20      0.00     64.00      0.00
11      0.80      0.20      0.00     11.40      8.80      0.00      0.00     37.40      1.00      7.80      0.00      0.20
12      0.00      0.00      0.00      3.60      0.20      0.00      0.00      1.80      0.00      0.00      0.00      5.80
13      0.00      0.40      0.00      5.00      0.00      1.20      0.00      0.60      2.20      1.00      0.20      1.60
14      0.00      2.20     54.00      0.00      0.00      0.00      0.00      0.20     11.80     86.40      3.20      0.00
15      0.00      0.00      0.00      0.00      0.00      0.00      0.00      0.00      0.20     54.20    148.00      0.40
16      0.80      0.40      0.00      0.00      0.00      0.00      0.00      0.00      1.20      0.20     10.60      0.00
17      0.00      0.40      0.00      1.00      0.00      0.00      0.00      0.00     84.20     66.20      0.80      2.00
18      0.00      0.00      0.00      0.00      0.00      0.00      0.00      0.00     86.00      4.80      0.40      0.00
19      6.20      0.00      0.00      0.00      0.00      0.00      0.00      0.00     16.20     18.60     12.80      0.20
20      0.20      2.60      0.00      0.00      0.00      2.80      3.60      0.00      0.00      3.00      2.20      0.00
21      0.00      0.00      0.00      0.00      0.00      0.00      0.00      0.40     48.60      0.00      4.60      0.00
22      0.00      4.00      0.00      0.00      0.00      0.80      2.20      2.60     49.00      0.00      0.20      0.00
23      0.00     32.60      0.00      0.00      0.00      0.00     10.80      0.00      1.40     13.60      0.00      2.40
24      0.00     50.80      0.00      0.00      0.00      0.40      0.00      0.00      0.00     22.20      0.00      1.40
25     10.80      0.40      0.00      0.00      0.00      0.00      0.00      0.00      5.60      5.40     14.60      0.00
26      0.20      0.00      0.00      9.80     11.40      1.60      0.60     24.80     34.20      4.80      0.80      0.00
27      0.00      0.00      0.00      0.00      0.00      7.80      0.00      6.20      1.60      0.00     17.00      2.60
28      5.40      0.00      0.00      0.00      0.00      0.00      0.00      0.20     12.00      0.00     25.80      0.00
29      0.00    -99.00      0.40      0.00      0.00      0.00      0.00      2.20      0.00      5.60     10.80      0.20
30      0.00    -99.00      0.00      0.40      0.00      0.00      9.40      0.00      4.20      4.80     16.20      0.20
31      9.80    -99.00     23.00    -99.00      0.00    -99.00      7.40      0.00    -99.00      0.00    -99.00      0.00
2014
01      0.00      0.00      0.00      0.00      0.20      0.00      0.00     23.20      0.00      0.00      0.40     53.40
02      0.00      0.00      0.00      0.00      0.00      0.00      0.00      1.40      0.00      0.00      0.00     27.00
03      0.00      0.00      0.00      0.80      0.00      0.00      0.00      2.00      0.00      0.00     10.80      3.20
04      0.00      0.00      0.00     11.20      1.60      0.00      0.00      0.00      0.00      7.00      2.00     29.60
05      0.00      0.00      0.00      0.00      0.60      0.20      0.00      0.40      0.00      4.40      3.20    132.20
06      0.00      0.00      0.00      0.00      0.00      0.00      0.00      2.40      0.00     11.00      2.00     43.80
07      0.00      0.00      0.00      0.40      0.00      0.00      0.00      0.00      0.00     75.00      0.00     25.80
08      0.00      0.00      0.00      0.20      0.40      0.00      0.00      0.00      0.00      0.80      0.00     35.80
09      1.40      0.00      0.00      0.00      0.00      0.00     14.00      0.00      0.00      0.40      2.20      7.00
10      0.20      3.20      1.40      0.00      1.60      0.00      5.20      0.00      0.00      0.00      0.00     17.40
11      4.00      5.00      0.00      0.00      0.00      0.00      4.00      0.00      1.80      0.00      3.80     14.20
12      3.80      0.20      0.00      0.00      0.00      0.00      0.00      0.00      8.00     71.20      7.60     43.20
13     16.40      0.00      0.00      0.00      0.00      0.00      0.00      0.00      0.00     42.40    117.20     88.60
14     30.00      0.00      0.20      0.00      0.00      0.00      0.00    -99.00      0.00      8.20     53.40     23.80
15      0.00      0.00      0.00      0.00      0.00      0.00      0.00    -99.00      0.00     18.00     54.20      5.00
16      1.20      0.00      0.00      0.00      0.00      0.00      0.00    -99.00      0.00      2.40      0.40     12.60
17     21.80      0.00      0.00      0.00      0.00      0.00      0.00      0.00      0.00      6.60      0.00     10.80
18      8.20      0.00      0.00      0.00      0.00      0.00     29.00      0.00      0.00     76.40      0.00      2.20
19      3.00      0.20      0.00      0.00      0.00     14.40      0.00      0.00      0.00      7.60     23.60      0.00
20      4.00      0.00      0.00      0.00      0.00      0.00    -99.00     18.20      0.00      1.60     41.00      0.00
21      5.00      0.00     10.80      0.00      0.00      0.00      0.00      0.00      4.20      2.20      0.40     25.60
22      0.00      0.20      4.20      0.00      0.00     28.20      0.00      0.00      0.40     99.20      4.80      8.60
23      0.00      0.40      0.00      0.00      0.00     26.40      2.20      0.00     18.80     48.60      3.60      1.20
24      0.00      0.60      0.00      0.00      0.00      0.00      6.60      0.00      0.60     74.20      0.40      0.40
25      0.00      0.00      0.00      0.00      0.00      0.20      0.00      0.00      3.00     36.40     15.20      1.20
26      1.80      0.00      0.00      0.00      0.00      0.00     33.40      5.00      0.00     14.20      0.00      2.80
27      0.00      0.00      0.00      0.00      0.40      5.60      4.00      0.00      0.00      5.00      0.00      9.60
28      0.20      0.00      0.00      2.40      0.00     36.20     12.40     14.20      2.40      7.80      0.60     25.00
29      0.00    -99.00      0.00      0.00      0.00      0.60    116.80      3.80      0.20      3.60      8.80     16.40
30      0.00    -99.00      0.00      3.80      0.00      0.00      0.00     18.40      0.40      9.60    107.60      0.00
31      0.00    -99.00      0.00    -99.00      0.00    -99.00      0.00     20.20    -99.00     29.00    -99.00      6.80
2015
01      5.20     22.80      0.00      0.00      0.00      0.00      0.00      0.40      0.20      2.80     77.00      0.60
02     13.40      5.20      0.00      0.00      0.00      1.60      0.00      0.00      0.00     14.40     18.80      0.00
03     11.60      3.60      0.00      0.00      0.00      0.00      0.00      0.00      0.00      1.80     34.40      0.00
04      1.60      2.40    -99.00      0.00      0.00      0.00      0.00      0.00      0.40     11.80     39.20      0.00
05      0.00      0.00      0.00      0.00      0.00      0.00      8.80      0.00      0.00      8.00    206.20      5.20
06      0.00      5.20      0.00      0.00      0.00      0.00      1.20      0.00      0.00      0.40     54.40     34.00
07      2.80      9.40    -99.00      0.00      0.00      0.00     54.80      0.00      0.00      0.20      1.80    113.20
08     76.00     17.00      0.00      0.00      0.00      0.00      4.40      0.00      0.00      0.20      0.20     36.00
09      3.80     24.20      0.00      2.20      0.00      0.00      0.00      0.00      0.00      0.80      0.40      3.80
10      2.80     14.00    -99.00      0.20      0.00      0.00      0.60      0.00      1.20      0.20      8.40      0.00
11      0.00      0.00      0.00      0.00      0.00      0.00     15.80      1.80      1.20      5.00     26.60      0.60
12      0.00      0.00      0.00      5.60      0.00      0.00     33.80      0.40     20.60     31.20      5.00      0.20
13      0.00      0.00    -99.00     16.00      0.00      0.00      0.40      0.00     65.20     14.00      0.00      0.00
14      0.00      0.00      0.00      0.60      0.00      0.00      0.80      0.00    202.00     43.80      0.20      0.00
15      0.00      0.00      0.00      0.00      0.00      0.00      0.40      0.00      2.60    218.20      0.00     11.20
16      0.00      0.00      0.00      0.00      0.00      0.00      0.00      0.00     14.40      0.00      0.00      5.60
17      3.60      0.00    -99.00      0.00      0.00      0.00      0.00      0.00     11.40      0.40      0.00     31.60
18      6.00      0.00      0.00      0.00      0.00      0.00      0.60      0.00      0.00      0.00      0.00      6.00
19      0.00      0.00      0.00      0.00     11.20      1.20      2.40      0.00      0.00      0.00      0.80     60.00
20      0.20      0.00    -99.00      0.00      0.00      7.20      0.00      0.00      0.00      0.00      4.00     84.20
21      0.00      0.00      0.00      0.00      0.00     44.80      0.00      0.00      0.00      0.00     20.20     29.20
22      0.00      0.00      0.00      1.40      0.00      2.60      0.00      1.40     11.60      0.00      0.60      1.40
23      0.00      0.00    -99.00      5.00      0.00      0.00      0.80      0.00      3.20      0.00      1.40      0.00
24      0.00      0.00      1.40      0.00      0.00      0.00      0.00      0.00      0.00      0.00     40.40      0.00
25      0.00      0.00     31.20      1.60      0.00      0.00      0.00      0.00      0.00      0.00     32.00      0.00
26      0.00      0.00    -99.00      0.00      0.00      0.00      0.00      4.00      0.00      7.00      0.20      0.00
27      0.00    -99.00    -99.00      0.00      0.00      0.00      0.00      5.60      0.00      0.00     18.80      0.00
28      0.00      0.00     23.00      0.00      0.00      0.00      0.00      0.00      0.00      0.00     18.80      4.80
29      0.00    -99.00      0.00      0.00      0.00      0.00      0.80      2.80      0.00      0.00      3.40     30.40
30      0.00    -99.00    -99.00      0.00      0.00      0.00      1.60      0.00      0.00      0.00     23.60      4.00
31      5.60    -99.00      0.00    -99.00      0.00    -99.00      0.20      7.20    -99.00     31.20    -99.00      8.40
2016
01     10.80      0.00      0.00      0.00      0.00      0.00      0.00      0.00      0.00      0.00     98.40    148.80
02      6.00      2.20      3.20      0.00      0.00      0.00     12.60      0.00      0.00      0.00      1.40    250.60
03      2.60      0.00      0.00      0.00      0.00      0.00      3.00      0.00      0.00      0.00     11.20     33.60
04      0.00      0.20      0.00      0.00      0.00      0.80     21.20      1.60     17.20      0.00      0.20     33.20
05      0.00      0.00      0.00      0.00      0.00      0.00      9.20      0.00     58.80      3.60      3.20    181.20
06      0.00      2.20      0.00      0.00      0.00      0.00     15.40      0.00      8.40     30.60      0.00     58.40
07      0.00      2.00      0.00      0.00      0.00     22.00      0.00      0.00      0.00     15.60     17.40    148.20
08      0.40      0.00      0.00      0.00      0.00      9.40      0.00      4.40      0.00     15.40     18.40      3.40
09     16.20      0.40      0.00      0.00      0.00      0.60      0.00      0.20      0.00     19.00      0.20      0.00
10      0.80      0.20      0.00      0.00      0.00      0.00     10.80      0.00      0.00     36.20      3.80      0.00
11      0.00      0.00      0.00      0.00      0.00      0.00      0.00      3.80     13.60      6.20     10.80      5.20
12      6.80      0.00      0.00      0.00      0.00      0.00      0.00      1.60    178.40     12.20     21.60     19.80
13     18.20      0.00      0.00      0.00     38.20      0.00      0.00      0.00     21.80      0.00      1.60     27.20
14      0.00      0.00      0.00      0.00      0.20      0.00      0.00      0.00      0.00     70.00      0.00     69.60
15      0.00      0.00      0.00      0.00      0.00      0.00      0.00      0.00      0.00     57.00      0.00    131.60
16      0.20      0.80      0.00      0.00      0.00      0.00      0.00      0.00      0.00     30.40      3.40    144.80
17      0.00      0.00      0.00      0.00      0.00      0.00      0.00      0.00      0.60      0.80     28.80     11.00
18      0.00      0.00      0.00      0.00      0.00      0.00      0.00      4.80      0.80      0.00     21.80      3.20
19      0.00      0.00      0.00      0.00      0.00      0.00      0.00      3.00      0.00      0.00     63.80     10.00
20      0.00      0.60      0.00      0.00      0.00      0.00      0.00      0.00     27.40      0.00      3.00      3.60
21      0.00      0.00      0.00      0.00      0.00      0.00      0.00      0.00     45.00      0.00      1.80      0.20
22      0.00      0.00      0.00      0.00      0.00      0.00      0.00     19.40     54.60      0.00      0.00      0.80
23     12.60      0.00      0.00      0.00      0.00      0.00      0.00      8.80      0.40      0.40      0.00      8.80
24    161.40     21.40      0.80      0.00      0.00      5.40      0.00      5.00      0.00      0.00      0.00     18.00
25     37.60     11.40      7.80      0.00      0.00     30.20      0.00      0.00      3.60      4.40      0.00      0.20
26      0.40      0.20      3.00      0.00      0.00     30.40      0.00      0.00      7.40      5.00     11.20      0.00
27      0.00      0.00     10.40      0.00      0.00     15.40      7.20      2.00      0.00      9.80     16.60      5.60
28      1.60      0.00      0.00      0.00      0.20      0.00      0.00      0.00      0.00      0.00     22.80      6.60
29      0.00      0.60      0.00      0.00      0.00      0.00      0.00     15.60      5.20      4.00     35.40     22.80
30      0.00    -99.00      0.00      0.00      5.40      0.00      0.00      0.20     30.00     80.60     85.40      7.00
31      0.00    -99.00      0.00    -99.00      0.00    -99.00      0.00      0.00    -99.00     13.80    -99.00     46.00
2017
01      8.60     14.80      1.80      0.00      0.00      0.00      0.00      0.00      0.00      0.60      1.40     10.00
02      5.20     41.60      5.20      1.60      0.00     11.60      0.00      0.00      0.00     25.40      0.00     30.00
03      2.40     10.60      0.00      4.00      0.00      0.00      0.00      0.00      0.00     16.60    220.60     29.60
04      4.00      0.20      0.00      0.00      0.00      0.00      0.00      0.40      0.00      0.40    171.80      6.20
05      0.20      0.00      0.00      0.00      0.00      0.00      0.00      0.00      3.40      0.00    333.40      6.20
06      1.80      0.00      0.00      0.00      0.00      0.00      3.60      0.00      0.60      5.40     20.40      0.00
07      0.20      0.00      0.00      0.00      0.00      0.40      0.00      0.00      0.00     14.00      2.20      1.40
08      0.00      0.00      0.00      0.00      0.00      0.20      0.00      0.00      0.00     32.40     84.60      1.80
09      2.80      7.20      0.00      0.00      0.60      0.00      0.00      0.00      0.00     21.60     37.40      0.00
10      6.20     49.20      0.00      0.00      0.00      0.40     12.00      0.00      0.00     23.60      7.20      0.00
11     13.60     12.80      0.00      0.00      4.80      0.20      0.00      0.00      0.00      0.20     14.60      0.60
12      0.20      5.00      0.00      0.00      0.00      0.00      0.00      0.00      0.00      0.00      0.20      0.00
13      3.20      0.00      0.00      1.60      0.20      0.00      3.20      0.00      1.00     24.80      0.00      0.00
14      2.40      8.20      0.00      0.00      0.00      0.00      0.60      0.00     45.20     28.00      0.00      3.60
15     10.20      2.40      0.00      0.00      0.00      2.20     10.20      0.00      6.80      0.00      9.60      1.80
16      0.00      0.00      0.80      0.00     10.60      0.00      7.80      0.00      0.00      0.00      0.60      6.20
17      0.00      0.80      0.00      0.00      1.40      0.00      0.00      0.00      0.00      0.00      0.00     15.40
18      0.00      0.80      0.20      0.00      1.20      0.00     51.80     38.20      0.00     30.60      0.40      1.00
19      0.00      0.00      0.00      0.00     15.40      0.00      6.80      2.20      0.00     70.80     22.60      0.00
20      0.00      0.00      0.00      1.00      0.80      0.00      0.00      0.00      0.00      0.80     35.20      0.60
21      1.20      0.00      0.00      0.20      0.40      0.00      0.00      0.00      0.00      0.60     68.60      7.40
22      4.00      0.00      0.00      0.00      0.00      0.00      3.20      0.00      0.00      0.00    101.40      0.00
23      5.20      0.00      0.00      0.00      0.00      0.00      7.00      0.00      9.80      3.60      8.60      0.00
24     23.40     48.00      0.00      1.60      0.00      0.00      8.20      0.20      0.00     16.60     74.80      1.80
25     27.40      0.40      0.00      0.00      2.40      0.00      5.00      4.60     96.80     29.00     10.20     14.20
26      4.20      7.00      2.40      0.00      0.00      0.00      0.60     35.60      2.00      9.80     16.60     43.20
27      0.00      2.80      8.60      0.00      0.20      0.00     37.00     17.60      0.00      3.60     16.80     30.00
28      0.00      4.00      0.40      0.00      1.60      0.00      5.60      0.00      0.00      0.00      5.00      2.60
29      0.00    -99.00      0.00     24.40     10.60      0.00      0.00      0.00      0.00      0.00      0.80     20.60
30      0.00    -99.00      0.60      0.00      0.00      0.00      0.00      0.00      0.00      2.40      8.20      1.60
31      0.00    -99.00      0.20    -99.00      0.00    -99.00      0.00      0.00    -99.00    119.00    -99.00      0.40
2018
01      2.40      0.00      0.00      0.00      0.00      0.00      0.00      0.00      0.00     26.20      0.00      4.60
02     10.00      0.00      0.00      0.00      0.00      9.20      0.00      0.00      0.00     92.40      0.00      0.00
03      7.60      0.60      0.00      0.00      0.00    172.00      0.00      0.00      0.00    113.60      0.00      0.00
04     22.20      0.00      0.00      0.00      0.00     25.80      0.00      0.00      0.00     23.20      1.20      0.20
05      2.60      9.20      0.00      0.00      0.00     22.40      0.00      0.00      0.00      0.00      0.20      0.20
06      0.00      0.00      0.00      0.00      9.20     19.80      0.00      1.20      0.00      0.00      3.20      1.00
07      0.00      0.00      0.00      5.80      0.00      8.80      0.00      3.60      0.00      0.00      8.20      4.60
08      0.00      0.00      0.00      3.00      0.00     16.80      1.20      5.60      0.00      0.00     20.20      1.00
09      4.80      0.00      0.00      0.00      0.00      0.00      4.40      8.00      0.20      0.00      0.00    227.60
10      0.00      0.00      0.00      0.00      0.00      0.00     44.80     35.80      4.00      0.60      0.00    257.20
11      0.00      5.60      0.80      0.00      0.00      0.00      3.80      0.00      7.60     15.60      0.40     15.40
12     10.00      9.20      1.40      0.00      0.00      0.00     80.00      0.00      0.80     66.20      2.60     17.80
13      2.60      0.00      0.00      0.00      0.00      0.00     23.00      0.00      2.40     56.60      0.00     29.20
14     26.40      0.00      0.00      0.00      0.00      0.00      0.00      0.00      2.80      0.60      0.00     62.00
15      2.40      0.00     77.40      0.00      0.00      0.00      1.00      0.00      6.40      0.00      0.00     30.60
16      0.00      0.00      0.00      0.00      0.00      0.00      0.20      0.00      2.20      0.00      0.00      4.60
17      0.00      0.00      0.00      0.00      0.00      0.60      8.40      0.00      4.00      0.00      0.00      2.60
18      0.00      0.00      0.00      0.00      0.00      0.00      3.60      0.00      0.60      0.00      0.20      1.20
19      0.00      0.00      0.00      0.00      0.00      0.00      0.40     24.00     29.60      0.80      3.80      1.80
20      0.00      0.00      0.00      0.00      0.00      2.20      0.00      0.20     41.60     11.40      0.20      0.00
21      3.00      0.00      0.00      0.00      0.00      0.00      0.80      0.00     31.20      0.00      0.00      0.00
22      0.00      0.00      2.60      0.00      0.00      1.00      2.00      0.80      2.80      0.00     21.40      0.00
23      0.00      0.80      0.00      0.00      0.00      0.00      0.20     39.20      2.00      1.40      0.20      2.40
24      1.00      0.00      0.00      0.00      0.00      2.00      0.00      0.00      0.00      3.80     50.40     22.60
25      0.60      0.00      0.00      0.00      0.00      0.20      0.20      0.00      0.00      0.00     88.60      2.80
26      0.00      0.00      0.00      0.00      0.00      0.00      0.80      0.00      0.00      0.00     50.20      8.40
27      3.00      0.60      0.40      0.20      0.80      0.00     79.00      0.20      0.00     16.60      3.80     11.20
28      0.00      0.00      0.00      0.00      0.00      0.00      1.00      0.00      4.40     16.00     77.40     22.80
29      5.20    -99.00      0.00      0.00      0.00      0.00      0.00      0.00      1.20      1.00     11.60     28.80
30      0.00    -99.00      0.20      0.00      0.00      0.00      0.00      0.00      3.20      0.00      7.40     14.80
31      0.00    -99.00      0.20    -99.00      0.00    -99.00      0.00      0.00    -99.00      0.00    -99.00      5.00
