CoBi                
   107.43400       16.485001              11
2011
01      0.00     15.00      0.00      0.00      0.00      0.00      0.00      6.40      0.00     21.20    142.60     48.60
02      0.00      4.80      0.80      0.00      0.00      0.00     13.60      0.60      0.80     21.80      0.20     21.80
03      0.00      0.00      0.20      0.00      0.00      1.20      0.00      0.00      0.20     63.60      9.80      6.80
04     25.40      0.00     15.40      0.00      0.00      0.00      0.00      0.00      2.00     42.60     32.60      0.00
05      7.20      0.20      0.00      0.00      0.00      0.00      0.00      0.00      0.00      2.20      7.40     13.60
06     39.60      0.20      0.00      0.00      0.00      2.60      0.00      0.00     59.40      0.00     83.40     28.60
07     55.60      0.00      8.00      0.00      0.00      0.00      0.00      4.00      0.00      9.40    288.40     15.20
08      3.20      0.00      0.20      0.00      0.00      0.00      0.00      0.00      1.80      3.80    103.00     22.80
09      8.60      0.00      0.40      0.00      1.80     10.20      0.00      0.00     22.00    109.60     12.80    170.60
10     17.40      0.00      1.80      4.60      0.00      2.00      0.00     37.60     30.00     31.20      1.00     83.60
11     14.80      0.20      0.00      0.00      0.00      0.00     10.00      6.60     16.40     56.60      0.00     20.60
12     10.40      0.00      0.00      0.00      0.00      0.00      0.00      0.00     48.00      3.80      0.00      1.40
13      1.00      4.80      0.00      0.00      0.20      9.40      0.00      0.00      1.80      2.20      3.00      0.20
14      0.20      2.60      0.00      0.00      9.20      1.80      0.00      0.00      4.60     11.60     12.40     12.60
15      6.20      0.20      0.00      0.00      0.20      0.00      0.00     14.60      6.40     23.20     27.80     38.60
16      8.20      0.00     17.20      0.00      0.00      0.00      0.00      5.20      0.00    354.40     22.80    118.20
17      3.40      1.00      3.80      0.00     73.00      0.00      0.00      7.00      0.00    198.40      0.00     65.00
18      2.80      0.40      0.20     24.00      0.00      0.40      0.00      0.00      0.00     19.80      0.00     34.60
19      6.40      2.20      0.00      6.40      5.20      2.20      0.00     15.20      0.00     12.20      0.00      1.40
20      9.20      2.20      0.00      5.00      2.20      9.80      0.00      1.00     24.00      0.00     38.80     17.40
21     11.80      0.20      0.00      0.00      0.00      0.00      0.00      0.00     37.20      4.00     11.20     12.20
22      2.20      0.20      6.60      0.00      0.00      0.00     11.60      0.00    234.20      0.00      9.00     20.80
23      5.40      0.40     20.60      0.00     10.80      0.00      0.00      0.00    139.80      0.00      6.00     24.80
24      8.40      0.00     22.40      0.00      0.80      3.20      0.00      0.00     48.80      3.60      9.60      3.40
25     11.60      0.00     32.20      1.80      3.80      0.40      0.00     17.80     53.60      6.40    143.80      5.20
26      7.20      0.00     24.40      0.20      0.00      0.00      0.00      0.00    211.20      3.40     13.00      0.80
27      9.20      0.00      9.00      1.20      0.00      0.40      0.00      0.00     28.80     46.00      1.00     11.00
28     20.40      0.00     24.00      0.00      0.00      0.00      0.00      1.00      0.00      5.80      0.40      1.60
29     38.00    -99.00     12.80      0.00      0.00      0.00      0.20      0.00      0.00      9.80      0.20      0.00
30     12.40    -99.00     11.20      0.40      0.00      0.00      0.20      0.40      0.00     13.40     20.00     39.00
31     15.20    -99.00      1.00    -99.00      0.00    -99.00     13.60      0.20    -99.00      0.20    -99.00     37.60
2012
01     14.20      0.40      0.40     10.40      0.20      1.60     23.80      1.40      1.40      2.80     55.40      0.00
02      1.20      0.00      0.20      2.00      0.00      1.20      0.60      0.00      0.20      0.00      6.80      1.60
03      0.00      4.20      0.00      0.00      0.20     49.60      0.00      0.00      7.00      0.00      0.20      0.00
04     14.40      0.20      0.20      0.00      0.00      0.20      0.00      0.00    186.60      0.00      3.20      0.00
05      4.80      0.00      0.00     47.00      0.00      0.00      0.00      0.00      2.40      0.00     55.00      9.20
06      1.80      0.00      0.00      0.20      0.00      0.00     13.20      0.00      9.80    106.00      2.00     10.60
07      5.40      1.00      0.00     67.80      0.00      4.40      1.00      0.00      7.60     50.60      0.00      0.00
08      2.40      1.20      0.00      0.20      0.00      3.60      7.00      0.80      0.00     19.60      0.00      1.00
09      1.40      0.00      1.00      0.00      0.80      0.00      0.00      0.00      0.00      3.80      0.00      0.00
10      9.00      0.40      5.00      0.00      0.20      0.00      0.00      0.00     11.80     18.00      0.00      0.00
11     13.80      0.00      1.00      0.00      0.00      0.00      0.00      0.00     17.20      0.80     43.20      0.00
12     34.00      0.40      1.80      0.00      0.00      0.00      0.00      0.00      3.00      0.00    154.60      1.60
13     14.00      0.00      0.40      0.00      0.00      0.00     39.60      0.00     35.40      0.00     20.40      0.40
14      0.00      0.00      0.00      0.00      0.00      0.00      0.00      0.00     16.60      0.00      0.80      0.00
15      2.20      0.00      0.00      0.00     35.40      0.00      0.00      0.00     35.40      0.00     49.40      0.00
16      8.40     11.80      0.00      0.00     16.20      7.20      0.00      0.00      0.00      0.00     80.60      0.00
17      0.00     33.20      0.00      0.00      1.00      2.80      2.20      0.40      0.00      0.00    154.00      0.00
18      0.00     19.20      0.20      0.00      2.80      1.20      0.00      0.00     14.60      0.00      4.60      3.60
19      0.00     16.20      0.00      0.00      0.20      0.00      0.20      0.00      0.00      1.80      6.00     78.00
20      0.00      1.40      0.00      0.00      0.00      0.00      0.00      3.60      0.00      6.80      6.60      0.00
21      1.60      0.00      0.00     37.20      0.00      0.00      0.00      0.00      0.00      0.00      0.00      0.00
22     16.00      0.20      0.00      0.00      0.00      0.00      0.00      0.00      0.00      0.20      0.20     16.40
23     12.60      0.00      1.60      0.00      0.00      0.00      0.80      1.60      0.00      6.00      0.00     72.00
24      0.40      0.00      9.60      0.00      7.80      0.00      0.20     38.00      0.00      0.00      0.20     17.40
25     11.80      0.20      0.20      0.00      0.40      0.00      0.00     36.80      0.00      0.00      0.00      0.00
26      0.20      2.40      2.40      0.00      1.00      0.00      0.00      0.00     96.00      8.00      0.00      6.20
27      0.00      3.60      5.00      0.00     11.00      0.00      0.00     13.00     54.80     55.60      0.00      2.00
28      0.20      0.40      0.00      3.60      0.60      0.00      0.00      0.00     18.40      5.20      0.60      2.20
29      1.60      0.20      0.00      0.00      0.00      0.00      0.00      0.00      8.80      0.00      0.00      6.40
30      7.20    -99.00      0.00      0.00      2.20      4.00      0.00      0.00      5.20     13.20      0.00     38.40
31     12.20    -99.00      7.20    -99.00     34.80    -99.00      0.00      3.80    -99.00     68.20    -99.00      9.80
2013
01      0.00      0.00      0.00    -99.00      6.80      0.00      2.60    -99.00     12.40      0.00      0.00     24.20
02      0.00      0.20      0.00    -99.00      0.20      0.60     28.40      6.20      0.00     91.40      0.00      2.20
03      0.80      0.20     26.20    -99.00      0.00     51.20      0.00      0.00      0.00     28.20      0.00      0.40
04      0.20      0.20     37.40    -99.00      4.20      1.20      0.00      0.00      4.60      0.40      9.20      9.20
05      1.00      0.00      1.80    -99.00      0.00      0.00      0.00      0.00      0.00      0.00     66.80      0.20
06     13.00      0.20      0.00    -99.00      0.00      5.60      0.00      0.00      0.00      0.00     16.00      2.00
07     13.00      0.00      0.00    -99.00     20.80      0.00      1.60      4.00     20.40      0.00    124.40      1.80
08      3.40      0.00      0.00    -99.00      0.00      0.00      0.40      0.00      0.60      0.00      2.80      0.00
09     15.00      0.00      0.20    -99.00      0.00      0.00      6.00      0.00     13.40      0.00     44.20      0.00
10     10.80      8.20      0.00    -99.00      0.00    119.20      4.60      0.00     66.60      2.40     92.40      0.20
11      4.20      0.00      0.00    -99.00      5.60      5.40      0.40      0.00     25.60     31.80      0.00      0.00
12      5.40      0.20      0.00    -99.00      0.00      0.60      0.00     20.60      7.60      0.00      0.00      1.40
13      1.60      1.80      0.60    -99.00      0.00      0.00      0.00      0.00      9.80     36.20      0.20      3.40
14      0.00      0.00      0.00      0.80      0.00      0.00      7.00      0.00      0.00     93.80     26.00      7.40
15      0.00      0.20      0.20      0.00      0.00      0.00      0.00      0.00      0.00     78.00    525.80     11.20
16      4.20      0.40      0.00      1.60      0.00      0.00      0.00      0.00      0.00      0.00     82.00      8.60
17      0.00      0.00      0.00      1.40      5.20      0.00      0.00      0.00     72.00      1.20      2.80     10.00
18      2.60      0.00      0.00     14.80      0.00      0.20      0.00      0.00    185.80      6.40      3.20     10.20
19      8.80      0.20      0.00      0.00      3.60      0.00      0.00      0.00     10.80      9.00     28.60      0.20
20      0.20      0.00      0.00      1.00      0.00      1.60     27.80      0.00      7.40     35.40     41.40      0.00
21      0.00      0.60      0.00      0.00      0.00      0.00      0.00      0.00      0.80     98.40      8.00      9.60
22      0.00      0.20      0.00      0.00      0.00      5.20      0.00      0.00      0.00     14.40      7.80     12.80
23      0.00      8.40      0.00      9.60      7.00      0.20     10.60      0.00      0.00      1.80      0.40      0.00
24      0.00     30.00      0.00      0.20      0.20      0.00     18.40      0.00      0.00      7.80      0.00      1.00
25      0.80      0.20      0.00      2.60     25.60      0.00      0.00      0.00      0.00     13.00     24.20      0.20
26      0.00      0.00      0.00      3.80      0.20      0.00      0.00      2.40     12.60      4.60      0.80      0.00
27      5.80      0.20      0.00      1.40      8.80      0.00      0.00      0.00     46.00      0.00      1.80      1.40
28      0.60      0.00      0.00      0.00      0.00      0.00      0.00      0.00      2.80      0.00    121.00      1.40
29      0.60    -99.00      0.00      0.00      0.00      0.00      0.00      0.00      3.20      7.40     58.00      2.00
30      0.00    -99.00      0.00      0.20      0.00      0.00      0.00      3.00     95.20      0.60      9.60      2.40
31      0.40    -99.00      0.00    -99.00      0.00    -99.00      0.00     42.00    -99.00      0.00    -99.00      0.00
2014
01      0.00      0.00      0.00    -99.00      8.80      0.00    -99.00      0.00      7.80      0.00      1.40    174.60
02      0.20      0.20      0.00    -99.00      2.40      0.00      0.00      0.00      2.60      0.00      0.00    105.40
03      0.00      0.00      0.00    -99.00      0.00      0.00    -99.00      0.00      0.00      0.00      8.20     42.60
04      0.00      0.00      0.60    -99.00      2.60      0.00    -99.00      0.00      0.00      0.00     24.60     15.00
05      0.00      0.00      4.00    -99.00      1.60     22.20    -99.00      0.00      0.00     63.40      0.20     21.40
06      0.20      0.00      0.00      0.00     16.00      9.40      0.00      0.00      0.00     42.80      0.80     13.40
07      0.00      0.00      0.40      0.40      1.80      0.00      0.00      0.00      2.40     24.60      0.00     11.00
08      0.20      0.00      0.00     14.60      7.20      0.00      0.00      0.00      0.00      8.80      0.00     79.60
09      9.40      0.00      1.60      0.00      0.00      0.00      0.40      0.00      0.00      0.00     19.00      5.80
10      6.60     18.00      0.40      0.00      0.00      0.00      0.00      0.00      0.00      0.00      0.20      8.60
11      2.20      4.40      0.00      0.00      0.00      0.00      4.80      0.00      0.00      0.00      0.00      9.80
12     10.20      0.20      0.00      0.00      4.60      0.60     56.20      0.00      0.00     38.60      2.80    102.20
13     30.00      8.60      0.00      0.00      0.00      0.60      0.00      0.00    -99.00     95.20     47.80    125.00
14     12.80      5.00      2.80      0.00      0.00      0.00      0.00    -99.00    -99.00     28.80      2.00      2.60
15      0.20      0.00      3.00      0.00      0.00      0.00      3.40    -99.00    -99.00      8.60    121.60      0.40
16      1.00      0.00      0.00      0.00      0.00      1.80      0.00    -99.00    -99.00      2.60      0.20    145.80
17      7.60      0.00      0.40      0.00      0.00      0.20      1.60      0.00    -99.00      6.40      0.00     62.20
18     11.20      0.20      0.00      0.00      0.00      0.00      0.60      1.20    -99.00    102.60      0.00      6.00
19      3.20     11.00      0.00      0.00      0.00      0.00      3.20      0.00    -99.00      4.20      0.00     11.40
20     11.60      3.60      0.80      0.00      0.00      0.00    -99.00      2.20    -99.00      3.60      7.20      1.40
21      0.20      0.00     17.60      0.00      0.40      0.00      0.00      0.00    -99.00     36.00      0.20     39.80
22      1.20      0.00      6.80      0.00      0.00      0.00      3.20      0.00    -99.00     42.00      3.40     25.40
23      0.00      0.00      0.00      0.00      6.00    -99.00     12.80      0.00    -99.00     79.80      0.60      1.60
24      0.20      0.00      0.00      0.00      0.00    -99.00      0.00      0.00    -99.00     38.00     13.20     13.00
25      0.20      0.20      0.20      0.00      0.00    -99.00      0.60      0.00    -99.00     69.00      0.20     25.00
26      0.00      0.20      0.00      0.00      0.00    -99.00      0.00     18.80    -99.00      2.20      0.00     16.60
27      1.60      0.00      0.00      0.00      0.00    -99.00      3.40      0.20    -99.00     14.60      0.00     14.00
28      0.00      0.20    -99.00      0.00      0.00    -99.00     33.00     26.40    -99.00      4.80      0.00     78.40
29      0.20    -99.00    -99.00      0.60      0.00    -99.00      0.60      0.20    -99.00      0.00      0.00      0.40
30      0.00    -99.00    -99.00      3.00      0.00    -99.00      4.80      2.00    -99.00      2.40    120.00      0.00
31      0.00    -99.00    -99.00    -99.00      0.00    -99.00      0.00     29.80    -99.00     12.20    -99.00      0.00
2015
01      0.60     42.20      0.00      0.00      0.00      0.00      0.00     19.20      0.00      2.00    110.00      0.00
02     23.20     50.20      0.00      0.00      0.00     34.40      0.00      5.00      0.00     74.60      0.80      0.20
03     48.20      0.40      0.00      0.00      0.00      0.00      0.00      3.20      0.00      1.60     17.40      0.00
04      0.00      0.80      0.00      0.00      5.60      0.00      0.00      0.00      0.00      1.20    102.60      0.00
05      0.20      0.20      0.00      0.00      0.00      0.00     20.60      0.00      0.60     33.00     54.60      0.20
06      0.00     35.40      0.00      0.00      0.00      0.00     26.80      0.00      0.00     45.80      9.60     30.00
07     15.80      0.40      0.00      0.00      0.00      0.00     19.40      1.80      0.00      7.60      0.20     35.20
08      2.60      7.00      0.00      0.00      0.00      0.00    -99.00      0.00      0.00      9.00      0.00     22.40
09     24.20      4.60      0.00      0.00     53.40      0.00    -99.00      0.00      0.00      0.20      0.00      9.40
10     32.40      0.00      0.20      0.40      1.40      0.00    -99.00      0.00     36.80     14.20      5.40      0.00
11      9.80      0.20      0.00      6.20      0.00      0.00    -99.00      0.00      1.60     65.00      0.00      0.00
12      5.40      0.20      0.60     65.80      0.20      0.00    -99.00      2.80      0.00    125.80      0.20      0.20
13      0.20      0.00      0.00      0.40      0.00      0.00    -99.00      0.00     49.20     68.60      0.00      0.00
14      0.00      0.00      0.00      0.20      0.80      0.00      4.40      0.00    178.80     70.20      0.00      0.00
15      0.00      0.20      0.00      0.00      2.20      0.00      0.20      0.00     65.00     19.00      0.00     15.60
16      0.60      0.00      0.00      0.20      0.00      0.00      0.00      0.00      9.00      0.00      0.00    102.00
17      6.20      0.00      0.00      0.00      0.00      0.00      0.00      0.00      0.40      0.00      0.00     32.20
18      0.00      0.00      0.00      0.00      0.00      0.00      0.00      0.00      0.00      0.00      0.00      4.40
19      0.00      0.00      0.00      0.00      0.20      0.00      1.80      0.00      0.00      0.00      0.00      8.00
20      0.00      2.60      0.00      0.00      0.00     16.80      1.40      0.00      0.00      0.00      5.60     10.40
21      0.00      0.40      0.00      0.00      0.00      3.60      0.00      0.00      0.00      0.00      7.60     16.40
22      0.00      0.20      0.00      0.60      0.00      6.00      0.00      0.00      0.00      0.20      0.80      3.80
23      0.00      0.00      0.00      1.00      0.00      2.60      0.00      2.00      0.00      0.00      1.20      0.00
24      0.00      0.00     31.60      1.80      0.00      0.00      0.00      0.00      0.00      0.00     18.60      0.20
25      0.00      0.00      1.80     58.60     11.80      0.00      0.00      1.00      0.00      0.00      0.60      0.00
26      0.00      0.80      3.20     21.60      0.00      0.00      1.00      4.00      0.20      0.00      5.00      0.80
27      0.00      0.00    104.20      0.00      0.00      0.00      0.60     22.60      0.00      0.00    158.00      0.40
28      0.00      0.00     68.00      0.00      1.80      0.00      5.40      0.00      0.00      0.00     71.80      4.40
29      0.00    -99.00      0.20      0.00      0.00      0.00      4.20      0.00      0.00      0.00      1.60      6.20
30      0.00    -99.00      0.00      1.20     30.80      0.00      9.40      0.00      0.00      0.00      0.60      5.20
31      0.00    -99.00      0.20    -99.00      0.00    -99.00      1.60      0.00    -99.00     37.20    -99.00     14.40
2016
01      4.40     11.60      0.00      1.00      0.00     29.80      0.00      0.00      0.00      4.60     69.20    101.60
02      6.20     11.60      5.80    -99.00      0.00      0.00      0.00      0.00      0.00      1.60     13.00     95.00
03      3.20      1.60      1.40    -99.00      0.00      0.00      0.00      0.00      0.00    -99.00      8.60    235.80
04      0.20     12.40      0.20      0.00      0.00      0.20      0.00      0.00      0.00      0.00      3.40     14.00
05      0.20     18.20      0.00      0.00      0.00      0.20      7.80      0.00      1.60      3.40      0.20     21.20
06      0.00      1.40      0.00      0.00      0.00      0.00      0.80      0.00      7.20     21.80     39.20     24.40
07      0.00      3.40      0.00      0.00      0.00      6.40      0.00      0.00      3.60      0.00     33.40     60.80
08      0.00      0.00      0.00      0.00      0.00      0.20      0.00      0.00      0.20     90.60     44.80     26.40
09      0.00      0.00      0.00      0.00      0.00      0.00      0.00      0.00      5.40      0.80      6.00      0.40
10      0.00      0.00      2.40      0.00      0.00      0.00      0.00      0.00      3.00      3.00     12.00      0.00
11      0.00      0.00      2.20      0.00      0.00      0.00      0.00      0.00      9.40     14.20     31.60     29.40
12     10.80      0.00      0.00      0.00      0.00      0.00      0.00      0.00    146.80     52.00      0.40      6.60
13      0.80      0.00      0.20      0.00      0.00      0.00      0.00      0.00    103.20    185.00      0.00    222.60
14      0.00      0.00      3.00      0.00      0.00      0.20      0.00      0.00      0.20     11.80      0.20    155.00
15      1.00      3.60      0.00      0.00      0.00      0.20      0.20      0.20      0.00     38.80      0.00    147.40
16      0.80      6.40      0.00      0.00      0.00      0.00      3.60      0.00      0.00     94.20      0.00     63.60
17      1.20      3.20      0.00      0.00      0.00      0.00      3.20      0.00      6.00      6.40     40.80     13.80
18      9.00      0.20      0.20      0.00      0.00      0.00      0.00      2.60      7.00      0.00     27.00     11.40
19      3.80      0.80      0.00    -99.00      0.20      0.00      0.20      0.00      0.00      0.00      3.80      9.40
20      0.00     14.40      0.20    -99.00      0.00      0.00      0.20      0.00     17.40      0.00      3.40      4.80
21      0.00      0.00      0.00    -99.00      0.00      0.00      0.00     32.00    239.40      0.00      6.40      0.80
22      0.60      0.00      0.00    -99.00      0.00      0.00      0.00      3.20    -99.00      0.00      6.00     30.40
23     47.60      3.00      0.40    -99.00      2.40      0.00      0.00      1.80    -99.00      0.00     75.20     21.00
24     33.80     43.40      4.00    -99.00      0.20      0.00      0.00     37.20      3.20      0.00     55.40     46.80
25     15.00     14.60     13.80    -99.00      5.60      6.00      0.00      2.40    -99.00      0.00     40.60      0.00
26      4.60     20.60      4.60    -99.00      0.00      2.80      0.00      0.60      0.60     25.00     48.00      0.20
27      0.60      5.20      8.20    -99.00      0.00     14.80      0.00      0.00      0.00      0.20     12.60     54.80
28      0.00      1.00      0.00    -99.00      0.00     23.60      0.00     18.60    -99.00      0.00      3.00     38.60
29      0.40      2.60      0.00    -99.00      5.20     21.00      0.00     45.60      1.40      4.40     31.00     30.40
30      4.40    -99.00      0.00    -99.00      1.80      1.80      0.00      0.80    -99.00    173.40    144.60     20.00
31      0.40    -99.00      0.20    -99.00      2.40    -99.00      0.00      0.00    -99.00     19.60    -99.00    -99.00
2017
01      5.40     35.80      0.00      0.60      0.00      0.00      0.00      0.00     12.60      0.00     52.60      0.60
02     20.40     11.20      3.80     11.60      0.00      0.00      0.00      0.00      0.20     20.20      0.20    137.20
03      0.00     12.00      0.00      0.00      0.00      0.00      0.00      0.00      0.00      5.20     16.20     97.00
04      0.00      1.60      0.20      0.00      0.00      0.00      0.00      0.00      0.00      0.20    180.00     22.20
05      0.00      0.00      0.20      5.00     17.40      2.00     31.80      0.00      0.60      4.60    134.20     22.00
06      0.00      0.00      0.00      0.20      0.00      0.00      0.00      0.40      0.00      1.00     97.80      0.20
07      0.00      0.20      0.00      0.00      0.00     14.20      0.00      0.00      1.80      0.20    168.40      0.00
08      0.00      0.20      4.40      0.00      6.60     13.00     26.40      0.00      0.00     14.60    174.00      5.60
09      0.00     28.60      0.20      0.00      5.20      1.40      2.60      8.40      0.00     68.80     30.80      4.60
10      0.00     16.40      0.20      0.00      0.00     25.80      7.80      0.00      0.00      0.00     25.20      0.00
11      0.00     44.00      0.00      0.00      0.00      0.00      0.00      0.00      0.00      1.20      2.40      3.80
12      0.00     10.00      0.20      0.00      0.20      0.00      1.00      0.00      0.00     13.80      0.00      0.20
13      0.00      3.00      0.00     28.20      5.80      0.00      0.60      0.00     58.60      6.40      0.00      0.00
14      0.00      4.40      0.00      0.20      0.40     15.40     37.20      0.00     88.00      2.80     67.40      0.00
15      0.00     21.40      0.00      0.00     45.80      0.00      4.80      0.00     62.60      1.60     15.00      5.80
16      0.00      0.20      0.00      0.00     44.40      0.00     57.40      0.00      0.00      0.00      0.20     89.00
17      0.00      0.00      0.00      0.00      0.00      0.00     19.60      0.80      0.00      6.60      0.00     60.40
18      0.00      0.80      0.00      0.80      2.20      0.00     31.20     11.40      0.00     18.40      0.00      0.40
19      0.00      0.00      0.00      1.40      3.60      0.00      5.80      9.40      0.00     28.20    160.00      0.00
20      0.00      0.20      0.40      0.80      0.20      0.00      0.00      0.00      0.00      1.60    260.00      0.00
21      0.00      0.00      1.00      0.00      0.00      0.00      0.00      0.00      0.00      4.80     77.20      5.00
22      0.00      0.00      0.20      2.20      0.00      0.00      4.80      0.00      0.00      1.60    148.80      4.60
23      0.00      0.00      0.00      0.00      0.00      0.00      0.40      0.00      1.60     19.20    261.20      5.20
24      0.00      2.80      0.00      2.60     16.80      0.00      0.40     13.20      1.20      6.00     58.40      4.40
25      0.00      8.00      0.00      0.60    139.80      0.00    117.40      0.20      3.20      1.60     37.80      2.20
26      0.00     18.20      0.00      0.00     70.00     10.40      1.60    116.00      0.00      1.40     54.60     34.40
27      0.00      7.00      0.00      0.00      5.20      0.00      2.20     12.40      0.00      1.60     11.00     24.80
28      0.00      1.20      0.00     13.60     14.00      0.00     32.00     13.40      0.40      0.20     30.40      9.00
29      0.00    -99.00      0.00     11.60      1.00     22.00      0.00     41.80      0.00      1.00     12.80     19.80
30      0.00    -99.00      0.00      0.00      8.40      5.40      0.00      0.80      0.20    104.40     14.80      4.00
31      0.00    -99.00      0.00    -99.00      0.00    -99.00      0.00      0.00    -99.00     91.80    -99.00     10.40
2018
01      8.40      1.80      0.00      0.00    -99.00    -99.00      0.00      0.00      0.00      0.00      0.00      1.20
02      6.60      0.00      0.00      0.00      0.00    -99.00      0.00      0.00      0.00      0.00      0.00      0.00
03     15.60     18.60      0.00      0.00      0.00    -99.00      0.00      0.00      0.00      0.00      0.00      0.20
04     19.20      0.20      0.00      0.00      0.00    -99.00      0.00      0.00      0.00      0.00      0.00     11.80
05      3.00      1.60      0.00      0.00      0.00    -99.00      0.00      0.00      0.00      0.00      7.20      0.00
06      0.60      5.40      0.00      0.20      0.00    -99.00      0.00      0.00      0.00      0.00      6.00      0.20
07      0.80      0.00      0.00    194.40      0.00    -99.00      0.00      0.00      0.00      0.00     97.20      2.20
08     19.80      2.60     12.40     17.40      0.00    -99.00      0.00      0.00      0.00      0.00     51.60     33.40
09     14.80      0.00      5.20      0.00      0.00    -99.00      0.00      0.00      0.00      0.00     30.40    127.80
10      0.00      0.20      0.80      0.00      0.00    -99.00     35.60      0.00      0.00      0.00      0.20    444.40
11     24.00     20.20      0.00      0.00      0.00    -99.00     60.20      0.00      0.00      0.00      0.00    129.00
12     55.60      7.20      0.00      0.00      2.80    -99.00      0.20      0.00      0.00      0.00      0.00     50.60
13     10.40      2.20      0.00      0.00      0.00    -99.00      0.00      0.00      0.00      0.00      0.00     23.20
14      0.00      0.00      0.00      0.00      0.00    -99.00      8.40      0.00      0.00      1.40      0.00     55.60
15      7.80      0.20     34.60      3.40      0.60    -99.00      0.60      0.00      0.00      0.00      0.00     89.60
16      0.00      0.20      0.00      3.20      0.00    -99.00      7.00      0.00      0.00      0.00      0.00     92.80
17      0.00      0.00      0.00      6.40      0.00    -99.00      1.80      0.00      0.00      0.00      0.00     53.80
18      0.20      0.00      0.00      1.20      0.00    -99.00     24.80      0.00      0.00      0.00      0.00      4.60
19      2.80      0.00      0.00      0.00      0.00    -99.00      1.20      0.00      0.00      0.80      0.00      0.00
20      1.40      0.00      2.80      0.00      0.00    -99.00      0.00      0.00      0.00      3.80      0.00      0.00
21      0.20      0.20      2.40      0.00      0.00    -99.00      0.80      0.00      0.00      0.00      0.00      0.20
22      1.60      0.40      0.20      0.00      0.00    -99.00      4.60      0.00      0.00      0.00     33.00      0.00
23      0.00     10.00      0.00      0.00      0.00    -99.00      0.00      0.00      0.00      0.00      2.60      0.00
24      0.20      0.00      0.00      0.00      0.00    -99.00      0.00      0.00      0.00      0.00     13.80     13.60
25      0.00      2.20      0.00      0.00      0.00    -99.00      0.20      0.00      0.00      0.00     27.40      1.40
26      0.00      0.00      0.00      0.00      0.00    -99.00      0.00      0.00      0.00      0.00      9.00      0.60
27      4.20      0.00      0.00      4.80      0.00    -99.00      6.00      0.00      0.00      0.40     11.80     26.20
28      0.00      0.00      0.00      5.40      0.00    -99.00      1.40      0.00      0.00      0.40     46.80      0.00
29     20.60    -99.00      0.00      6.20      0.00    -99.00      0.60      0.00      0.00      4.20     48.20     22.80
30      1.20    -99.00      0.00    -99.00      0.00    -99.00      0.20      0.00      0.00      0.00      8.40     41.40
31      2.60    -99.00      0.00    -99.00      0.00    -99.00      0.00      0.00    -99.00      0.00    -99.00     36.00
