CuaViet             
   107.16300       16.888000               2
2011
01      0.20      6.00      0.00      0.00      0.00      0.00      0.00     10.60      0.00     44.80     16.80     16.60
02      0.00      0.40      0.00      0.00      0.00      0.00      0.60      0.60      0.00      6.40      0.00     11.80
03      0.00      0.00      4.20      0.00      0.00      0.00      0.00      0.40      9.60     33.40      6.60      2.40
04     41.60      0.00     16.00      0.00      0.00      0.00      0.00      0.00      9.00     34.00    130.60      0.20
05      4.60      0.00      0.20      0.00      0.00      0.00      0.00      0.00      0.00      1.00     40.40      3.40
06     29.00      0.00      0.00      0.00      0.00      0.00      0.00      0.20      0.00      0.00     67.40     16.40
07     36.60      0.20      1.20      0.00      0.00      0.00      0.00      0.00      0.00      2.20    162.40      4.60
08      2.00      0.00      0.00      0.00      0.00      2.80      0.00      0.00     11.80     10.00     95.00     13.60
09     11.60      0.00      0.00      0.00      0.00     44.20     15.20      0.00      7.60    193.60     17.40     95.60
10     13.80      0.00      0.00      0.00      0.00      0.20      0.00      0.40     28.00     14.40      2.20     66.60
11      3.60      3.00      0.00      0.00      0.00      0.00      0.00      0.00     67.80     25.40      0.00      9.40
12      0.80      0.00      0.00      0.00      0.00      0.00      0.00      0.00     39.00      2.00      0.00      0.00
13      1.80      0.40      0.00      0.00      0.80      2.40      0.00      0.00      2.60     91.20      1.00      0.00
14      0.40      1.20      0.00      0.00      1.60      0.20      0.00      0.00      0.00     53.00     19.40      0.80
15     20.60      0.00      1.60      0.00      0.00      0.00      5.60      1.00      0.20     25.80     94.80     47.40
16      0.40      0.00     12.00      0.00      0.00      0.00      0.80      0.00      0.20    470.20     31.60    106.40
17      0.00      0.40      4.60      0.00     88.20      0.00      0.00      9.00      0.00    128.20      0.00     24.80
18      0.80      0.40      0.00     42.80      0.00      0.00      0.00      0.40      0.00     32.00      0.00      8.40
19      5.00      0.20      0.00      8.60      0.00      0.60      0.00     10.00     22.80     16.00      0.00      0.00
20      0.60      0.60      0.00      3.80      4.60      0.00      0.00      1.60     13.40     10.00     14.60      3.00
21      8.20      0.00      0.00      0.00      0.00      0.00      0.00      0.00     69.80     24.00     31.40      5.20
22      0.60      0.00      5.40      0.00      0.00      0.00      0.00      0.00    107.40      0.20      7.20     16.40
23      1.20      0.20     13.00      5.00     21.80      0.80      0.00      0.00    136.80      0.00      4.40     23.00
24      2.40      0.00      8.00      0.40      1.00      1.20      0.00      0.00     79.00      0.00      4.80     65.20
25      1.00      0.00     12.40      1.40      0.80      1.00      0.00      8.20     42.40     17.60     37.60      1.80
26      3.80      0.00      2.40      0.00      0.00      0.00      0.00      0.00    137.60      1.20     28.00      0.20
27      7.80      0.00      2.00      0.00      0.00      0.00      0.00      2.00     48.20     50.00     18.80      4.60
28     13.20      0.00      1.00      0.20      0.00      0.00      0.00      0.00      0.00      2.40      0.00      0.80
29     10.80    -99.00      9.20      0.00      0.00      2.00      0.00     21.00      0.80      0.40      3.80      0.20
30     10.40    -99.00      6.40      0.00      0.00      0.20      4.60      0.00      1.40      5.20     27.20      9.60
31      5.20    -99.00      3.20    -99.00      0.00    -99.00      4.60      0.00    -99.00     10.00    -99.00     10.60
2012
01      6.00      0.00      0.00      1.60      0.00     61.80      9.40      1.80      0.00      0.00      5.60      0.00
02      1.40      0.20      0.80      0.20      0.00     48.20     42.80      0.00      1.60      0.20      2.40      1.20
03      0.00      0.60      0.20      0.00      7.00      0.20      0.00      0.00     10.80      0.00      0.00      0.00
04     13.80      0.00      0.00      1.00      0.00      0.00      0.20      0.00    108.60      0.00     53.60      0.00
05      0.20      0.00      0.80      3.40      0.00      0.00      5.40      0.00     14.40      0.00      4.00      7.40
06      0.20      0.00      0.00      0.00      0.00      0.00      0.00      0.00      1.20     68.00      0.20      0.60
07      5.60      0.80      0.00     11.80      0.00      2.80     11.60      2.00     22.80    235.80      0.00      0.00
08      2.60      0.20      0.00      0.00      0.00     39.60      0.40      1.40      0.00     33.20      0.00      0.00
09      1.20      0.00      0.00      0.00     37.60      0.00      3.00      0.00      0.00      6.60      0.00      0.80
10      2.20      1.80      0.40      0.60      1.20      0.00      0.00      0.00      2.60     10.20      0.00      0.20
11      8.00      0.20      0.40      0.00      0.40      0.00      0.00      0.00      0.40      0.00     20.80      4.60
12      9.60      0.00      0.80      0.00      0.40      0.00      0.00      0.00      4.80      0.00     63.20      6.60
13      3.40      0.00      0.00      0.00      0.00      0.00      0.40      0.00      0.00      0.00      9.00      0.40
14      0.00      0.00      0.00      0.00      0.00      0.00      0.00      3.60     33.20      0.00      0.00      0.00
15      0.00      0.00      0.00      0.00      6.40      1.20      0.00      2.60     17.80      0.00     38.20      0.20
16      3.60      4.20      0.00      0.00     16.80      6.80      0.00      0.00      0.40      0.00     92.60      0.00
17      0.00      7.40      0.00      0.40      0.20      0.20      0.00      0.60      0.00      0.00    115.80      0.00
18      0.00     26.80      0.00      7.40     18.40      2.40     14.60      0.00      1.60      0.00      0.40     28.80
19      0.00     19.60      0.00      0.00      0.20      0.00      0.40      0.40      0.00      0.20      1.20     62.80
20      0.00      1.60      0.00      0.00      0.00      0.00      4.40      0.20      0.00      0.00      0.20      0.00
21      0.40      0.00      0.00     34.80      0.00      0.00      0.00      0.00      0.00      0.00      0.20      0.20
22      5.00      0.00      0.00      0.00      0.60      0.00      0.20     14.40      0.00      0.40      0.00     10.20
23      1.40      0.00      5.20      0.00      0.00      0.00      0.80      7.00      0.00      2.60      0.00    185.80
24      0.20      0.00      3.00      0.00      0.00      0.00      0.00     18.00      0.00      0.00      0.00     20.80
25      2.60      0.00      0.00      0.00      2.80      0.00      1.80      4.00      0.80      0.00      0.00      0.00
26      0.20      1.00      0.20      0.00      3.80      0.00      0.20      0.00     76.00      1.20     27.00      4.00
27      0.00      0.40      1.20      0.00      2.20      0.00      0.00      0.00     32.20     88.20     14.80      3.80
28      0.00      0.00      0.00      0.00      0.40      0.00      0.00      0.60     23.40     14.20      0.00      2.20
29      1.20      0.20      0.00      0.00      0.00      0.00      0.00      0.00      9.40      0.00      0.00      7.00
30      3.00    -99.00      0.00      0.00      4.20      4.00      0.00      0.00      1.00      3.80      0.00     35.80
31      2.60    -99.00      2.60    -99.00    115.20    -99.00      0.00      0.20    -99.00     27.80    -99.00      4.00
2013
01      0.00      0.00      0.00    -99.00      4.80      0.00      3.00    -99.00      7.80      2.20      0.00      7.00
02      0.00      0.00      0.00    -99.00      0.40      0.00     10.40      3.20      1.80     15.20      0.00      0.00
03      2.20      0.00     38.80    -99.00      0.00     64.20      0.00      1.00      0.00     32.20      0.00      0.00
04      2.40      0.40      5.60    -99.00      3.40      5.80      0.00      0.20      0.00      0.20     12.80     17.00
05      0.00      0.00      0.00    -99.00      0.40      0.20      0.00      0.00      0.00      0.00     71.00      0.20
06      7.80      0.00      0.20    -99.00      0.00      0.00      0.00      0.00      3.20      1.80     18.80      0.20
07      6.60      0.20      0.00    -99.00      1.20      0.00      2.20     11.00      4.40      0.40      7.60      0.20
08      0.80      0.80      0.00    -99.00      0.20      0.00      7.20      0.60      0.80      0.00      1.00      0.00
09      4.80      5.40      0.00    -99.00      3.00      0.00      0.00      0.00      1.60      0.00     10.80      0.00
10      0.20      1.00      0.00    -99.00     15.80     43.00     22.80      0.00     48.00      0.00     64.80      0.00
11      0.80      0.00      0.20    -99.00      2.60     20.20     12.20      0.00     18.20     19.20      0.20      0.00
12      0.20      0.00      0.00    -99.00      0.00      0.60      1.40      8.20      0.40      0.00      0.00      0.00
13      0.20      0.20      1.00    -99.00      0.00      0.00      0.20      0.00     35.40     11.40      8.40      1.00
14      0.00      0.00      0.00      0.00      0.00      0.00      0.00      0.00     41.40     42.60     66.60      2.60
15      0.00      0.00      0.00      0.00      0.00      0.00      0.00      0.00      0.00    116.80    389.00      8.00
16      0.00      2.20      0.00      5.60      0.00      0.00      0.00      0.00      0.00     19.60    127.00      6.00
17      1.00      0.00      0.00      3.40      9.60      0.00      3.20      0.00     85.00     20.20     19.20      3.80
18      0.40      0.00      0.00     13.60      0.00      0.00      0.20      0.00    272.80      2.80      3.00      6.60
19      0.80      0.00      0.00      0.00      0.00      0.00      6.80      0.00      8.20     21.20      4.60      1.40
20      0.40      0.00      0.00      0.20      0.00      0.00      2.80      0.00     29.40     55.20     18.20      0.00
21      0.00      0.40      0.00      0.00      0.00      0.00      0.00      0.00     14.40     38.80      5.60      4.00
22      0.20      0.00      0.00      0.00      0.00     10.00      0.00      1.00      0.00     12.80      2.00      2.60
23      0.00     10.80      0.00      6.20      0.00      0.60     27.60      0.00      0.00     19.60      0.00      0.00
24      0.00      5.00      0.00      0.40     21.00      1.80      8.60      0.40      0.00      2.80      0.00      0.00
25      2.20      0.20      0.00      2.60      0.00      7.80      0.00      0.00     21.60     18.20     49.20      0.00
26      0.00      0.00      0.00      6.00      0.00      0.00      0.00     24.00      9.20      1.00      1.60      0.00
27      0.20      0.00      0.00      0.00      0.00      0.00      0.00     19.20     31.40      1.40      1.40      1.60
28      0.00      0.00      0.00      0.00      0.00      0.00      0.00      0.00      3.20      0.00     78.00      1.40
29      0.00    -99.00      0.00      1.40      0.00      0.00      0.00      0.40      5.40      1.80     16.40      3.40
30      0.00    -99.00      0.00      0.00      0.00      0.00      0.00      0.00     83.20      4.60     15.00      0.20
31      0.00    -99.00      0.00    -99.00      0.00    -99.00      0.00      0.40    -99.00      0.00    -99.00      0.00
2014
01      0.00      0.00      0.00    -99.00     11.60      0.00    -99.00     10.20     28.40      0.00      0.20    145.00
02      0.00      0.20      0.00    -99.00     10.80      0.00    -99.00     22.60     24.40      0.00      0.00    217.40
03      0.20      0.00      0.60    -99.00      2.00      0.00    -99.00      0.00      5.80      0.00      7.80     74.20
04      0.80      0.00      0.20    -99.00     33.00      0.00    -99.00      0.00      0.00      0.00     12.60     10.20
05      0.00      0.00      1.20    -99.00      0.20      0.20      0.00      0.00      0.00    113.40      0.80      1.60
06      0.20      0.00      0.20    -99.00      2.40     11.00      0.00      0.00      0.00     82.40      0.00      8.20
07      0.00      0.00      0.00    -99.00      2.00      0.00      2.80      0.00      0.40     43.20      0.00     30.80
08      0.20      0.00      0.00    -99.00     94.00      0.00     25.20      0.00      0.00     28.20      0.00      8.00
09      5.40      0.00      0.00    -99.00      0.20      0.40      0.00      0.00      0.00      0.00      1.00     29.80
10     10.40     10.60      0.20    -99.00      0.00      0.00      0.00      0.00      0.00      0.00      0.00      1.20
11      0.20      0.80      0.00    -99.00      0.00      0.80     41.40      0.00      0.00      0.00      0.00      0.00
12      0.20      0.20      0.00    -99.00      0.00      4.20      2.60      0.00      0.00     13.20     32.40     34.00
13     50.40      2.60      0.00    -99.00      0.00      0.20      0.00      0.40    -99.00     39.40     65.40     34.00
14      5.00      2.00      1.60      0.00      0.00      0.00      3.80    -99.00    -99.00     12.40     21.60      0.40
15      0.00      0.00      0.40      0.00      0.00      0.00      0.00    -99.00    -99.00      5.40     26.40      0.00
16      2.80      0.00      0.00      3.60      0.00      0.40      0.00    -99.00    -99.00      0.00      1.60     30.80
17      0.00      0.00      0.20      0.00      0.00      0.00      1.60      0.00    -99.00      7.80      0.00     27.60
18      4.20      0.60      0.00      0.00      1.40      0.00      1.40      1.40    -99.00     30.80      4.00      1.80
19      1.20      4.80      0.00      0.00      0.00      0.00      4.20      7.60    -99.00      1.00      1.00      0.40
20      0.80      1.40      0.40      0.00      0.00      0.00    -99.00      1.40    -99.00      5.60      3.60      0.00
21      0.00      0.00     17.80      0.00      0.00      0.00      2.40      9.40    -99.00     27.40      0.00      9.60
22      0.40      0.00      2.00      0.00      0.00      0.00     50.00      0.00    -99.00     41.00      4.00     15.80
23      0.00      0.00      0.00      0.00      0.60    -99.00      0.00      0.00    -99.00     51.80      2.00      1.00
24      0.20      0.00      0.00      0.00      0.00    -99.00      0.00      0.00    -99.00      8.80      8.40      6.00
25      0.20      0.00      0.00      0.00      0.00    -99.00     10.20      0.00    -99.00     83.00      5.40      9.80
26      0.00      0.00      0.00      0.00      0.00    -99.00     35.20      8.00    -99.00      7.60      0.60      5.40
27      0.20      0.00      0.00      0.20      0.00    -99.00      0.00      0.20    -99.00      9.40      0.00     13.00
28      0.00      0.00    -99.00      0.00      0.00    -99.00      7.20    124.00    -99.00     73.60      0.00     61.40
29      0.20    -99.00    -99.00      1.80      0.20    -99.00     20.80      0.00    -99.00      0.20      0.00      0.60
30      0.00    -99.00    -99.00      3.20      0.00    -99.00      0.20      7.60    -99.00      0.00     30.20      0.00
31      0.00    -99.00    -99.00    -99.00      0.00    -99.00      0.00     17.40    -99.00     19.60    -99.00      0.00
2015
01      0.00      6.80      0.40      0.00      0.60      0.00      0.00      2.20      0.00      1.80    192.00      0.00
02      5.20      8.60      0.00      0.00      2.20     24.00      0.00      0.40      0.20     61.80      1.00      0.00
03      2.80      2.20      0.00      0.00      0.00      0.00      0.00      8.80      0.00      1.20     25.00      0.00
04      0.00      0.60      0.00      0.00      0.00      0.00      0.00      1.40      0.00      2.00     76.00      0.00
05      0.00      1.80      0.00      0.00      0.00      0.00     39.80      0.00      0.00      5.80     37.20      0.00
06      0.00     52.20      0.00      0.00      0.00      0.00     60.40      0.60      0.00     11.80      1.40     27.40
07     17.60      1.80      0.00      0.20      0.00     11.40     23.00      0.00      0.00     15.60      0.00      4.80
08      1.60      5.40      0.00      0.00      0.00      0.00      0.00      0.00      0.00     22.60      7.80      7.00
09      1.40      0.00      0.20      0.00     13.60      0.20      0.00      0.00      0.00      0.00      0.20      0.20
10      7.60      0.00      0.00      0.40      1.60      0.00      0.00      0.00     16.80     37.40      6.40      0.00
11      2.20      0.00      0.00      2.60      0.00      0.00      0.00      0.00      5.00      7.20      0.00      0.00
12      0.60      0.00      2.20     41.80     10.20      0.00      0.00      4.40      0.80     32.40      0.00      0.00
13      0.20      0.00      0.20      1.60      0.20      0.00      0.00      0.00     41.60     45.80      0.00      0.00
14      0.00      0.00      0.00      0.20      0.20      0.00      0.40      0.00    112.00    176.80      0.00      0.00
15      0.00      0.00      0.00      0.00      0.60      0.00      1.00      0.00    119.60      0.60      0.00     27.80
16      0.00      0.00      0.00      0.00      0.00      0.00      0.40      0.00      1.40      0.00      0.00     84.80
17      0.00      1.00      0.00      0.00      3.80      0.00      0.40      0.00      0.00      0.00      0.00     22.00
18      0.00      1.80      0.00      0.00      0.00      0.00      0.00      0.00      0.00      0.00      0.00      1.40
19      0.00      0.00      0.00      0.00      1.80      0.00      9.00      0.00      0.00      0.00      0.00      5.80
20      0.00      5.60      0.00      0.00      0.00      0.00      0.00      0.00      0.00      0.00     32.80      4.00
21      0.00      0.80      0.00      0.00      0.00     21.00      0.00      0.00      0.20      0.00      3.00      3.20
22      0.00      0.00      0.00      4.20      0.00      2.80      0.00      0.00      0.20      0.20      1.60      4.20
23      0.00      0.60      0.00     22.60      0.00      6.80      0.00      0.00     20.60      0.00      5.40      0.00
24      0.00      0.20     17.20      6.00      0.00      0.40      0.00      0.00      0.00      1.20     25.80      0.00
25      0.00      0.00      0.00    147.00      0.00      0.00      0.00      0.00      0.00      0.00      1.80      0.00
26      0.00      0.00      0.40     41.60      0.00      0.00      0.00      0.00      0.00      1.60      1.20      0.00
27      0.00      0.00     33.40      0.20      0.00      0.00      0.00      0.00      0.00      0.00     57.20      0.00
28      0.00      0.00     89.00      1.80      0.00      0.00      0.00      0.00      0.00      0.00     28.40      4.60
29      0.00    -99.00      0.80      0.00     11.60      0.00      0.00      0.00      0.00      0.00      6.00      2.80
30      0.00    -99.00      0.20      1.20      0.00      0.00      0.00      0.00      0.00      0.00      0.20      1.40
31      0.00    -99.00      0.00    -99.00     19.40    -99.00      0.00      0.00    -99.00     34.40    -99.00      4.00
2016
01      1.80      2.00    -99.00      0.00      0.00      4.00      0.00      0.00      1.00      6.80     86.60     97.60
02      4.20      5.80      0.00      0.00      0.00     28.80      0.00      0.00    -99.00    -99.00     38.80     41.00
03      4.40      1.00      0.00      0.00      0.00      0.20      0.00      0.00    -99.00    -99.00      6.40    126.40
04      0.20      4.20      0.00      0.00      0.00      6.20      0.00     49.20    -99.00     33.80      8.00     16.40
05      0.00      1.00      0.00      0.00      0.00      1.00     14.60      2.40    -99.00     16.20      0.20     11.60
06      0.00      4.40      0.00    -99.00      0.00      0.00     13.80      0.00    -99.00     34.40     59.60      5.40
07      0.00      2.20      0.00      0.00      0.00      0.40      2.60      4.80    -99.00      3.40     30.60     34.40
08      0.00      0.00      0.00      0.00      0.00      0.00      0.40      0.00    -99.00      5.20     27.20     15.00
09      0.00      0.00      0.00      0.00      0.00      0.00      0.00      0.00    -99.00      0.00      2.60      0.20
10      0.00      0.00      0.00      0.00      0.00      0.00      0.00      0.00    -99.00     36.60      3.00      0.00
11      5.60      0.00      0.00      0.00      0.00      0.00      0.00      0.00    -99.00      6.40      1.20      7.40
12      2.00      0.00      0.00      0.00      0.00      0.00      0.00      0.00    -99.00     91.00      0.00      3.40
13      4.60      0.00      0.00      0.00      0.00      0.00      0.00      1.20    -99.00    126.40      0.00    127.00
14      0.00      0.00      0.00      0.00      0.00      0.00      0.00      3.40    -99.00     32.80      0.00     57.80
15      0.20      1.20      0.00      0.00      0.00      1.00      0.00      0.00    -99.00     58.80      0.00    233.20
16      1.40      0.40      0.00      0.00      0.00      9.80      0.00      0.00    -99.00      2.00      0.00     98.60
17      3.20      0.20      0.00      0.00      0.00      0.20      0.00      0.00    -99.00      0.00     21.20      6.40
18      0.80      0.80      0.00      0.00      0.00      0.00      4.20      3.00    -99.00      0.00     32.00      3.60
19      0.60      0.20      0.00      0.00      0.00      0.00      0.00      0.00    -99.00      0.00     18.60      5.00
20      0.00      1.40      0.00      0.00      0.00      0.00      1.20      0.00    -99.00      0.00     30.40      9.80
21      0.00      0.00      0.00      0.00      0.00      0.00      0.00      0.00    -99.00      0.00     10.20      0.40
22      0.20      0.00      0.00      0.00      0.00      0.00      0.00     50.80    -99.00      0.00     29.60      2.40
23      6.60      2.40      0.00    -99.00      0.00      0.00      0.00      1.60    -99.00      0.00     39.20     24.00
24     31.40     14.80      0.00      0.00      2.00      6.80      0.00     54.40    -99.00      0.00     63.20     10.00
25      1.00      0.80      0.00      0.00     55.20     10.60      0.00      3.80    -99.00      8.00      9.20      0.20
26      1.20    -99.00      0.00      0.00      0.00      0.20      0.00      0.00    -99.00      0.40     94.20      0.00
27      0.00    -99.00      0.00      0.00      0.00     18.40      0.60      0.00    -99.00      0.00     10.40     67.20
28      0.00    -99.00      0.00      0.00      8.20     16.20     12.00     16.00    -99.00      3.60      0.40     22.00
29      0.40    -99.00      0.00      0.00      0.00     20.60      0.00      9.60    -99.00     60.20      5.20      9.60
30      0.80    -99.00      0.00      0.00     10.20      1.20      0.00      0.60    -99.00     32.40     70.40      4.20
31      0.20    -99.00      0.00    -99.00      0.00    -99.00      0.00      0.00    -99.00      0.00    -99.00    -99.00
2017
01      6.00     12.20      0.00      0.40      0.00      0.00      0.00      1.20      0.20      0.80      1.80      0.00
02     17.60      9.80      1.60      2.40      0.00      0.00      0.00      0.60      2.00      1.00      1.40      0.20
03      0.00      5.80      0.00      0.20      0.00      0.00      0.00      0.20      0.00      1.60      2.20      0.00
04      0.00      2.40      0.00      0.00      0.00      0.00      0.00      0.20      4.00      1.20      2.20      0.00
05      0.00      0.00      0.00      0.80      0.80      6.60     14.60      0.00      0.40      1.00      3.00      0.20
06      0.00      0.00      0.00      0.00      0.00      0.00      0.20     10.40      0.40      1.20      3.00      0.00
07      0.00      0.00      0.00      0.00      0.00     15.40      0.00      0.00      0.20      0.60      4.00      0.00
08      0.00      0.00      0.20      0.00      4.40     29.20      0.00      0.00      0.40      0.60      2.20      0.00
09      0.00     22.60      0.20      0.00      1.40      0.00      0.00      0.00      0.20      2.80      2.00      0.20
10      0.00      2.40      0.00      0.00      0.00      0.00     23.40      0.00      0.20      2.80      3.60      0.00
11      0.00     17.00      0.00      0.00      0.00      0.00      0.20      0.00      0.20      2.20      1.60      0.20
12      0.00     16.60      0.00      0.20      0.00      0.00      6.80     67.60      0.20      4.20      1.00      0.00
13      0.00      0.20      0.00      4.60      1.80      0.00      5.40      1.60      0.20      2.40      0.80      0.20
14      0.00      0.20      0.00      0.00     12.40      0.00      1.20      0.00      0.40      1.40      0.60      0.00
15      0.00      0.40      0.00      0.00      0.00      0.00      0.40      0.00      4.40      1.00      0.40      0.00
16      0.00      0.00      0.80      0.00      3.40      0.00     46.20      0.00      3.60      0.80      0.40      0.20
17      0.00      0.00      0.00      0.00      0.00      0.00      1.40      0.00      3.80      0.60      0.20      0.00
18      0.00      0.00      1.20      0.00      0.00      0.00      0.00     13.40      4.00      0.60      0.20      0.00
19      0.00      0.00      0.00      0.00      0.00      0.00      0.00      0.80      5.20      0.40      0.40      0.00
20      0.00      0.00      0.00      0.00      0.00      0.00      0.00      0.00      4.20      0.60      0.20      0.00
21      0.00      0.00      7.00      0.00      0.00      0.00      0.00      0.00      2.80      0.60      0.20      0.20
22      0.00      0.00      1.00      2.80      0.00      0.00      0.00      0.00      1.20      0.40      0.20      0.00
23      0.00      0.00      0.00      0.00      0.00      0.00      0.00      0.00      1.20      0.40      0.00      0.00
24      0.00      5.60      0.00      2.00      0.00      0.00      0.00      0.00      0.60      0.40      0.20      0.20
25      0.00      1.80      0.60      0.20      0.00      0.00      0.00      9.80      1.00      0.40      0.00      0.00
26      0.00      3.00      9.40      8.20      0.00      0.00      0.00     14.80      2.20      0.20      0.00      0.00
27      0.00      1.20      1.40      7.60      0.00      0.00      0.00      1.20     31.40      0.60      0.00      0.00
28      0.00      0.20      0.40      4.80      0.00      0.00      0.00      0.00     54.40      1.00      0.20      0.00
29      0.00    -99.00      6.20      0.40      0.00      0.00      0.00      0.00     46.40      1.60      0.00      0.20
30      0.00    -99.00      0.20      0.00      0.00      0.00      0.00      0.00     33.00      2.20      0.20      0.00
31      0.00    -99.00     27.80    -99.00      0.00    -99.00      0.00      0.00    -99.00      1.60    -99.00      0.00
2018
01      0.00      0.00      0.00      0.00    -99.00    -99.00      0.00      0.00      0.00      0.00      0.00      0.20
02      0.00      0.00      0.00      0.00    -99.00    -99.00      0.00      0.00      0.00      0.00      0.00      0.00
03      0.00      0.00      0.00      0.00    -99.00    -99.00      0.00      0.00      0.00      0.00      0.00      0.00
04      0.00      0.00      0.00      0.00    -99.00    -99.00      0.00      0.00      0.00      0.00      0.00      0.20
05      0.00      0.00      0.00      0.00    -99.00    -99.00      0.00      0.00      0.00      0.00      5.00      0.00
06      0.00      0.00      0.00      0.00    -99.00    -99.00      0.00      0.00      0.00      0.00      6.40      0.00
07      0.00      0.00      0.00      0.00    -99.00    -99.00      0.00      0.00      0.00      0.00     32.20      3.60
08      0.00      0.00      0.00      0.00    -99.00    -99.00      0.00      0.00      0.00      0.00    490.60    164.40
09      0.00      0.00      0.00      0.00    -99.00    -99.00      0.60      0.00      0.00      0.00    112.80    154.00
10      0.00      0.00      0.00      0.00    -99.00    -99.00      0.00      0.00      0.00      0.00      4.00      3.40
11      0.00      0.00      0.00      0.00      0.00    -99.00    133.20      0.00      0.00      0.00      0.00     14.00
12      0.00      0.00      0.00      0.80      0.00    -99.00     30.00      0.00      0.00      0.00      1.60      0.00
13      0.00      0.00      0.00      0.00      0.20    -99.00      9.00      0.00      0.00      0.00      0.00     29.80
14      0.00      0.00      0.00      0.00      0.00    -99.00      1.40      0.00      0.00      0.20      0.00      7.00
15      0.00      0.00      0.00     16.00      0.00    -99.00      3.40      0.00      0.00      0.00      0.00     26.40
16      0.00      0.00      0.00      5.40      1.60    -99.00     10.60      0.00      0.00      0.00      0.00      0.00
17      0.00      0.00      0.00      6.00      2.60    -99.00    142.60      0.00      0.00      0.00      0.00     58.20
18      0.00      0.00      0.00      0.00      0.00    -99.00     21.80      0.00      0.00      0.20      0.00      0.80
19      0.00      0.00      0.00      0.20      0.00    -99.00      1.00      0.00      0.00      0.20      0.00      0.00
20      0.00      0.00      0.00      0.00      0.00    -99.00      0.40      0.00      0.00     20.80      0.00      0.00
21      0.00      0.00      0.00      0.20      0.00    -99.00      1.00      0.00      0.00      0.00      0.00      0.00
22      0.00      0.00      0.00      0.00      0.00    -99.00     18.00      0.00      0.00      0.00    193.00      0.00
23      0.00      0.00      0.00      0.00      0.00    -99.00      0.00      0.00      0.00      0.00      5.40      0.00
24      0.00      0.00      0.00      0.00      0.00    -99.00      0.00      0.00      0.00      0.00     92.60      9.00
25      0.00      0.00      0.00      0.00      0.00    -99.00      0.40      0.00      0.00      0.00     18.20      0.00
26      0.00      0.00      0.00     13.80      4.80    -99.00      1.40      0.00      0.00      0.00      4.00      0.80
27      0.00      0.00      0.00      0.00      0.00    -99.00      9.20      0.00      0.00      1.20      4.40     14.20
28      0.00      0.00      0.00      8.80      0.00    -99.00      4.20      0.00      0.00      1.80     18.40      0.00
29      0.00    -99.00      0.00     35.20      0.00    -99.00      4.80      0.00      0.00      2.40     50.00     38.60
30      0.00    -99.00      0.00    -99.00      0.00    -99.00      0.40      0.00      0.00      0.00      7.20     19.40
31      0.00    -99.00      0.00    -99.00      0.00    -99.00      1.00      0.00    -99.00      0.00    -99.00     24.80
