CuLaoCham           
   108.50400       15.958000              26
2011
01      0.00      6.40      0.20      0.00      0.00      0.00      0.00     16.20      0.00     66.40      0.60      8.80
02      1.80      2.60      0.00      0.00      0.00      0.00      0.00      0.20      0.00     51.60      0.40      6.00
03      0.00      0.40      4.00      0.00      0.00      0.00      0.00      2.60      0.00     39.60      0.00      0.00
04     13.00      0.00     15.20      0.00      0.00      0.00      0.00      0.00      0.00     47.20     24.40      0.00
05      9.80      1.40      0.00      0.00      0.20      0.00      0.00      0.00      0.20     13.40     18.20     12.40
06      8.00      0.20      0.00      0.00      0.00      0.00      0.00      0.00      0.00      0.00     40.80     37.20
07     13.20      0.00     16.20      0.00      0.00      0.00      0.00      0.00      0.00     20.40     32.40     26.80
08     14.20      0.00      1.00      0.20      0.00      0.00      0.00      0.00      0.00      6.20     61.00      7.40
09     11.60      0.20      0.20      0.00      0.00      0.00      0.00      0.00      0.20     99.20      0.40      6.60
10     25.00      0.20      2.80      1.20      0.00      0.00      0.00      0.00    132.20     19.20      0.40      0.20
11     18.20      0.00      1.00      0.00      0.00      0.00      0.00      0.00    137.20      6.80      0.20      0.00
12     15.20      0.00      0.00      0.00      8.00      0.00      1.00      0.00     22.20     29.00      0.00      0.00
13      2.40      0.60      0.00      2.40      0.20      0.00      0.00      0.00     16.00     26.40      0.00      0.00
14      0.40      1.40      0.00      0.00      2.00      0.00      0.20      0.00      0.60      1.00     12.40      2.20
15     10.20      1.80      0.20      0.20      0.20      0.00      0.80      0.20      0.00    135.00      0.00     37.20
16      0.00      0.00     10.80      0.00      0.00      0.00      0.00      8.40      1.00     50.60      0.00     43.80
17      7.40      0.60      3.00      0.00      0.60      0.00      0.00      4.60      0.00     41.40      0.00      3.80
18      1.00      1.00      0.60     59.60      0.00      0.00      0.00      0.40      0.00     27.80      0.00     28.80
19      1.20      1.00      0.00      1.20      3.40      0.00      0.40     23.40      0.00      0.60      0.20      0.00
20      3.20      0.60      0.00      5.20      7.20      0.00      0.00      1.60     16.00      0.00      0.00      4.60
21      3.40      0.60      0.20      0.00      0.00      0.00      0.00      0.00     36.40      9.80      3.80      8.00
22      6.20      1.20      6.40      0.00      0.00      0.00      0.00      0.00      0.00      0.00      5.80     45.20
23      8.40      0.40     29.20      0.40      0.60      0.00      0.00      0.40      0.00      0.20     10.20     20.40
24      6.80      0.00     66.40      0.20      0.40      3.40      0.00      1.60      0.00      0.00      1.00      2.00
25     14.20      0.00     34.20      9.00      0.00      3.00      0.00      0.00      0.00      4.80      0.40      3.60
26     13.00      0.20     33.80      0.00      0.00      0.00      0.00     67.80      0.00      0.60     31.60      1.60
27     25.00      0.20      5.20      1.40      0.00      2.40      0.00      0.00    143.80      0.00     13.40      5.80
28     31.00      0.20     28.80      0.00      0.20      0.00      0.00      0.00      0.00      7.20     43.00      1.40
29      8.40    -99.00     15.40      0.00      0.00      0.00      0.00      0.00      7.00      0.00     24.60      2.20
30     18.60    -99.00     11.20      0.20      0.00      0.00      6.60      0.00     55.60      8.00      0.00     10.80
31     15.40    -99.00      9.20    -99.00      0.00    -99.00      1.60      0.00    -99.00      1.80    -99.00     35.40
2012
01     46.60      0.00      1.00      9.40      0.00      0.00      2.20      0.20      1.00      0.00      0.20      0.00
02     14.20      2.80      0.20      0.00      0.00    102.80      0.00      0.00     16.00      0.00      1.60      3.40
03      0.00     10.60      0.00      0.00      0.00     12.80      0.40      0.00     15.40      0.00      0.00      9.80
04     32.60      0.00      0.00      0.00      0.00      0.00     10.20      0.00     20.80      0.00     10.00      0.00
05      6.20      0.00      0.20      9.40      0.00      0.00     13.60      0.00     22.40      0.00     26.80      3.40
06      2.60      0.20      0.00      0.00      0.00      0.00      0.00      0.00     10.00     14.00      7.40      6.40
07      2.20      0.20      0.00     16.20      0.00      2.00      0.00      0.00      0.00    109.20      3.00      0.20
08      6.20      0.80      0.20      0.00      0.00      4.80      0.00      0.80      4.20      1.60      0.00      2.80
09      0.00      0.20      0.80      0.00      0.00      0.00      0.00      0.20      0.00      0.00      0.00      0.20
10      0.40      0.00      1.40      0.40      0.00      0.00      0.00      0.00     14.60      2.40      0.00      0.00
11     28.60      1.00      2.20      0.00      0.00      0.00      0.00      0.00     12.80      1.40      0.00      0.00
12     53.40      0.00      1.40      0.20      0.00      0.00      0.00      0.00      6.20      0.00     21.80     20.40
13      9.80      0.00      4.40      0.00      0.00      0.00      0.00      0.00      0.20      0.00      0.20     10.80
14      0.20      0.00      2.60      0.00      0.00      0.00      0.00      0.00     91.60      0.00      0.00      1.60
15      2.40      0.00      0.00      0.00      0.00     17.60      0.00     54.60    453.20      0.00      2.60      0.20
16      0.00      0.00      0.40      0.00      2.60     42.80      0.00      5.40     54.60      0.00     16.00      0.20
17      1.60      9.80      0.00      0.00      0.20      0.00      0.00      0.00      0.40      0.00     93.20      0.00
18      2.00     27.20      0.00      0.00      0.00      0.00      0.00      0.00     14.40     10.40      6.00      0.20
19      0.40     38.80      0.20      0.00      0.00      0.00      0.00      0.00      0.00      1.80      4.00     53.20
20      0.00     12.20      0.00      0.00      0.00      0.00      0.00      0.00      0.00      0.00      1.00      0.00
21      0.40      0.60      0.20     33.40      0.00      0.00      0.00      0.00      0.00      0.00      0.00      0.20
22     22.00      0.00      0.20      0.00     29.00      0.00      0.60      0.20      0.00      0.00      0.20      3.40
23     12.80      0.00      3.80      0.00      0.20      0.00      9.00     15.80      0.00      0.60      0.00     40.20
24      5.20      0.00      0.40      0.00      0.00      0.00      0.00      0.00      0.00      0.20      0.00      1.20
25      2.60      0.20      0.00      0.00      0.00      0.00      0.20      0.00      0.00      0.00      0.00      3.40
26      1.40      2.60      0.00      0.00      0.00      0.00      0.00      0.00     24.80     25.00      0.00     47.00
27      0.20      0.80      1.60      0.00     24.80      0.00      0.00      0.00      1.40     38.80     17.40     14.40
28      0.00      3.60      1.20      0.00      1.80      0.00      0.00      0.00     39.80     78.40      0.00     14.20
29      7.00      0.80      0.00      0.00     21.00      0.00      0.00      0.00      1.00      0.00      0.20     14.20
30     58.40    -99.00      0.20      0.00      8.20      0.00      0.00      0.00      0.20      1.00      0.00      9.80
31     14.00    -99.00      0.40    -99.00      0.40    -99.00      0.40      0.00    -99.00      1.20    -99.00      4.00
2013
01      0.60      0.00      0.00      0.00      6.00      0.00      0.00      0.00      0.00      5.80      0.20      6.80
02      0.00      0.40      0.20      0.00      6.20      0.00      0.00      0.00      0.00      0.00      0.20      0.00
03      0.00      2.40     43.80      0.20      0.00      0.00      0.00      0.00      0.00      0.00      0.00      4.00
04     28.20      0.00     18.00      0.00      0.00      0.00      0.00      0.00      0.00      0.00      0.60      6.80
05      6.80      0.00     11.60      0.00      0.00      0.00      0.00      0.00      0.00      0.00    151.20      0.20
06     45.80      0.20      9.60      0.00      0.00      0.00      0.00      0.00      0.00      0.00      4.60      0.40
07     23.20      0.20      0.20      0.40      0.00      0.00      0.00      0.00      0.00      0.00      0.00      0.00
08      8.60      0.20      0.20      0.20      0.00      0.00      0.00      0.00      0.00      0.00      0.00      0.00
09      9.60      2.80      0.20      1.80      5.00      0.00      0.00      0.00      0.00      0.00      0.80      0.20
10      3.60      8.20      0.00      3.20      0.00     18.40      0.00      0.00      0.00      0.00     72.80      0.00
11     12.00      0.40      0.20     17.80     12.00     37.80      0.00      0.00      0.00     13.80      0.00      0.00
12      7.20      0.00      1.40     25.40      0.00      0.00      0.00      0.00      0.00      0.00      0.00      9.20
13      2.00      2.40     16.60     68.20      0.00      0.00      0.00      0.00      0.00      3.60      0.20      3.20
14      0.00      0.00      0.00      4.40      0.00      0.00      0.00      0.00      0.00     17.00      2.60     12.80
15      0.00      2.60      0.00      0.00      0.00      0.00      0.00      0.00     16.80     62.20     15.00     18.00
16      0.00      0.00      0.20      6.40      0.00      0.00      0.00      0.00      9.80      0.60     66.00     49.20
17      0.00      0.00      0.20     30.80      0.00      0.00      0.00      0.00      0.00    261.80    103.40     27.40
18      0.40      0.40      0.00      0.20      0.00      0.00      0.00      0.00      0.00     20.40     13.40      2.40
19      0.20      0.20      0.00      0.20      0.00      0.00      0.00      0.00      0.00      1.80      0.20      0.20
20      0.00      0.00      8.60      0.00      0.00      0.00      0.00      0.00      0.00      3.00      9.80      0.40
21      0.20      0.20      0.00      0.00      0.00      0.00      0.00      0.00      0.00     13.80     68.00      0.20
22      0.00      3.20      0.40      0.00      0.40     21.40      0.00      0.00      0.00     39.80     65.20      3.60
23      0.00     10.40      0.00      0.20      3.20      3.20      0.00      0.00      0.00     19.60      9.60      0.80
24      0.40     26.20      0.00      0.00      0.00      0.40      0.00      0.00      0.00      0.00      1.60      0.00
25      1.20      1.40      4.80     22.20      0.00      1.20      0.00      0.00      0.00      2.20     31.80      0.20
26      0.00      0.00      0.20      0.00      0.00      0.00      0.00      0.00      0.00      0.00      6.80      0.00
27      6.80      0.00      0.20      0.00      0.00      0.00      0.00      0.00      0.00      2.20      6.20      0.00
28      0.00      0.00      0.00      0.20      0.00      0.00      0.00      0.00      0.00      2.20     22.00      4.00
29      3.00    -99.00      0.20      0.80      0.00      0.00      0.00      0.00      0.00      0.00      5.60      0.20
30      0.40    -99.00      0.00      0.00      0.00      0.00      0.00      0.00      0.00      9.40      3.60      0.00
31      0.00    -99.00      1.00    -99.00      0.00    -99.00      0.00      0.00    -99.00      0.60    -99.00      0.20
2014
01      0.00      0.40      0.20      0.00      0.00      0.00      0.00      0.00     39.80      0.00      2.20     15.00
02      0.00      0.40      0.00      0.20      0.00      0.00      0.00      0.00      4.20      0.00      0.00     28.20
03      0.20      0.20      0.20      0.00      0.00      0.00      0.00      0.00      0.00      0.00     15.80     23.60
04      0.00      0.00      0.00     13.00      0.40      0.00      0.40      0.00      0.00      0.00     12.60     17.20
05      0.00      0.00      2.60      0.00     17.20      0.00      0.00      0.00      0.00     70.60      8.80     17.40
06      0.00      0.00      0.00      0.00      1.60      0.00      0.00      0.00      0.00     74.40      0.00     11.80
07      0.20      0.00      0.00      0.00      1.40      0.00      0.00      0.40      0.00     22.40      0.00     17.20
08      0.20      0.20      0.00      0.40      2.00      0.00      0.00      0.00      0.00     14.00      1.00      0.40
09     22.40      0.20      2.20      0.00      0.00      0.00      0.00      0.00      0.00      0.00     35.00     11.60
10      3.80      6.60      0.00      0.00      0.00      0.00      0.00      0.00      0.00      0.00      0.20      0.40
11      5.40      6.60      0.00      0.00      0.00     27.40      0.00      0.00      0.00      0.00      0.40      0.00
12      0.00      0.40      0.00      0.00      0.00      0.00      0.40      0.00      0.00     17.60    226.00      0.00
13      3.60      2.80      0.00      0.00      0.00      1.00      0.00     12.80      0.00      2.20     29.60     21.00
14      0.00     22.80      0.00      0.00      0.00      0.00      0.00    -99.00      0.00      7.00      0.00      5.20
15      0.60    146.60      4.40      0.00      0.00      0.00      0.00    -99.00      0.20      7.60      0.00      4.20
16      1.40    520.20      0.00      0.20      0.00      0.00      0.00    -99.00     23.60     10.80      3.80      0.40
17      0.00     48.00    -99.00      0.00      0.00      0.00      0.00      0.00      0.00     17.40     17.00      0.00
18      0.00      0.00      0.00      0.00      0.00      0.00      1.00      0.00      0.00      1.00      7.00      0.60
19      0.60      0.00      0.00      0.00      0.00      0.00      5.60      0.00      0.00      0.00      5.40     19.20
20      4.20      0.00      0.00      0.00      0.00      0.00    -99.00      1.00      0.00      0.00     11.40      0.00
21      0.00      0.00      0.00      0.00      0.00      0.00      0.00      0.00      0.00      0.00      7.40      8.00
22      7.80      4.00      0.00      0.00      0.00      0.00      0.00      0.00      0.80      2.80      0.40      0.00
23      0.60      0.20      0.00      0.00      0.00      0.00      0.00      0.00      1.40     56.40     16.40      0.00
24      0.00      0.00      0.00      0.00      0.00      0.00      0.00      0.00      0.40     18.60      1.00     17.80
25      0.20      0.20      0.00      0.00      0.00      0.00      0.00      0.00      0.00     45.80      0.40     11.20
26      0.20      0.00      0.00      0.00      0.00      0.00     11.00     21.40      0.00      4.00      0.00      3.20
27      5.40      0.00      0.00      0.00      0.00      0.00      9.80      8.00      0.00     24.00      0.00     27.40
28      0.20      0.00      0.00      0.00      0.00      0.00     13.00     22.60      0.00     29.80      0.00     94.60
29      0.00    -99.00      0.00      0.00      0.00     19.20      3.00      1.60      0.00     20.60      0.00      0.00
30      0.20    -99.00      0.00      0.00      0.00     21.20      0.00      2.80      0.00      0.60      6.20      0.00
31      0.00    -99.00      0.00    -99.00      0.00    -99.00      0.40     40.00    -99.00      4.40    -99.00      0.00
2015
01      0.00      0.00      0.00      0.00      0.00      0.00      0.00     18.60      0.00      0.00     58.60      0.00
02      0.00      2.20      0.00      0.00      0.00      0.00      0.00      1.00      0.00      2.60      7.40      0.00
03      2.80      2.60      0.20      0.00      0.00      0.00      0.00      0.00      0.00     18.60      0.20      0.00
04      0.00      3.60      0.00      0.00      0.00      0.00      0.00      0.00      0.00     32.20      1.40      0.00
05      0.20      4.00      0.00      0.00      0.00      0.00      0.00      0.00      0.00      1.60     63.00      1.00
06      0.20      1.20      0.00      0.00      0.00      0.00      8.40      0.20      0.00     33.00     11.80      8.80
07      0.00      0.00      0.00      0.00      0.00      0.00      0.80      0.20      0.00      8.60      0.00      0.80
08      1.40     49.20      0.00      0.00      0.00      0.00      0.00      0.00      0.00     64.20      0.00     23.80
09      5.00     13.20      0.00      6.60      0.00      0.00      0.00      0.00      0.00      8.40      0.00      1.20
10     37.60      1.00      0.00      1.80      0.00      0.00      0.00      0.00      4.00      4.60      0.00      0.00
11      9.20      0.00      0.20      1.00      0.00      0.00     32.20      0.00     12.40     21.40      0.00      0.00
12     10.20      0.00      0.00      1.60      0.00      0.00     10.60      1.40      3.60     81.00      0.00      0.00
13      0.00      0.00      0.00      0.00      0.00      0.00      0.00      0.00      4.40     19.00      0.00      0.00
14      0.00      0.00      0.00      0.00      0.00      0.00      0.00      0.00     67.40    149.00      0.00      0.00
15      0.00      0.00      0.00      0.00      0.00      0.00      0.00      0.00     32.60      3.60      0.00     27.60
16      0.00      0.00      0.00      0.00      0.00      0.00      0.00      0.00     35.00      1.20      0.00      9.80
17      6.00      0.60      0.00      0.00      0.00      0.00      0.00      0.00      5.00      0.00      0.00     10.60
18      7.00      0.40      0.00      0.00      0.00      0.00      0.60      0.00      0.00      0.00      0.00     19.00
19     14.00      0.00      0.00      0.00      0.00      0.00     36.40      0.00      0.00      0.00      5.20      3.80
20      0.00      0.20      0.00      0.00      0.00      0.00      1.20      0.00      0.00      0.00     19.60      0.00
21      0.00      0.20      0.00      0.00      0.00      0.00      0.20      0.00      0.00      0.20     62.40     13.20
22      0.00     26.00      0.20      1.00      0.00     25.80      0.00      0.00      0.00      0.00      4.00      9.60
23      0.00      0.20      0.00      9.40      0.00     30.60      0.00      0.00      0.00      0.00     17.00      0.00
24      0.00      0.00      5.00      0.00      0.00      0.80      0.00      0.00      0.00      0.00      0.00      0.20
25      0.00      0.20      0.00      1.00      0.00      0.00      0.00      0.00      0.00      9.00      0.00      1.80
26      0.00      0.00      4.60      0.80      0.00      0.00      8.00      0.00      0.00      0.20     26.20      0.40
27      0.20      0.20      1.40      0.00      0.00      0.00      6.60      0.00      0.00      0.00     14.40      9.60
28      0.00      0.00      0.00      1.20      0.00      0.00     20.80      0.00      0.00      0.00      0.00     33.80
29      0.00    -99.00      0.00      0.00      0.00      0.00     10.40      0.00      0.00      0.00      0.00      5.60
30      0.00    -99.00      0.00      1.20      0.00      0.00     21.20      0.00      0.00      0.00      0.00     18.60
31      0.00    -99.00      0.00    -99.00      0.00    -99.00      5.60      0.00    -99.00      0.40    -99.00     49.60
2016
01      5.60      3.60      0.00      0.00      0.00      0.00    -99.00    -99.00    -99.00      0.00     59.00      4.00
02      4.00     11.60      2.00      0.00      0.00      0.00    -99.00    -99.00    -99.00     57.40      4.20      1.40
03      6.80      2.40      2.00      0.00      0.80    -99.00    -99.00    -99.00    -99.00     55.60      0.40      3.80
04      0.00      3.80      0.00      0.00      0.00    -99.00    -99.00    -99.00    -99.00      7.80     10.20     48.20
05      0.00      8.00      0.00      0.20      0.00    -99.00    -99.00    -99.00    -99.00     16.20      1.40     23.00
06      0.20      0.00      0.00      0.00      0.00    -99.00    -99.00    -99.00    -99.00    199.60     24.00      3.40
07      1.20      0.00      0.00      0.00      0.00    -99.00    -99.00    -99.00    -99.00      4.20     32.40      9.80
08      0.00      0.00      0.00      0.00      0.00    -99.00    -99.00    -99.00    -99.00      0.00     40.20      0.00
09      0.60      0.00      0.00      0.00      0.00    -99.00    -99.00    -99.00    -99.00      0.00      3.60      0.00
10      0.00      0.00      1.40      0.00      0.00    -99.00    -99.00    -99.00    -99.00      0.00    136.40      0.00
11      1.00      0.40      4.40      0.00      0.00    -99.00    -99.00    -99.00    -99.00      0.00     47.60     25.40
12      0.20      0.20      1.00      0.00      0.00    -99.00    -99.00    -99.00    -99.00      0.00      0.60     93.40
13     30.80      0.40      0.00      0.00     16.60    -99.00    -99.00    -99.00    -99.00     88.60      0.00      0.60
14      0.20      0.00      0.00      0.00      0.00    -99.00    -99.00    -99.00    -99.00     65.20      0.00     43.80
15      0.00      0.20      0.00      0.00      0.00    -99.00    -99.00    -99.00    -99.00     37.20      0.00     62.60
16      0.20      6.80      0.00      0.00      0.00    -99.00    -99.00    -99.00    -99.00     11.40      0.20      7.00
17      1.20     11.00      0.00      0.00      0.00    -99.00    -99.00    -99.00    -99.00      0.00      0.00     21.00
18      1.80      3.80      0.20      0.00      0.00    -99.00    -99.00    -99.00    -99.00      0.20     24.00     12.80
19      4.00      0.20      0.20      0.40      0.00    -99.00    -99.00    -99.00    -99.00      0.00      3.80      6.40
20      0.00     11.40      0.00      0.00      0.00    -99.00    -99.00    -99.00    -99.00      0.00     14.20     13.00
21      0.00      0.00      0.20      0.00      0.00    -99.00    -99.00    -99.00    -99.00      0.00      7.80      0.00
22      0.00      0.00      0.00      8.60      0.00    -99.00    -99.00    -99.00    -99.00      0.00      3.60      0.80
23      3.20      3.40      0.00     11.60      0.00    -99.00    -99.00    -99.00    -99.00      0.00     29.40      7.80
24     18.80     10.80      2.60      0.00      0.00    -99.00    -99.00    -99.00    -99.00      0.00     50.00     22.60
25      5.00     39.80     11.60      0.00      0.40    -99.00    -99.00    -99.00    -99.00      1.60     12.00      0.20
26     13.40     17.80      2.20      0.00     52.80    -99.00    -99.00    -99.00    -99.00      0.00      4.40      0.40
27      1.00     15.00     10.80      0.00      0.00    -99.00    -99.00    -99.00      0.00      0.00      0.00      0.80
28      0.60      0.00      3.80      0.00      0.00    -99.00    -99.00    -99.00      0.00      0.20      4.00      0.00
29      0.00      0.00      0.00      0.20      0.00    -99.00    -99.00    -99.00    -99.00      2.80      2.40      3.80
30      2.60    -99.00      0.00      0.00      0.00    -99.00    -99.00    -99.00    -99.00     38.20      1.40     11.20
31      0.00    -99.00      0.40    -99.00      0.00    -99.00    -99.00    -99.00    -99.00     15.80    -99.00     40.40
2017
01    109.40     20.20      0.60      0.00      0.00      0.00      5.20      0.00      0.00      3.60      2.20      5.40
02     20.60      0.20      0.00     12.20      0.00      0.00      0.00      0.00      0.00     88.40      0.40     14.40
03      0.20      2.00      0.00      2.60      0.00      0.00      0.00      0.00      0.00     16.60      0.00     15.60
04      0.00      0.20      0.20      0.00      0.00      0.00      0.00      0.00      0.00      0.40      4.20      2.40
05      1.00      0.00      0.20      0.40     32.20      0.00      0.00      0.00     51.80     32.60      9.80      4.20
06      0.00      0.20      0.20      0.40      0.00      0.00      0.00      0.60      0.00      0.00     17.20      0.00
07      0.00      0.00      0.00      0.00      0.00     13.00      0.40      0.00      0.40     29.20     13.00      8.80
08      1.80      0.00      7.80      0.00      0.00      3.60      0.00      0.00      0.00     15.20     39.20     23.60
09      2.20      5.00      0.00      0.00      0.00      0.00      0.00      0.00      0.00    108.40     65.80      6.40
10      9.40      2.20      0.00      0.00      0.00      3.00      0.00      0.00      0.00      0.00     12.00      0.00
11      1.20      0.20      0.20      0.00      0.00      0.00      0.00      0.00      0.00     46.00      9.80      7.00
12      0.80      0.60      0.00      5.80      0.00      0.00     14.00      0.00      0.00      7.60      0.00      0.40
13      8.40      1.60      0.00     10.20      0.00      0.00      7.20      0.00     26.20      0.00      0.60      0.00
14      4.60      0.20      0.00      0.00      0.00      0.00      0.00      0.00     61.40      0.00     27.60      4.60
15     24.40      0.00      0.00      0.00      0.00      0.00     83.00      0.00    261.40      3.00      4.20     18.00
16     61.00      2.40      1.00      0.00      0.00      0.00    214.40      0.00      0.00      4.20      0.20     18.40
17      2.60      0.00      0.20      0.00      0.00      0.00      3.60      0.00      0.00      5.40      0.00      0.00
18      0.00      0.20      0.60      0.00      0.00      0.00      0.00     13.00      0.00    125.80      0.00      0.00
19      4.00      0.20      7.40      0.00      0.00      0.00      0.00      6.40      0.00      2.00     10.60      0.00
20      1.20      0.00      0.00      0.00      0.00      0.00      0.60      0.00      0.00      6.20    218.80      0.00
21      4.00      0.20      0.60      0.00      0.00      0.00      0.00      0.00      0.00      0.00    113.40      0.00
22      7.00      0.00      0.00      0.00      0.00      0.00     11.00      0.00      0.00      0.80     99.40      5.40
23      5.40      0.60      0.00      1.40      0.00      0.00      6.00      0.00      5.40      0.40     11.60     16.40
24     14.80     35.00      0.00      0.80      0.00      0.00     28.20      0.00     22.60     10.20      9.00      9.40
25     38.60      3.40      0.00      0.00      0.00      0.00     12.60      0.00     31.40     54.20     19.20      0.00
26      0.00      6.40     47.00      0.00      0.00      0.00      1.20     30.60      0.00      0.00     19.60     17.20
27      0.00     11.60     34.80      0.00      0.00      0.00      7.00     65.40      0.00      4.00     13.20     88.20
28      0.00      4.60      6.60      3.40      0.00      0.00      0.00      0.80     10.40      0.00     24.80      9.20
29      0.20    -99.00      0.00      0.00      0.00      0.00      0.00      1.80      0.00      0.00      4.60     37.20
30      0.00    -99.00      0.00      0.00      0.00      0.00      0.00      0.00     15.20      3.60      0.00      5.60
31      0.20    -99.00      0.00    -99.00      0.00    -99.00      0.00      0.00    -99.00     18.20    -99.00      7.20
2018
01      1.00      0.00      0.00      0.00      0.00      0.00      0.00      0.00      0.00      0.20      0.00     41.80
02      0.20      5.80      0.00      0.00      0.00      0.00      0.00      0.00      1.80      0.40      0.00      0.00
03      5.40      0.00      0.00      0.00      0.00      0.60      0.00      0.00      0.00      6.60      0.00      0.00
04      2.00      0.00      0.00      0.00      0.00     94.20      0.00      0.00      0.00      1.80      0.00      0.00
05     13.60      0.00      0.00      0.00      0.00     42.00      0.00      0.00      0.00      0.20      0.00      0.00
06      0.40      0.00      0.20      0.60      0.00      0.00      0.00      0.00      0.00      0.00      1.00      1.40
07      0.00      0.00      0.20     17.00      0.00      0.00      0.00      0.00      0.00      0.00      0.00     24.00
08      2.40      0.60      5.60      3.40      0.00      0.00      0.00      3.00      7.20      0.00      0.00     26.00
09      4.80      0.00      0.40      0.00      0.00      0.00      0.20     17.20      4.40      0.00      9.20    174.00
10      6.40      0.00      2.20      0.20      0.00      0.00      0.00      0.00      0.00      0.20     19.80     80.40
11      6.60      1.00      0.00      0.00      0.00      0.00      0.00      0.00      0.00     35.40      0.00      0.80
12      0.80     27.20      0.20      0.00      0.00      0.00     11.80      0.00      7.00     37.60      4.00     44.00
13     26.60     12.00      0.20      0.00      0.00      0.00      0.00      0.20      2.80     54.80      0.00     34.60
14      2.40      0.00     28.40      0.00      0.00      0.00      4.80      0.00      0.20      0.40      0.00     18.40
15      0.80      0.20      0.00      0.00      0.00      0.00      0.00      0.00      6.40      0.00      0.00     27.00
16      0.00      0.20      0.20      4.20      0.00      0.00     12.60      4.20      0.00      0.00      0.00     13.60
17      0.20      0.00      0.00      0.00      0.00      0.00      6.20      2.80      0.00      0.00      0.00      0.20
18      0.20      0.00      0.00      0.00      0.00      0.00     13.80      0.00      0.00      0.80      0.00      3.40
19      0.40      0.00      0.00      0.00      0.00      0.00      0.00      0.00      1.40     17.60      0.00      0.80
20      1.00      0.00     14.80      0.00      0.00      0.00      0.60      0.00      0.00     10.00      0.00      0.00
21      0.00      0.00      0.00      0.20      0.00      0.00     11.00      0.00      0.00     11.80      0.00      0.00
22      0.40      1.00      0.40      0.00      0.00      0.00     93.60      0.00      0.20      7.80     12.40      0.00
23      0.00      5.80      0.00      0.00      0.00      0.00      0.00      0.00      2.80      0.00     13.60     15.20
24      0.00      0.20      0.00      0.00      0.00      0.00      0.00      0.00      0.00      0.00      0.00      0.00
25      0.00      8.60      0.00      0.00      0.00     63.20      0.00      0.00      0.00      0.00      0.00      0.80
26      0.00     17.20      2.20      0.00      0.00      0.00      0.00      0.00      0.00      0.00      0.00      2.00
27      0.00      0.00      0.20      0.00      0.00      0.00      2.80      0.20      0.00      1.40     18.80      4.40
28      0.00      0.00      0.00      0.00      0.00      0.00      3.20      0.00      3.20     13.60     82.80      0.00
29      6.40    -99.00      0.00     18.00      0.00      0.00      1.20      0.00     12.40      0.20     41.60      7.60
30      1.00    -99.00      0.00     14.80      0.00      0.00      1.40      0.00      1.00      0.00     56.60     44.20
31      8.40    -99.00      0.00    -99.00      0.00    -99.00      0.00      0.00    -99.00      0.00    -99.00     10.60
