DaNang              
   108.20700       16.042999               6
2011
01      0.00      2.40      0.00      0.00      0.00      0.00      0.00      1.40      0.00     10.80     28.00      2.40
02      0.00      4.00      0.00      0.00      0.00      0.00      0.00      0.00      4.00    109.80      0.00     23.00
03      1.20      0.00      2.40      0.00      0.00      0.00      0.00      0.20     13.20    112.40      8.60     35.40
04      9.00      0.00      0.00      0.00      0.00      0.00      0.00      0.00      0.00     28.40    115.80      0.20
05      0.00      0.20      0.80      0.00      0.00      0.00      0.00      0.00      0.00      0.00      0.00     35.00
06      5.20      0.00      0.00      0.00      0.00      0.00      0.00      0.00      0.40      0.00     29.00      3.60
07     34.40      0.00      0.00      0.00      0.20      0.00      0.00      0.00     58.00      0.00    415.60      6.40
08     20.60      0.00      1.00      0.00      0.00      0.00      0.00      0.00      7.60      0.00     66.60      4.40
09      0.80      0.00      0.00      0.60      0.00      0.00      0.00      6.20     12.60    133.60      0.40      0.00
10      4.80      0.00      0.00      0.00      0.00      0.00      0.00      0.00     43.20      9.20      0.00      7.20
11      0.00      0.40      0.00      0.00      0.00      0.00      0.20      0.00     23.60     40.40      0.00      5.40
12      0.00      0.00      0.00      0.00      0.00      0.00      1.00      0.00      6.40      0.20      0.00      0.40
13      0.00      0.00      0.00      0.00      4.00      0.00      0.00      3.20     20.40      0.20      0.40      0.00
14      0.00      0.00      0.20      0.00      0.00      0.20      0.00      0.00     16.40     19.00      0.00     11.20
15     52.80      0.00      0.00      0.00      0.00      0.00      0.00      3.40     21.40     17.00     67.80     52.40
16     15.40      0.00     57.00      0.00      0.00      0.00      0.00      0.20      0.00    159.40      3.60      0.20
17      3.20      0.00      6.00      0.80      0.00      0.00      0.00      3.80      0.00     17.80      1.60      0.80
18      4.00      0.00      0.00     31.80      0.00      0.40      0.00      0.00      0.00     21.40      0.00      0.00
19      3.60      0.20      0.00      2.60      0.00      0.00      0.00      3.00     58.80      0.00      0.00      0.00
20      1.80      0.00      0.00      0.20      0.00      0.00      0.00      0.20     63.40      2.20      0.60     36.20
21      0.00      0.00      0.00      0.00      0.00      0.00      0.00      0.00     69.60      0.00      8.20     33.40
22      0.40      0.00      0.00      0.00      0.00      0.00      0.00      0.00     84.20      0.00      2.20      8.80
23      1.40      0.00     10.80      0.00      0.00      0.00      0.00      0.00    224.20      5.00      2.40      0.00
24      8.60      0.00      2.00      0.00      0.00      2.20      0.00      0.00    130.00      2.60     48.60      0.80
25      5.40      0.00     12.00      0.40      0.00      0.00      0.20      0.00    112.00      2.60     90.40      0.40
26      0.40      0.00      9.80      0.00      0.00      0.00      0.00      0.00    112.00      0.00     33.00      2.20
27      1.00      0.00      7.80      0.20      0.00      0.00      0.00      0.00     23.80      6.60      3.40      5.60
28      9.60      0.00      4.20      0.00      0.00      0.00      0.00      0.00      0.00      5.80      5.60      0.20
29     34.60    -99.00      3.20      0.00      0.00      0.00      0.20      0.00      0.00      0.00     53.60      0.80
30     47.40    -99.00      1.20      0.00      0.00      0.00      0.00      0.00      0.00      1.20      0.00     17.80
31     14.20    -99.00      0.00    -99.00      0.00    -99.00      6.40      3.20    -99.00      2.20    -99.00     14.20
2012
01      7.60      0.00      0.00      5.00      0.00      0.00      6.20      0.00      6.00     66.00      3.40      0.00
02      1.80      0.00      0.00      1.60      0.00      0.00      0.20      0.00     12.60      0.00     18.80      0.00
03      0.00      2.60      0.00      0.00      0.00      0.00      0.00      1.60     19.40     13.40      3.60      0.00
04     19.80      0.00      0.00      0.00      0.00      0.00      0.00      0.00    218.40      0.20      0.00      1.00
05      0.40      0.00      0.00      0.60      0.00      0.00     24.00      0.00      4.80      0.00    129.40      2.00
06      0.00      0.00      0.00      0.00      0.00      0.00      8.40      0.00      7.00     38.60     24.00     29.00
07      9.80      0.00      0.00      0.60      0.00      3.40      0.00      0.00      0.00     43.00      8.40      0.00
08      8.40      0.00      0.00      0.00      0.00      0.00      0.00      0.00      0.00     35.00      0.20     18.80
09      0.00      0.00      0.00      0.00      0.00      0.00      0.00      0.00      0.00      1.20      0.00      5.40
10      2.60      0.00      0.00      0.00      0.00      0.00      0.00      0.00     16.80      0.20      0.00      0.00
11     27.00      0.00      0.00      0.00      0.00      0.00      0.00      0.00      7.40     11.00      0.00      0.00
12     26.00      1.00      0.00      0.00      0.00      0.00      0.00      0.00     14.40      0.00      2.40     11.20
13      1.80      0.00      0.00      0.00      0.00      0.00      0.00      0.00     66.80      0.00      0.00     34.00
14      0.00      0.00      0.00      0.00      0.00      0.00      0.00      0.00    101.20      0.00      0.00     42.40
15      0.00      0.00      0.00      0.00      0.00      0.00      0.00      0.00     76.20      0.00     11.60      0.00
16      8.00     16.60      0.00      0.00      0.00     22.60      0.00      2.00      0.00      0.00     65.20      0.00
17      4.60     52.40      0.00      0.00      0.00     15.60      0.00      0.80      1.40      0.00     27.00      0.00
18      9.60     13.80      0.00      1.40      0.00      2.40      0.00      0.00     10.20      0.00     24.20      5.00
19      0.00      4.00      0.00      0.00      0.00      0.00      0.00      0.00      4.20      5.60     42.20      4.80
20      0.00      0.80      0.00      0.00      0.00      0.00      0.00      0.00      1.40      0.20      0.00      2.40
21      0.00      0.00      0.00      0.00      1.80      0.00      0.00      0.00      0.00      0.20      0.00      0.40
22      0.00      0.00      0.00      0.00      0.00      0.00      0.00      0.00      0.00      2.40      0.00      1.40
23     13.60      0.00      0.00      0.00      0.00      0.00      0.40      5.00      0.00      0.00      0.00      3.00
24      0.00      0.00      0.00      0.00      0.00      0.00      0.00      0.00      0.00      8.40      0.60      0.00
25      3.40      0.00      0.00      0.00      1.00      0.00      0.00      0.00     10.00      0.80      0.00      6.60
26      0.00      0.00      0.00      0.00      0.00      0.00      0.00      0.00     76.00     20.00      0.20      0.00
27      0.00      0.00      1.00      0.00      0.00      0.00      0.00      5.80     39.00     54.40     12.60      5.20
28      0.00      0.00      0.00      0.00      0.00      0.00      0.00      0.00      8.00      0.60      0.00      5.80
29      1.80      0.00      0.00      0.00      2.60      0.00      0.60      0.00     33.20      0.00      0.20      0.40
30      6.20    -99.00      0.00      0.00      0.00      8.20      0.00      0.00      2.80      0.00      0.00     56.20
31      0.20    -99.00      5.00    -99.00      0.00    -99.00      0.00      0.00    -99.00     47.40    -99.00     32.00
2013
01      0.40      0.00      0.00      0.00      8.40      0.00    -99.00      0.00      9.00      0.00      0.60      0.00
02      0.00      0.00      0.00      0.00      0.20      0.00    -99.00      6.00      0.00      0.00      0.00      0.60
03     17.00      0.80     28.20      0.00      0.40      0.00    -99.00      0.00      0.20      0.00      0.00      0.00
04      6.40      0.00     27.40      0.00     29.40      0.00    -99.00      0.00      3.80      0.00      6.20     25.40
05      2.00      0.00      0.00      0.00      0.20      0.00      0.00      0.00      0.00      0.00     78.60      0.40
06     32.80      0.00      0.00      0.20      0.20      0.00      0.00     18.40      3.60      0.00      8.40      1.40
07     17.60      0.00      0.00      1.40      3.60      0.00      0.00      3.00     18.80      0.00      1.80      0.00
08      2.60      0.00      0.00      1.20      0.60      0.00      0.00      0.00      0.00      0.00      2.00      0.00
09     14.80      0.00      0.00      0.00      0.60      0.00      0.00      0.00     41.80      0.00     25.00      0.00
10      7.00      1.20      0.00      3.40      0.00     51.00      0.00      0.00     28.60      1.80     91.80      0.00
11      4.40      0.00      0.00      9.80      0.60      2.00      0.00      1.60     25.20     28.40      0.00      0.00
12      0.00      0.00      0.00     13.60      0.00      0.00      0.20     48.80     27.00      2.60      0.00      8.20
13      0.00      0.00      0.00      1.20      0.00      0.00      0.20      0.00      0.40      0.00     24.00      0.00
14      0.00      0.60      0.00      0.00      0.00      0.00      0.00      0.00      0.00     62.00     17.20      3.20
15      0.00      0.00      0.40      0.00      0.00      0.00      0.00      0.00      0.20     83.00     70.00      0.00
16      0.60      2.40      0.00      0.20      0.00      0.00      0.00      0.00      0.60      0.00      1.20      0.00
17      0.00      0.00      0.00      0.00      0.00      0.00      0.00      0.00     86.80     15.80      0.80     14.80
18      0.00      0.00      0.00      0.00      0.00      0.00      0.00      0.00    281.40      0.40      0.00      2.40
19     11.60      0.00      0.00      0.00      1.00      0.00      0.00      0.00      0.00      2.20      1.00      0.00
20      1.40      0.80      0.20      0.00      0.00      0.00      1.20      0.00      0.00      8.00      0.20      0.00
21      0.00      0.00      0.00      0.00      0.00      0.00      0.00      0.00      0.00      0.00      2.20      0.20
22      0.00      0.00      0.20      0.00      0.00      5.80      0.00      0.00      0.00      0.00     20.40      1.40
23      0.20     16.20      0.00      0.00      0.00      0.80     28.20      0.00      0.00      1.80      0.00      0.00
24      0.00      4.80      0.00      0.00      0.00      0.00     10.00      0.00      0.00      6.80      0.20      0.00
25     19.40      0.00      0.00      0.00      0.00      0.00      2.20     21.40      0.00      1.80     26.80      0.00
26      0.00      0.00      0.00      1.20      0.00      0.00      0.40     23.20      0.00      3.40      0.00      0.00
27      0.20      0.00      0.00      0.00      0.00      0.00      0.20      3.20      0.00      0.00      3.00      2.60
28      0.80      0.00      0.00      0.00      0.00      0.00      0.40      0.00      0.00      0.60     27.00      2.20
29      0.60    -99.00      0.60      1.80      0.00    -99.00      0.00      3.60      0.00      8.80     38.60      3.60
30      0.20    -99.00      0.00      1.40      0.00    -99.00      0.00      0.00      0.00      0.20     15.80      0.00
31      0.00    -99.00      5.40    -99.00      0.00    -99.00      0.00      0.00    -99.00      0.00    -99.00      0.00
2014
01      0.00      0.20      0.00      0.00     23.80      0.00      0.00      2.00      3.00      0.00      7.60      1.00
02      0.00      0.00      0.00      0.00      0.00      0.00      0.00      0.00      0.00      0.00      5.40     90.60
03      0.20      0.00      0.00      0.00      0.00      0.00      0.00      0.00      0.00      0.00      4.20      5.80
04      0.00      0.00      0.00     15.60      2.40      0.00      0.00      0.00      0.00      0.20      5.40      8.60
05      0.00      0.00      0.00      0.00      0.00      0.00      0.00      0.00      0.00     20.80      7.20    202.40
06      0.00      0.00      0.00      0.00      1.80      0.00      0.00      0.20      0.00      8.00      6.20     31.80
07      0.00      0.00      0.00      0.80      0.00      0.00      0.00      0.00     52.40     42.60      2.80     33.80
08      0.00      0.00      0.00      0.20      2.80      0.00      0.40      0.00      0.20      0.00      2.20     60.00
09      0.20      0.20      0.00      0.00      0.00      0.00      2.40      0.00      0.00      1.20      2.20     32.00
10      0.20      9.60      0.00      0.00      0.00      0.00      0.00      0.00      0.00      0.00      2.20      3.20
11      0.00      3.60      0.00      0.00      0.00      0.00      0.00      0.00      4.00      0.00      2.20     11.20
12      1.80      0.00      0.00      0.00      0.00      0.00      0.00      0.00      0.00     50.40      2.20     10.00
13     28.00      0.00      0.00      0.00      0.00      0.20      0.00      0.00      0.00      6.20      2.00     51.20
14     52.40      0.00      0.00      0.00      0.00      0.00      0.00    -99.00      0.00      0.80      2.20      8.20
15      0.00      0.00      0.00      0.00      0.00      0.00      0.00    -99.00      0.00     26.80      2.00      0.00
16      0.40      0.00      0.00      0.00      5.20      0.00      0.00    -99.00      0.00      0.40      2.00      2.00
17     14.00      0.00      0.00      0.00      0.00      0.00     44.00      0.00      0.00      0.00      1.60     11.00
18     12.40      0.00      0.00      0.00      0.00      0.20      2.00      0.00      0.00      1.80      1.60     16.60
19      1.20      0.00      0.00      0.00      0.00      0.00      0.00      0.00      0.00      0.00      1.60      8.20
20      0.60      0.00      0.00      0.00      0.00      0.00    -99.00      2.00      0.00      8.40      1.60      7.40
21      2.20      0.00      1.40      0.00      0.00      0.00      0.00      4.00      1.20      3.20      1.40      5.40
22      0.00      0.00      7.60      0.00      0.00      0.00      0.00      0.40     36.60     38.80      1.40     14.20
23      0.00      2.00      0.00      0.00      0.00      0.00      0.20      0.00      0.00     20.80      1.60      1.40
24      0.00      0.00      0.00      0.00      0.00      0.00      0.00      0.00     83.60     23.60      1.40     25.60
25      0.00      0.00      0.00      0.00      0.00      0.00      0.00      0.00     36.20     18.60      1.40     18.20
26      0.00      0.00      0.00      0.00      0.00      0.00      0.00      8.60      0.00     21.60      1.40      2.20
27      0.00      0.00      0.00      0.00      0.00      0.00      3.20      0.00      0.00     39.20      1.20     10.20
28      0.00      0.00      0.00      0.00      0.00      0.00      9.00      1.20      2.60     35.00      1.20     52.00
29      0.00    -99.00      0.00      0.00      0.00     46.00      1.80      8.00      0.20     22.60      1.00     51.00
30      0.20    -99.00      0.00      0.60      0.00      0.20     20.80     77.40     11.00     13.20      1.00      0.00
31      1.20    -99.00      0.00    -99.00      0.00    -99.00      0.00     21.20    -99.00      8.60    -99.00      0.20
2015
01      0.20      0.00      0.00      0.00      0.00      0.00      0.00      0.60      0.00      2.20     68.80      2.80
02      2.80      0.80      0.00      0.00      0.00      0.00      0.00      1.40      0.00     47.60      1.60      0.00
03      0.00      0.00      0.00      0.00      0.00      0.00      0.00      0.20      0.00      3.80      0.40      0.00
04      7.40      0.00      0.00      0.00      0.00      0.00      0.00      0.00      0.00      0.00     36.20      0.00
05      0.00      5.20      0.00      0.00      0.00      0.00      0.00      0.00      0.00     27.00     96.20      0.00
06      0.00      0.00      0.00      0.00      0.00      0.00      3.20      0.60      0.00     20.00     22.60     11.20
07      2.40      0.00      0.00      0.00      0.00      0.00      0.00      0.00      0.00     12.00      3.00    108.00
08      2.20      1.60      0.00      0.00      0.00      0.00      1.80      0.00      0.00      0.00      3.00     28.80
09      0.00      0.00      0.00      0.00      0.00      0.00      0.00      0.20      0.00      0.00      0.20      0.00
10      4.00      0.20      0.00      0.00      0.00      0.00      4.20      0.00     18.60     65.20      0.80      0.00
11      1.60      0.00      0.00      0.00      0.00      0.00      0.00      0.00      3.60     78.20     13.00     11.00
12      0.00      0.00      0.00     63.40      0.00      0.00      0.00      4.40     15.40    133.80      2.20      1.00
13      0.00      0.00      0.00      0.20      0.00      0.00      0.00      0.00     49.80      6.40      0.00      0.00
14      0.00      0.00      0.00      0.00      0.00      0.00      2.20      0.00    207.60     73.60      0.00      0.00
15      0.00      0.00      0.00      0.00      0.00      0.00      0.00      0.00     17.60     63.20     43.40      6.40
16      0.00      0.00      0.00      0.00      0.00      0.00      0.00      0.00     26.20      0.00      0.20      7.20
17      5.00      0.00      0.00      0.00      0.00      0.00      0.00      0.00      6.60      0.20      0.00     21.60
18      3.80      0.20      0.00      0.00      0.00      0.00      0.60      0.00      0.00      0.00      0.00      7.40
19      0.00      0.00      0.00      0.00      0.00      0.00      5.40      0.00      0.00      0.00      0.00      9.20
20      0.00      0.00      0.00      0.00      0.00      2.20      0.00      0.00      0.00      0.00     12.60     24.60
21      0.00      0.00      0.00      0.00      0.00     25.80      0.00      0.00      0.00      0.00      4.00     47.80
22      0.00      0.00      0.00      0.00      0.00      4.80      0.20      1.00      0.00      0.00      4.40     11.40
23      0.00      0.00      0.00      0.00      0.00      1.60      0.00      3.00      0.00      0.00      4.00      0.00
24      0.00      0.00     38.80      0.00      0.00      0.00      0.00     13.00      0.00      0.00      0.00      0.00
25      0.00      0.00      1.20     25.00      0.00      0.00      0.00      0.00      0.00      0.60      0.60      0.00
26      0.00      0.00     10.40      0.00      0.00      0.00      0.00     24.20      0.00      4.80      7.20      0.40
27      0.00      0.00     30.40      0.00      0.00      0.00      0.00      1.40      0.00      0.00      5.20      0.00
28      0.00      0.00      0.60      0.00      0.00      0.00      3.80      0.00      0.80      0.00      7.40      0.00
29      0.00    -99.00      0.00      0.00      0.00      0.00      0.40      0.00      2.40      0.00      0.00      3.20
30      0.00    -99.00      0.00      0.00      0.00      0.00      9.60      0.80      1.20      0.20      0.00      0.00
31      0.00    -99.00      0.00    -99.00      0.00    -99.00      2.00      0.20    -99.00     39.80    -99.00      0.00
2016
01      0.00      0.00      0.00      0.00      0.00      0.00      0.00      0.00      0.00     32.20     66.60      0.00
02      0.00      0.00      0.00      0.00      0.00      0.00      0.00      0.00      0.00      0.00      0.40      0.40
03      0.00      0.00      0.00      0.00      0.40      0.00      0.00      0.00      0.00      0.00      1.00      0.00
04      0.00      0.00      0.00      0.00      0.00      1.60      5.00      3.00      3.00      0.00      0.20      0.00
05      0.00      0.00      0.00      0.00      0.20      0.00    -99.00      0.00      1.40      0.60     15.40      0.00
06      0.00      0.00      0.00      0.00      0.00      1.60    -99.00      0.00     11.20      5.00      0.40      0.00
07      0.00      0.00      0.00      0.00      0.00      1.00      0.00      0.00     24.40      3.20     11.20      0.00
08      0.00      0.00      0.00      0.00      0.00      0.00    -99.00      0.00      0.00      0.40      0.00      0.00
09      0.00      0.00      0.00      0.00      0.00      0.20      0.00      0.00      0.00      1.00      0.00      0.00
10      0.00      0.00      0.00      0.00      0.00      0.00      0.00      0.00      0.00      0.60      0.40      0.00
11      0.00      0.00      0.00      0.00      0.00      0.20      0.00      0.00     30.60     20.80     12.20      0.00
12      0.00      0.00      0.00      0.00      0.00      0.00      0.20      0.00    244.00      0.00      0.00      0.00
13      0.00      0.00      0.00      0.00      4.40      0.00      0.00      1.00     36.60      0.00      0.00      0.00
14      0.00      0.00      0.00      0.00      0.00      0.00      0.00     18.80      0.80      0.00      0.00      0.80
15      0.00      0.00      0.00      0.00      0.00      0.00      0.00      3.20      0.00      0.00      0.00      8.60
16      0.00      0.00      0.00      0.00      0.00      0.00    -99.00      1.40      0.00      0.00      1.00      3.00
17      0.00      0.00      0.00      0.00      0.00      3.80      0.00      0.00      0.00      0.00      7.00      0.00
18      0.00      0.00      0.00      0.00      0.00      0.00    -99.00      1.60     16.20      0.00      1.40      1.00
19      0.00      0.00      0.00      0.00      0.00      0.00      0.00      1.00      4.40      0.00      0.00     18.20
20      0.00      0.00      0.00      0.00      0.00      0.00      0.00      0.00     60.40      0.00      0.00      0.20
21      0.00      0.00      0.00      0.00      0.20      0.00      0.00     14.20      8.80      0.00      0.00      6.20
22      0.00      0.00      0.00      0.00      0.00      0.00      0.00     34.80    129.00      0.00      0.00      2.40
23      0.00      0.00      0.00      0.00      0.00    -99.00      0.00      3.40      4.20      1.20      0.00      2.20
24      0.00      0.00      1.20      0.00      5.40      0.00      0.00     36.00      5.60      0.20      0.00     20.80
25      0.00      0.00     16.00      0.00      0.00      0.00      0.00      0.00     18.00     22.40      6.20      0.00
26      0.00      0.00      1.60      0.00      0.00      0.00      0.00      0.60     15.80     19.00      0.00      0.00
27      0.00      0.00      0.00      0.00      0.00      0.00      2.40     12.60      0.00      0.20      0.00      0.00
28      0.00      0.00      0.00      0.00      0.00      0.00      0.00     34.20      0.00      0.00      0.00      0.00
29      0.00      0.00      0.00    -99.00      0.00    -99.00    -99.00     75.20      0.00      1.40      0.00     50.00
30      0.00    -99.00      0.00      0.00      0.20      0.00      0.00      0.20     13.40      5.00      0.00     35.60
31      0.00    -99.00      0.00    -99.00      0.20    -99.00      0.00      0.00    -99.00     37.60    -99.00    454.80
2017
01     52.60     53.80      0.00      0.00      0.00      0.00      0.00      0.00      0.00      0.40     29.20      0.00
02      4.20      0.00      0.00     11.80      0.00      0.00      0.00      0.00      0.00     93.80      0.00     12.60
03      3.80      0.00      0.00      0.40      0.00      0.00      0.00      0.00      0.00     42.20     34.00      3.00
04      0.00      0.60      0.00      0.00      0.00      0.00      0.00      0.20      0.00      6.80    150.00      1.40
05      0.00      0.00      0.00      0.00      0.00      0.00      1.40      0.60      0.00      0.00     99.40      0.20
06      0.00      0.00      0.00      0.00      0.00      0.00      4.60      0.40      0.00     38.00    108.00      0.00
07      0.00      0.00      0.00      0.00      0.00     52.00      0.00      0.00      0.00     36.20     27.20      1.00
08      0.00      0.00      0.00      0.00      0.00     29.60      0.00      0.00      0.00      5.80     67.80      2.40
09      0.00      0.00      0.00      0.00      0.40      0.00      0.20      0.00      0.00     28.20      0.20      0.00
10      0.00      0.00      0.00      0.00      0.20      0.00      0.00      0.00      0.00      7.20      0.00      0.00
11      0.00      0.00      0.00      0.00      0.00      0.20      8.20      0.00      0.00      1.20      3.80      4.60
12      0.00      0.00      0.00      0.00      0.00      0.00      2.60      0.00      0.00     27.00      0.00      0.00
13      0.00      0.00      0.00      1.80      0.00      0.00      0.20      0.00      3.80     43.60      0.00      0.00
14      0.80      0.00      0.00      1.80      0.20      0.00      8.20      0.00    185.60      4.00      0.00      2.20
15      3.40      0.00      0.00      0.00      0.00      0.00      3.00      0.80      8.80      0.80      7.80      0.80
16      0.00      0.00      0.00      0.00      7.60      0.00     27.40      0.00      0.00      0.00      0.00      7.40
17      0.00      0.00      0.00      0.00      0.00      0.00      0.20      4.40      0.00      0.00      0.00     24.80
18      0.00      0.00      0.00      0.00      5.00      0.00      9.00     32.80      0.00     14.80      0.00     20.20
19      0.00      0.00      0.00      0.00     11.40      0.00      0.20     16.60      0.00     35.20     23.40      0.00
20      0.00      0.00      0.00      0.00      2.00      0.00      0.00      0.00      0.00     59.80     13.80      0.00
21      0.00      0.00      0.00      0.00      0.20      0.00      0.00     14.20      3.20      0.00     21.40     14.40
22      0.00      0.00      0.00      0.00      0.00      0.00      0.00      0.00      2.00      1.20     74.60      1.20
23      0.00      2.20      0.00      0.00      0.00      0.00      0.80      0.00      8.00      4.60      7.80      2.60
24      0.00      1.00      0.00      0.00      0.00      0.00      7.00      0.00      0.00      3.00     56.80      0.40
25      0.00      0.40      0.00      2.60      0.20      0.00     39.40     20.40      0.00      5.80      9.20      3.40
26      0.00      3.60      0.00      0.20     18.80      0.00      1.00    112.00      0.00      0.00      2.80    102.00
27      0.00      0.00      0.00      0.00      0.00      0.00      6.00     18.80     15.60      3.80      0.80     47.20
28      0.00      0.00      0.00      1.60      0.00      0.00      3.80      0.20     59.40      0.00     27.40     12.20
29      0.00    -99.00      0.00     13.80     10.00      0.00      0.00      0.00      4.20      0.00      3.40      2.20
30      0.00    -99.00      0.00      0.00      0.00      1.40      0.00      1.20      0.60      7.20      0.00      2.60
31      2.80    -99.00      0.00    -99.00      0.00    -99.00      0.00      0.20    -99.00     88.40    -99.00      1.00
2018
01      0.00      0.00      0.00      0.00      0.00    -99.00      0.00      0.00      0.00    144.20      0.00     12.00
02      1.00      0.20      0.00      0.00      0.00    -99.00      0.00      0.00      0.60     17.00      0.00     10.60
03      9.20      0.40      1.20      0.00      0.00    -99.00      0.00      0.00      0.00     92.20      0.00      0.00
04      3.00      0.00      0.00      0.00      0.00    -99.00      0.00      0.00      0.00     68.60      2.00      1.00
05      5.40      8.60      0.00      0.00      0.00    -99.00      0.00      0.20      0.00      0.00      1.00      0.00
06      0.00      0.00      0.00      0.00      1.40    -99.00      0.00      0.00      0.00      0.00      6.40      0.20
07      0.00      0.00      0.00      1.00      0.00    -99.00      0.00      0.20      0.00      0.00      8.80      2.60
08      0.00      0.00      0.20      0.60      0.00    -99.00      0.00      3.20      7.80      0.00      0.00      0.20
09      0.80      0.00      1.20      0.00      0.00    -99.00      0.00     25.60      0.60      0.00      3.40    160.80
10      0.00      0.00      0.00      0.00      0.00    -99.00      0.00      0.20      2.60      2.60      0.00     64.80
11      2.80      4.80      1.40      0.00      0.00    -99.00      0.00      0.00      0.00     15.60     14.40     17.20
12     62.60      0.00      0.20      0.00      0.00    -99.00      0.00      0.00      2.20     27.40      0.00      1.20
13     45.80      1.00      0.00      0.00      0.00    -99.00      0.00      0.00      7.20     33.00      0.00      2.80
14     16.20      0.00      2.60      0.00      0.00    -99.00      0.00      1.80     15.40     12.60      0.00     14.20
15      0.00      0.00     17.00      0.00      0.00    -99.00      0.00      0.00     17.80      0.00      0.00     10.20
16      0.00      0.00      0.00      0.00      0.00    -99.00      0.00      0.00      0.00      0.00      0.00      4.40
17      0.00      0.00      0.00      0.00      0.00    -99.00      0.00      0.00      0.00      0.00      0.00      3.20
18      0.00      0.00      0.00      2.00      0.00    -99.00      0.00      0.00      0.20      0.00      0.00      1.00
19      2.00      0.00      0.00      0.00      0.00    -99.00      0.00     13.80     17.80      2.00      0.00      3.80
20      1.20      0.00      0.20      0.00      0.00    -99.00      0.00      0.00     35.20     17.00      0.00      0.00
21      0.00      0.00      0.60      0.00      0.00    -99.00      0.00      0.00     14.20      0.60      0.00      0.00
22      1.00      0.00      0.00      0.00      0.00    -99.00      0.20      0.00      1.60     35.40      1.20      0.00
23      0.20      2.00      0.00      0.00      0.00    -99.00      0.00      0.00      4.40      2.00      0.20      0.00
24      0.60      0.00      0.00      0.00      0.00    -99.00      0.00      0.00      0.00     11.00      1.20      5.60
25      0.00      0.00      0.00      0.00      0.00    -99.00      0.00      0.00      0.00      0.00     38.40      5.20
26      0.40      0.00      0.00      1.00      0.00    -99.00      0.00      0.00      0.00      0.40     18.80     19.00
27     16.40      0.00      0.00      0.00      0.00    -99.00      0.00      7.00      0.00      4.40     73.20      7.60
28      0.00      0.00      0.00      0.00      0.00    -99.00      0.80      0.20      0.00     13.40    163.60      0.40
29      6.00    -99.00      0.00      0.00      0.00    -99.00      0.00      0.20      2.00      0.00      3.00      4.80
30      0.00    -99.00      0.00      2.60      0.00    -99.00      0.00      0.00      9.60      0.00     14.80     22.40
31      0.40    -99.00      0.00    -99.00      0.00    -99.00      0.00      0.00    -99.00      0.00    -99.00     60.00
