DauMau              
   106.92000       16.790001              25
2011
01      0.00      0.60      0.00      0.00      0.00      0.00      0.00     15.60      0.00     47.40      8.60     10.00
02      0.00      0.40      0.00      0.00      0.00      0.00      0.00      0.00      0.00      8.00      8.00      2.40
03      0.00      0.00      0.00      0.00      0.00      0.00      0.00      4.80      0.00     66.20      3.20      4.40
04     32.40      0.00     15.60      0.00      0.00      3.00      0.00      0.00      0.60     33.00     22.40      0.00
05      8.00      0.00      0.00      0.00      0.00      0.00      0.00      0.00      0.40      0.40     67.80      4.20
06     11.00      0.00      0.00      0.00      0.00      1.60      0.00      0.00      0.00      0.00     11.00     14.80
07     35.00      0.00      9.80      0.00      0.00      0.00      0.00      0.00      0.00     19.40     69.20      3.00
08      3.00      0.00      3.80      0.00      0.00      0.00      0.00      0.00      5.40      5.80     75.40     26.20
09     35.60      0.00      4.60      0.00      0.00      0.00      3.60      0.00      1.20    183.60     15.60     31.60
10      7.20      0.00      2.80      0.00      0.00      0.00      2.80      0.00     97.00     45.40      1.20     30.00
11      2.80      0.20      1.00      0.00      0.00      0.00      0.00      5.60     13.80     16.00      0.00      0.00
12      0.40      0.00      0.00      0.00      1.60      0.00      0.00      0.00     36.40    109.40      0.00      0.00
13      0.00      0.20      0.00      0.00      0.00      4.80      0.00      0.00      7.80      1.00      0.00      0.00
14      0.00      6.20      0.00      0.00      0.00      0.00      1.20      0.00      0.20     17.00      5.40      0.00
15      0.00      0.00      0.60      0.00      0.00      0.00      1.60      0.00      0.00     55.00      0.00     38.40
16      0.40      0.00      5.00      0.00     97.40      0.00      0.00      2.60      0.00    177.80      0.00     51.40
17      0.00      0.60     14.40      0.00     23.00      0.00      0.00      0.60      0.20    154.40      0.00     42.80
18      1.80      1.20      0.20     24.20      0.00      0.00      0.00      0.20      0.00     19.40      0.00     19.20
19      0.20      1.00      0.00      3.40      0.00      0.00      0.00      7.40      0.60     16.60      0.00      6.40
20      0.60      1.60      0.00      2.00      3.00      0.00      0.00      0.20      6.60      0.60      0.00      2.60
21     13.20      0.20      0.00      0.00      0.00      0.00      0.00      0.00      9.00     12.60     10.80      0.20
22      0.20      1.00      7.60      0.00      0.00      0.00      0.00      0.00    105.80      0.00      1.20     29.60
23      2.60      0.60      5.40      0.00      8.20      0.00      0.00      0.00     88.00      0.00      0.00     21.40
24      6.20      0.00      7.00      5.40      0.00      1.00      0.00     41.60      2.00     11.00      1.60      4.40
25      0.40      0.00     21.60      3.80      0.00      0.00      0.00      0.00     36.60      3.00      7.00      4.40
26      8.40      0.00      5.40      0.00      0.00      0.00      0.00      0.00     84.20      2.20     55.40      1.20
27      1.80      0.00      8.80      4.40      0.00      0.20      0.00      2.80    218.00      0.00     93.40      0.60
28     16.60      0.00      5.40      0.20      0.00      0.00      0.00      0.00      0.00      0.00      0.00      3.60
29     22.80    -99.00     10.40      0.00      0.00      0.00      0.00      0.00      3.00      0.00      0.00      0.20
30      8.60    -99.00     11.40      0.00      0.00      0.00      2.40      0.00      9.80      5.80      0.00     10.80
31      4.80    -99.00      5.60    -99.00      0.00    -99.00     11.40      0.00    -99.00      2.20    -99.00      7.40
2012
01      6.80      0.40      0.60      0.00      0.00      2.80      0.00      0.20      0.00     10.80     22.40      0.00
02      2.60      0.60      0.60      0.00      0.00      0.60      0.00      0.00      6.60      2.00      0.00      0.00
03      0.00      1.60      0.40      0.00      0.00      4.20     27.00      0.00     20.20      0.00      0.00      9.40
04     23.00      0.00      0.00      0.00      0.00      0.00      1.80      0.00     55.40      0.00      0.00      0.00
05      3.40      0.00      0.00      8.20      0.00      0.00      5.20      0.00     75.60      0.00      1.40      4.00
06      0.20      0.00      0.00      0.00      0.00      0.00      0.00      0.00      7.80     23.60      1.20      0.80
07     11.80      0.80      0.00     57.60      0.00      0.00      0.00      0.80      0.40    115.60      3.60      0.00
08     10.20      1.00      0.80      0.00      0.00      0.00      0.60      0.40      0.00     50.60      0.00      0.00
09     13.60      0.00      0.60      0.00      0.00      0.00      0.00      1.20      0.40      0.20      0.00      0.00
10      1.60      0.00      2.60      2.20      0.00      0.00      0.00      0.40      4.00      0.80      0.00      0.00
11     18.00      0.40      5.00      0.00      0.00      0.00      0.00      0.00      1.20      0.20      3.60      0.00
12      3.20      0.00      3.60      0.00      8.80      0.00      0.00      0.00      1.20      0.00     29.60      2.00
13      3.60      0.00      2.60      0.00      0.00      0.00      0.00      0.00      0.00      0.00     12.80      3.60
14      0.00      0.00      0.40      0.00      0.40      0.00      0.00      0.00    101.20      0.00      2.20      0.80
15      0.60      0.00      0.00      0.00      0.00      7.40      0.00     17.20    155.40      0.00     21.40      0.00
16      0.00      0.00      0.00      0.00      0.20     38.60      0.00      0.00     28.20      0.00     19.80      0.00
17      0.40      3.80      1.00      0.00      0.00      0.20      0.00      0.00      2.60      0.00    111.40      0.00
18      1.20     20.20      0.20      0.00      0.60      2.20      0.00      0.00      3.80      0.00      1.40     21.40
19      0.20     29.00      0.00      0.00      0.00      0.00      0.00      0.00      0.00      0.00      8.40     39.40
20      0.00      0.80      0.00      0.00      0.00      0.00      0.00      0.00      0.00      0.80      2.20      0.00
21      0.00      0.00      0.00     17.20      0.00      0.00      0.00      0.00      0.00      0.20      0.00      0.00
22      4.80      0.00      0.00      0.00      3.00      1.20      0.00      0.00      0.00      0.00      0.00      0.00
23      3.40      0.00      2.20      0.00      0.00      0.00      5.80      2.80      0.00      0.00      0.00     95.40
24      1.00      0.00      0.80      0.00      0.00      0.00      3.20      8.40      0.00      0.00      0.00     31.80
25      3.40      0.00      0.00      0.00      0.00      0.00      0.00      0.40      0.00      0.00      0.00      0.60
26      0.60      0.80      0.00      0.00      4.80      0.00      0.00      0.00     42.60     27.00      0.00     34.60
27      0.60      2.40      0.00      0.00     51.40      0.00      0.00      0.00     43.80     55.40      3.20      5.00
28      0.00      1.80      0.00      0.00      6.40      0.00      0.00      0.60     44.80     24.20      0.00     10.40
29      1.80      0.00      0.00      0.00      1.00      0.00      0.00      0.00     11.80      0.00      0.20      8.60
30      6.40    -99.00      0.00      0.00     58.40      0.00      0.20      0.00      6.60      0.40      0.00     15.40
31      8.20    -99.00      0.00    -99.00     40.40    -99.00      0.00      0.00    -99.00      4.40    -99.00      6.80
2013
01      0.00      0.00      0.00      0.00      8.20      0.00     99.20      0.00      0.00      3.20      0.20     14.40
02      0.00      0.00      0.00      0.20      5.40      0.00      0.00     11.00      0.00     45.60      0.00      0.00
03      0.00      0.00     65.40      0.00      0.00      0.00      0.00      3.00      0.00     11.80      0.00      0.20
04      2.20      0.00     13.20      0.00      0.00     10.00      0.00      0.00      0.00      9.20      1.00      3.00
05      0.80      0.00      0.40      0.00      0.00      0.00      0.00      0.00      4.00      0.00    111.80      0.40
06      4.20      0.00      1.00      0.00      0.00      5.20      0.00      0.00     28.20      0.00      4.60      0.20
07      0.40      0.00      0.00      2.40      1.40      0.00      0.00     25.40     14.80      0.00      0.80      0.00
08      0.40      0.00      0.00      0.00      0.00      0.00      1.40      1.60      1.60      0.00      0.20      0.00
09      7.00      1.80      0.40      0.60     10.40      0.00      7.00      6.40     18.20      0.00      0.20      0.00
10      0.00      1.20      0.00      0.80     12.20    139.00      0.00      0.20     52.60      0.00     48.00      0.00
11      0.20      0.00      0.00     18.60     11.40     29.60      0.00      1.80      4.60     24.80      0.00      0.00
12      0.00      0.00      0.20     34.20      0.00      0.00      0.00     10.60     16.80      5.40      0.00      0.60
13      0.00      0.00      3.20      7.40      0.00      0.00      0.60      0.00     44.60      0.00      0.20      0.00
14      0.00      0.00      0.00      0.20      0.00      0.00      0.00      0.00      0.00     37.20     11.80      0.80
15      0.00      0.00      0.00      0.00      0.00      0.00      1.80      0.00      0.00    108.20    113.60     20.20
16      0.20      1.20      0.00     25.20      0.00      0.00      0.00      0.00     10.00      4.60     73.20     17.60
17      0.00      0.00      0.00     19.80      0.00      0.00      0.00      0.00     12.20     44.20    109.40      3.80
18      0.80      0.00      0.00     11.80      0.00      0.00      0.00      0.00    214.00     50.40     24.20      6.20
19      1.80      0.00      0.20      0.00      0.00      0.00      6.20      0.00     29.40     15.60      1.60      0.00
20      0.00      0.00     39.00      0.00      0.00      0.00     61.20      0.40    262.80      3.20      8.60      0.00
21      0.00      0.00      0.00      0.00      0.00      0.00      0.00      0.00      0.00     57.40     15.00      0.00
22      0.00      7.80      1.00      0.00      2.00     12.60      1.60      0.00      0.00     31.80      0.80      0.00
23      0.00     19.40      0.00      0.20      0.00      2.00      8.60      0.00      0.00    195.40      2.00      0.00
24      0.00      4.40      0.60      0.00      0.00      0.00      0.00      0.00      0.00      0.00      0.00      0.00
25      0.40      0.80      0.00      1.40      0.00      5.40      0.20      0.00      0.80      1.20     49.40      0.00
26      0.00      0.00      0.00      0.60      0.00      0.00      0.00      1.00     99.40      0.20      1.60      0.00
27      0.80      0.00      0.00      0.00      0.00      0.00      0.80      0.00     81.80      0.40      0.20      0.00
28      0.00      0.00      0.00      0.00      0.00      0.00     15.00      0.00     54.60      0.00     51.20      8.20
29      0.00    -99.00      0.00      7.40      0.00      0.00      1.40      0.00      1.60      2.40     24.20      2.80
30      0.00    -99.00      0.00      0.00      0.00      0.00      0.00      0.00     88.20      9.80      6.20      0.00
31      0.00    -99.00      0.40    -99.00      0.00    -99.00      0.00      0.00    -99.00      0.00    -99.00      0.00
2014
01      0.00      0.00      0.00      7.40      1.00      0.00      0.00      0.00     38.20      0.00      4.00     16.20
02      0.00      0.00      0.00      0.00      0.00      0.00      0.00      0.00      3.40      0.00      0.00    190.60
03      0.00      0.00      0.00      0.00      0.00      0.00      0.00      0.00      0.00      0.00    153.80     46.00
04      0.00      0.00      0.40     28.60      0.60      0.00      0.00      0.00      0.00      3.00    121.40      4.00
05      0.00      0.00      1.40      0.00      0.20      0.00      0.00      0.40      0.00     20.40      0.40      7.80
06      0.00      0.00      0.40      0.00      0.00      0.00      0.00      0.00      0.00    146.80      0.20      1.00
07      0.00      0.00      0.20      0.00      0.80      0.00      0.00      0.00      0.00     11.00      0.00     27.20
08      0.00      0.00      0.00      1.40     30.40     13.00      0.00      0.00      0.00      0.80      1.40      3.40
09      2.40      0.20     12.20      0.00      0.40      0.00      0.00      0.00      0.00      0.20      2.00      1.60
10      4.60      6.20      0.80      0.00      0.00      0.00      0.00      0.00      0.00      0.00      0.20      5.60
11      0.60      4.60      0.00      0.00      0.00     10.40      0.00      0.00      0.00      0.00      2.00      0.00
12      3.00      1.00      0.20      0.00      2.00      8.40      0.60      0.00      1.00     13.40     36.60      3.60
13     11.40      3.00      0.00      0.00      0.00      1.00      0.00     12.00      0.00      8.00     66.00     34.20
14      2.40      4.00      0.80      0.00      0.00      0.00      0.00    -99.00      0.00      5.00      7.60      0.40
15      0.00      0.00      2.80      0.00      0.00      0.00      0.00    -99.00      0.00      7.80      2.40      0.60
16      0.00      0.00      1.80      0.00      2.20      0.00      0.00    -99.00      9.00      0.40      0.00      7.60
17      0.80      0.00      0.60      0.00      0.00      0.00      0.00      0.00      0.00     21.80      5.60      2.60
18      0.00      1.40      0.00      0.00      0.00      0.00      0.60     64.80      0.00      9.20      3.60      0.80
19      0.00     11.20      0.00      0.00      0.00      0.00      0.00      0.00      0.00      0.20      4.40      0.40
20      2.40      0.20      0.20      0.00      0.00      0.00    -99.00      0.60      0.00      8.40      3.00      0.00
21      0.00      0.00     17.60      0.00      0.00      0.00      0.00      0.40      0.00      1.20      0.20      1.40
22      5.40      0.00      2.60      0.00      0.00      0.00      0.00      0.00      0.00     25.80      0.00      4.00
23      0.00      0.00      0.20      0.00      0.00      0.00     11.80      0.00      6.00     71.00      2.00      0.00
24      0.00      0.00      0.00      0.00      0.00      0.00      0.00      0.00      1.20     31.40      3.40      0.40
25      0.00      0.00      0.00      0.00      0.00      0.00      0.00     30.80     44.40     13.00      0.00      0.20
26      2.40      0.00      0.00      0.00      0.00      0.00     28.00     33.60      0.00     30.80      0.00      2.40
27      0.20      0.00      0.00      0.00      0.00      0.00      0.00      6.20      0.00      3.40      0.00     14.40
28      0.00      0.00      0.00      0.00      0.00      6.80      0.00      7.00      0.00     15.00      0.00     40.00
29      0.00    -99.00      0.00      0.00      0.00     10.40      3.00      0.00      0.80      0.00      0.00      0.00
30      0.20    -99.00      0.00      0.00      6.80     11.40      1.60      9.20      0.20      0.20      6.40      0.00
31      0.00    -99.00      0.00    -99.00      0.00    -99.00      5.40     16.40    -99.00     32.20    -99.00      0.00
2015
01      0.00      0.00      0.00      0.00      0.00      0.00      0.00     11.40      0.60      0.00     92.80      0.40
02      4.80      2.20      0.00      6.40      0.00      0.00      0.00      3.60      0.00     11.80      8.80      0.00
03      3.80      1.20      0.00      0.00      0.00      0.00      0.00      0.20      1.80     18.20      8.60      0.00
04      0.00      0.00      0.00      0.00      0.00      0.00      0.00      5.20      0.00      0.00     12.20      0.20
05      0.00     16.60      0.00      0.00      0.00      3.80      3.20      0.00      0.00      1.20     95.20      1.20
06      0.00     32.00      0.00      0.00      0.00      0.00     32.00      0.00      0.00      0.60     59.80     22.80
07      5.00      0.00      0.00      0.00      0.00      0.00      0.00      0.00      0.00      0.20      0.00     26.80
08      0.00     10.60      0.00      0.00      0.00      0.00      0.00      0.00      0.00     19.80      0.60      1.40
09      7.20      0.20      0.00      3.80      0.80      0.00      0.00      0.00      0.00      2.00      0.00      0.00
10      2.80      0.00      0.00      0.20      0.00      0.00      0.00      0.00      9.00      0.00      1.20      0.00
11      1.40      0.00      0.00      3.00      0.00      0.00      0.40      0.00      3.00      0.00      0.00      0.00
12      1.40      1.60      0.00     10.20      6.40      0.00      8.40      1.20      0.60      0.00      0.00      0.00
13      0.00      0.00      0.00      1.40      0.00      3.60      1.40      0.00     22.00     66.00      0.00      0.00
14      0.00      0.00      0.00      0.20      0.00      0.00      0.00      0.00    101.60    122.20      0.40      0.00
15      0.00      0.00      0.00      0.00      0.00      0.00      0.00      0.00     69.20     56.00      0.00    137.20
16      0.00      0.00      0.00      0.00      0.00      0.00      0.00      0.00     31.40      0.20      0.00     26.20
17      2.00      0.00      0.00      0.00      9.00      0.00      2.20      0.00      1.60     10.60      0.00     31.80
18      9.00      0.00      0.00      0.00      0.00      0.00      1.60      0.00      1.20      0.00      0.00      0.40
19     30.00      0.00      0.00      0.00      0.00      0.00     15.80      0.00      0.00      0.00      0.00      0.60
20      0.00      0.00      0.00      0.00      0.00      0.00      0.00      0.00      0.00      0.00     10.60      0.00
21      0.00      0.00      0.00      0.00      0.00      9.40      0.00      0.00      0.00      0.00     30.60      0.60
22      0.00     10.60      0.00      1.80      0.00     14.40      0.00      0.00      0.00      0.00     11.60      2.40
23      0.00      0.00      0.00     90.40      0.00     37.20      0.00      0.00     15.00      0.00     19.80      0.00
24      0.00      0.00      0.60      9.20      0.00      0.40      0.00      0.00      0.00      2.00      0.00      0.00
25      0.00      0.00      0.00      2.80      0.00      0.00      0.00      0.00      0.00      0.00      0.00      0.00
26      0.00      0.60      2.20      0.00      0.00      0.00      7.00     35.20      0.00      0.00     23.20      0.40
27      0.00      0.20      7.60      0.00      0.00      0.00      7.40      0.00      0.00      0.00    108.20      1.20
28      0.00      0.00      0.00     10.00      0.00      0.00     12.00      0.00      0.00      0.00     21.00      3.40
29      0.00    -99.00      0.00      0.20      0.00      0.00      4.60      0.00      0.00      0.00     16.60      4.20
30      0.00    -99.00      0.00      1.40      0.00      0.00     19.60      0.00      0.00      1.20      0.00      1.40
31      0.00    -99.00      0.00    -99.00      0.00    -99.00      3.20      0.00    -99.00      6.80    -99.00     67.00
2016
01     18.00     11.80      0.00      0.00      0.00      0.00      0.00      0.00      0.20      0.00     61.80     43.60
02      0.60     10.60      1.60      8.80      0.00      0.00      0.00      0.00      0.00     31.00     20.40     29.80
03      0.60      0.00      0.00      0.20      0.00      0.00      0.00      0.00      0.00     52.40      0.80     21.40
04      0.00      1.60      0.00      0.00      0.00      0.00      0.00      3.00     16.00      0.20     11.20     15.00
05      0.00      3.60      0.00      0.00      0.00      0.00     34.60      0.00      0.00      3.00      0.00      8.40
06      0.00      2.20      0.00      0.00      0.00      0.00     14.80      0.00      1.20     16.40     43.00      4.40
07      0.00      0.00      0.00      0.00      0.00      2.80      1.40      0.00      0.00      5.20      3.00     28.60
08      0.00      0.00      0.00      0.00      0.00      0.80      0.00      0.00      0.00      0.20     11.40      7.00
09      0.00      0.00      0.00      0.00      0.00      0.00      0.00      0.00      0.00      0.20      3.20      0.20
10      0.00      0.00      0.80      0.00      0.00      0.00      0.00      0.00      0.40      0.00     26.00      0.00
11      5.20      0.00      6.80      0.00      0.00      0.00      0.00      0.00     11.80     15.00      5.00     12.80
12      0.80      0.00      1.20      0.00      0.00      0.00      0.00      0.00     48.20      0.00      0.00      2.80
13      5.20      0.00      0.00      0.00     96.40      0.00      0.00      1.00     81.40     48.60      0.00     10.60
14      0.00      0.00      0.00      0.00      0.00      0.00      0.00     18.80      0.60    162.40      0.00    106.20
15      0.00      4.80      0.00      0.00      0.00      0.00      0.00      3.20      0.00     22.80      2.20    110.20
16      2.00      3.00      0.00      0.00      2.20     11.00      0.00      1.40      0.00     16.00      0.00     33.40
17      2.20      0.00      0.00      0.00      0.00      0.00      0.00      0.00      0.00      0.20      0.60      9.20
18      4.00      0.00      0.00      0.00     13.00      0.80      0.00      1.60     14.80      0.40     13.00      7.80
19      0.20      0.80      0.00      0.00      0.00      0.00      0.00      1.00      0.20      0.00      7.60     11.40
20      0.00      0.60      0.00      0.00      0.00      0.00      0.00      0.00     31.20      2.00      6.60      2.60
21      0.00      0.00      0.20      0.00      0.60      0.00     10.40     14.20     52.80      0.00     32.80      0.00
22      0.00      0.00      0.00     39.00      0.00      0.00      0.00     34.80    181.60      0.00     15.40     10.80
23     12.20      3.60      0.00     15.00     18.80      0.00      0.00      3.40     35.20      0.00     15.60     28.40
24     31.60     30.80      3.80      0.00      2.40      1.40      0.00     36.00     21.20      0.80     70.40      2.20
25     19.40     22.80      6.80      0.00      4.20      0.00      0.00      0.00      8.60      0.00      8.20      0.20
26      0.00      6.40      1.20      0.00      0.00      2.80      0.00      0.60      1.60     15.00     11.40      0.00
27      0.00      0.40      4.40      0.00      0.00     19.80      0.60     12.60      0.20      0.00      3.80      2.80
28      0.00      0.00      0.20      0.00      0.00     23.40      1.80     34.40      0.00      4.20      6.80     11.40
29      0.80      0.00      0.00      0.00      0.00     36.40      0.00      0.40      0.20     31.20     34.00     14.60
30      2.80    -99.00      0.00      0.00      0.80      0.00      0.00      0.00      0.20     24.60     23.60      6.40
31      1.00    -99.00      1.40    -99.00      0.20    -99.00      0.00      0.00    -99.00      6.00    -99.00     30.00
2017
01     45.20     30.60      5.60      2.60      0.00      0.00      0.00      0.80      0.00      0.00     17.80      1.20
02      6.60      1.60      6.40      2.80      0.00      0.00      0.00      0.00      0.00     24.20     26.60     42.60
03      0.40     17.00      0.00      0.00      0.00      0.00      0.00      0.00      0.00     10.80      0.00     26.00
04      5.20      0.00      0.00      0.00      0.00      0.00      0.00      0.00      0.00      3.80     15.00     18.40
05      0.60      0.00      0.00      0.20      0.00      0.00      0.00      0.00      0.60      0.00     45.00     26.60
06      0.00      0.20      0.20      0.20      0.00      0.00      0.00      0.00      0.00      0.60     33.40      0.00
07      0.00      0.00      0.00      0.00      0.00     32.40      0.00      0.00     29.80     10.20     73.40      0.00
08      0.00      0.00      1.80      0.00      0.00     26.80      0.00      0.00      0.00     62.20     59.20     17.00
09      3.80      9.80      0.00      0.00      0.00     10.60      0.00      0.00      0.00    200.00     20.80      4.40
10      0.20      7.00      0.00      0.00      0.00      0.00      3.40      0.00      0.00      5.20     25.00      0.00
11      0.40     22.80      0.00      0.00      0.00      0.00      0.00      0.00      0.00    123.00     16.80      1.80
12      1.00      9.40      0.00      4.20      0.20      0.00     14.00      0.00      0.00      7.20      0.00      0.00
13      2.40     10.20      0.00      4.20      1.00      0.00     11.20      0.00     29.60      6.20      0.00      0.00
14      5.80      0.80      0.60      0.00      0.00      0.00     11.00      0.00    245.00      0.00      9.40      0.20
15     18.00      1.40      0.20      0.00     12.40      0.00      3.60      0.00    115.60      3.20      2.60      5.00
16     16.00      0.00      2.00      0.00      3.60      0.00     68.20      0.00      0.00      0.00     52.40     41.20
17      1.20      0.40      0.20      3.40      0.00      0.00      3.80      0.00      0.00      0.40      0.00      0.80
18      0.00      0.00      7.60      0.20      0.00      0.00      0.40      5.40      0.00     32.00      0.00      0.00
19      0.00      0.00      0.00      0.00     32.20      0.00      0.00      0.00      0.00      0.40     31.80      0.00
20      2.00      0.00      0.00      0.00      0.20      0.00      0.00      0.00      0.00      0.00    356.20      0.00
21      0.00      0.00      1.80      0.00      0.00      0.00      4.00      0.00      0.00      0.20    179.20      0.00
22      8.60      0.00      0.00      0.40     11.40      0.00      0.00      0.00      0.00      0.00     84.40      0.00
23     11.20      0.60      0.00      0.00      0.00      0.00      1.00      0.00     19.00      0.20     47.40      2.20
24      2.20      8.40      0.00      2.60     13.00      0.00      0.00      0.00      0.80     41.00     43.20     16.60
25     17.40      8.60      0.40      0.00     38.20      0.00    187.80     20.60      2.20     12.60      2.40      0.60
26      1.00     10.00      9.80      1.40      1.80      6.20      5.80     31.60      0.00      7.40      4.00     13.20
27      0.00      2.20      9.60      2.40      3.60      0.00     16.40     12.20      3.60      8.80      3.20     22.20
28      0.00      0.00      1.00      2.00      0.00      0.00     13.40      2.20      1.20      0.00     22.40      4.20
29      0.00    -99.00      1.60      0.00      0.00      0.00      0.00      1.00      0.00      9.60     17.00      6.20
30      0.00    -99.00      0.00      0.00      0.00      0.00      1.40      0.00      0.00     39.40      2.60     24.00
31      0.00    -99.00      0.00    -99.00      0.00    -99.00      0.00      0.00    -99.00     36.80    -99.00      5.00
2018
01      0.20      1.60      1.00      0.00      0.00      0.00      0.00      0.00      0.00     45.60      0.00      0.20
02      6.20      3.80      0.00      0.00      0.00      0.00      0.00      0.00      0.00      0.60      0.00      0.00
03     15.80      0.40     37.60      0.00      0.00      3.60      0.00      0.00      0.00      4.60      0.00      0.00
04      1.60      0.20      0.00      0.00      0.00     26.80      0.00      0.00      0.00     42.40      0.00      0.00
05      2.00      4.80      0.00      0.00      0.80      0.60      0.00      1.20      0.00      0.00      4.60      0.00
06      0.20      0.00      0.00      3.40      2.20      0.80      0.00      0.00      0.00      0.00      4.20      0.00
07      0.20      0.00      0.00     30.40      0.00      0.20      0.00      0.00      0.00      0.00      0.00     13.40
08      3.40      0.80      9.40     11.80      0.00      0.00      0.00      0.00     12.00      0.00      1.60    261.20
09      7.00      0.00      0.80      0.00      0.00      0.00      0.00      3.80      1.40      0.00     64.40    127.80
10      5.40      0.00      1.40      0.00      0.00      0.00      1.40      0.00      0.00     41.00      3.80     99.80
11      0.60      2.60      0.40      0.00      0.20      0.00     14.60      0.00      0.00    103.00      1.00     48.20
12      0.00     36.00      0.20      0.00      0.00      0.00      7.60      0.00      0.40     88.00      0.00     73.20
13      2.40     19.40      0.00      0.00      0.00      0.00      5.00      1.40     29.80     77.00      0.80     58.00
14      2.00      0.20      6.40      0.00      0.00      0.00      1.20      0.00      2.40      0.20      0.00     35.60
15      0.00      0.00      1.40      2.20      0.00      0.00      3.20      0.00      1.40      0.00      0.00      9.00
16      0.00      0.00      0.00      2.00      0.00      0.00      7.20      2.00      0.00      0.00      0.00     31.00
17      0.00      0.00      0.00      0.40      0.20      0.00      0.20      3.00      0.00      0.00      1.80     23.80
18      0.00      0.20      0.00      0.00      0.00      0.00      0.40      0.20      9.60     16.60      0.00      0.20
19      2.80      0.40      0.40      0.00      0.00      0.00      0.60      0.00      0.00     32.80      0.00      0.00
20      0.40      0.00      1.40      0.00      0.00      0.00      0.40      0.00      1.80      8.80      0.00      0.00
21      0.00      0.20      0.00      0.00      0.00      0.00     24.40      0.00      0.00      0.00      0.00      0.00
22      0.00      1.40      0.00      0.00      0.00      0.00    143.40      0.00      0.80      0.00    115.60      0.00
23      0.00      0.60      0.00      0.00      0.00      0.00      0.00      0.00      0.40      0.00     47.80      3.20
24      0.00      0.00      0.00      0.00      0.00      0.00      0.00      0.00      0.00      0.00     13.00      0.20
25      0.00      4.40      0.00      0.00      0.00     59.00      0.00      0.20      0.00      0.00      6.00      0.00
26      0.00      1.80      0.00      6.80      0.00      0.00      1.00      5.80      0.00      0.00      0.20      0.00
27      0.80      0.00      0.00      0.20      0.40      0.00      6.20      0.00      0.00      0.00      6.00      4.60
28      0.00      0.00      0.00     10.00      0.00      0.00      3.60      0.40     11.20      0.20      8.40      0.00
29     24.40    -99.00      0.00      6.80      0.00      0.00      2.20      0.40     91.60     15.60     74.80     27.80
30      1.60    -99.00      0.00      8.80      0.00      0.00      0.20      0.00      0.20      0.00     39.80     37.60
31     17.80    -99.00      0.00    -99.00      0.00    -99.00      4.20      0.00    -99.00      0.00    -99.00     36.40
