DongHoimeteo        
   106.60300       17.483000               7
2011
01      0.00      0.20      0.00      0.00      6.20      0.20      1.20      1.00      0.00     13.20     29.60     17.60
02      0.00      1.60      0.00      0.00      0.00      0.00      0.00      2.80      0.00      2.60     17.00      1.80
03      0.00      0.00      2.60      0.20      0.00     10.20      0.00      6.00      0.00     39.60      2.40      0.60
04      0.20      0.00      1.60      0.20      0.00      2.80     10.20      2.00      0.40      6.20      2.60      0.00
05      0.40      0.00      0.00      0.00      0.00     20.40      0.00     62.80     22.00      1.00     45.00      2.60
06     10.40      0.00      0.00      0.00      0.00      0.00      0.00      1.40      1.60      0.00     46.80      4.80
07      0.20      0.00      0.00      0.00      0.00      0.00      0.00     12.80      0.00      2.40    199.00      2.20
08      0.00      0.00      0.00      0.40      0.00      0.00      0.00     42.40      0.40      2.60     69.00     21.00
09      9.40      0.20      0.60      0.20      0.00      0.00      0.00      0.00     23.80     88.20      5.20      6.60
10      0.20      0.00      1.80      0.40      0.00      0.00      0.00      0.40     39.40     60.20      1.40      6.00
11      0.00      0.00      0.80      2.40      0.00      0.00      0.00      0.00     11.80      3.20      0.00      3.40
12      0.40      0.00      0.60      0.20     17.40      0.00      0.20      1.40     36.60     31.40      0.00      0.00
13      0.20      1.80      0.00      0.00      4.40      0.00      1.80      9.20      4.00     74.40      0.40      0.00
14      0.00      0.00      0.00      0.00      0.60      0.20     11.80      0.00      9.80     36.00      4.80      0.20
15      6.20      0.00      3.20      0.00      7.40      0.20     10.80     15.20      0.80    118.80      0.00      1.80
16      0.00      0.00      0.80      0.00      0.20      0.00      3.80      0.00      1.00    321.80      3.00      2.80
17      0.00      0.00      0.40      0.00      2.00      0.00      0.40     23.80      2.60      5.40      0.00      7.20
18      0.00      0.00      0.00     24.80     10.40      0.00      1.60      1.00      5.00      0.80      0.00      8.60
19      0.20      0.00      0.00      0.00      0.60      0.00      4.80      3.60      0.00     29.20      0.20      0.40
20      0.00      0.20      0.00      0.00     10.80      0.00      0.40      0.40      4.00      0.00     12.40      3.40
21      0.00      0.20      0.00      0.00      0.20      5.20      0.40      0.00     66.40      0.20      6.00      2.00
22      0.00      0.60      0.60      1.00      0.00      0.00      0.00      0.00     59.60      0.00     28.60      2.00
23      0.20      0.40      2.60      0.20      5.80      0.00      2.40     10.60     42.40      0.00      5.20      9.40
24      0.00      0.20      2.20      0.80      0.00      2.80      0.00      0.20      0.20      8.60     11.80     15.40
25      0.00      0.00      0.60      0.60      0.00      4.80      2.80      0.20     11.20     11.60      0.40      1.40
26      1.40      0.00      0.40      0.00      0.00      0.60      0.40      0.20     54.40      3.60     14.20      0.00
27      2.00      0.00      0.00      2.40      0.00      0.00      0.00      2.00    159.80     17.20     10.20      0.60
28      0.60      0.00      0.00      0.00      0.00      2.80     14.00      0.60      4.60     23.00      0.20      0.40
29      0.00    -99.00      0.80      0.00      0.00     46.00     12.60      0.00      4.60      5.00      0.00      0.40
30      0.40    -99.00     12.00     11.80      0.00      1.60     28.40      0.40     11.00      8.80      0.00     12.60
31      0.80    -99.00      4.80    -99.00      0.00    -99.00     10.00      0.00    -99.00     26.40    -99.00      0.80
2012
01      0.20      0.20      0.20      0.00      0.00      0.00     20.40      9.00      5.80      4.60      1.40      0.00
02      1.20      0.20      0.00      0.00      0.00     12.00      0.80      0.00     13.20      0.00      0.00      0.00
03      0.00      1.40      0.00      0.20      0.00      6.20      0.20      0.00      0.40      0.00      0.00     10.00
04      0.00      0.20      0.00      2.60      0.00      0.00     10.40      0.00     34.60      0.00      0.00      0.40
05      0.00      0.00      0.00     18.80      0.00      0.00     16.20      0.00     33.20      0.00      7.40      4.20
06      1.40      0.00      0.00      0.00      0.00      0.00      0.00      1.20     30.40     29.20      7.40      0.00
07      2.80      0.00      0.00     49.20      4.20     15.60      0.00      2.40      0.20    124.00      1.00      0.00
08      4.40      1.40     22.40      0.00      5.40      1.80      3.80      0.00      2.60     13.80      0.00      0.00
09      3.60      0.40      0.00      0.00      9.80      0.60      0.20      4.80      0.00      0.20      0.00      0.00
10      0.20      0.20      0.00      5.60      0.00      0.00      0.00      0.60      3.00     55.40      0.00      0.00
11      1.40      0.00      0.20      0.20     30.00      0.00      1.20      0.20      9.20     21.20     56.40      0.00
12      0.60      0.40      0.00      0.00      1.60      0.00      0.20      0.00      0.40      0.20     58.80     13.60
13      1.20      0.60      1.00     23.20      0.00      0.00      0.00      0.00      4.00      0.00     12.20      0.00
14      0.00      0.20      0.40      0.40      0.00      0.00      0.80      0.00     77.60      0.00      2.00      0.40
15      0.00      0.00      0.00      0.20     17.80     18.00      0.00      5.00     67.80      0.00      3.80      0.20
16      0.20      0.20      0.00      0.00      6.00     39.40      0.00      0.00      2.20      0.00      1.00      0.00
17      0.00      0.40      5.20      0.00     47.80     59.20      0.00      0.00      8.00      0.00     17.80      0.00
18      0.00      0.20      0.80      0.00     18.60     19.00      0.00      0.60      1.40      0.00      0.00     12.00
19      0.00      0.80      4.40      0.00      0.20      1.20      0.00      0.00      0.00      0.00      0.40      0.60
20      0.40      1.00      0.00      0.00      0.00      5.00      0.00      0.00      0.00      1.00      1.00      0.00
21     18.00      0.20      0.00     22.00      0.00      0.00      0.40      0.00      0.00      0.20      0.00      0.00
22      2.80      0.00      0.00      0.20      0.00      1.00    114.40      3.40      0.00      0.00      0.00     12.60
23      0.00      0.00      0.40      0.00      9.60      0.40     21.20      0.00      0.00      1.00      0.00     25.00
24      0.60      0.00      0.00      0.00      0.00      0.00      4.20     77.00      0.00      1.20      0.00      7.60
25      0.20      0.00      0.00      0.00      0.00      0.00      9.40      0.00      0.20      0.00      0.00      0.00
26      1.00      1.00      0.00      0.00      0.20      0.20      0.00      0.00     21.40      4.40      0.00      6.20
27      0.00      0.40      0.00      0.00     10.40      0.00      0.20      0.00     55.40     43.80      0.00      1.80
28      0.00      0.00      0.00      0.00      4.80      0.00      0.00      0.20     15.80      5.20      0.00      2.80
29      0.40      0.00      0.00      0.00      0.00      0.00     11.00      3.60     25.40      0.00      0.00      0.20
30      1.60    -99.00      0.00      0.00      1.80    -99.00      3.80      0.00      9.20      0.20      0.00      5.00
31      0.20    -99.00      2.00    -99.00      1.00    -99.00     17.80      0.00    -99.00      8.00    -99.00      0.60
2013
01      0.00      0.00      0.00      1.80     43.80      0.00     15.80     19.00      0.00      1.20      0.00      1.40
02      0.00      0.20      0.00      0.00     22.60      0.00      0.40      0.80      0.00     53.60      0.00      0.00
03      0.00      0.00      7.60      0.00      1.80      7.80      0.40     34.00      0.00     90.00      0.00      0.00
04      2.60      0.00      0.00      0.00      0.00      3.80      0.00      0.00      0.00     24.80      0.60      2.60
05      0.20      0.00      0.40      0.00      0.00      1.80     70.40     44.00     13.20      0.00     52.40      0.00
06      3.60      0.00      0.80      0.00      0.00      0.00     15.80      0.00     47.40      0.20     60.80      3.60
07      3.20      0.00      0.00      0.00      5.60      0.20      0.00     10.80      5.00      2.80     56.60      0.00
08      1.00      0.00      0.00      0.00      0.00      0.00     12.80      0.20     11.20      0.00     14.40      0.20
09      0.40      1.00      0.00      0.00      0.80      0.00      3.20      0.00      6.60      0.00      6.80      0.00
10      0.00      1.80      0.00      0.00      2.40      0.20      2.60      0.00     24.20      0.00     44.40      0.00
11      0.40      0.00      0.00      0.00      5.80     31.40      0.00      0.00     10.20      8.80      0.20      0.00
12      0.00      0.00      0.00      1.60      0.00      0.00      0.00      3.00      1.40      0.20      0.20      0.80
13      0.00      0.00      2.40      0.40      0.00      0.00      0.00      0.00     54.60      0.00      9.40      1.20
14      0.00      0.00      0.00      0.00      0.00      0.00      0.40      0.00      1.60     36.80     23.00      0.40
15      0.00      0.40      0.00      0.20      0.00      0.00      0.00      0.00      5.40    263.20     59.80     11.20
16      0.00      1.60      0.00     38.40      0.00      0.00      0.00      0.00      7.20      4.00      3.60     13.00
17      0.00      0.00      0.00     13.60      0.00      0.00      0.00      0.00     37.20     11.40     17.80      4.40
18      0.20      0.00      0.00      0.20      0.00      0.00      0.00      3.80    290.20      3.80      9.20      0.60
19      0.00      0.00      5.60      0.00      0.00      0.00      0.00      3.20     52.80     40.20      5.60      0.00
20      0.00      0.00     22.40      0.00      0.60      0.20    103.60      8.80     31.20      6.20      1.40      0.00
21      0.00      0.60      0.00      1.00      0.00      3.80      0.00      3.20     55.00     10.40      1.60      0.00
22      0.00      4.20      3.40      0.20      1.40     25.80      0.60      3.00      1.40      8.80      0.20      0.00
23      0.00     10.40      0.00      8.40     11.20     33.60      0.40      1.40      0.00     46.40      1.60      0.00
24      0.00     12.20     24.60      0.20      0.00      1.20      2.80      0.00      0.00      0.20      0.20      0.00
25      2.60      0.60     16.80      9.80      0.00      3.00      4.60      1.20     39.00      1.00      3.40      0.00
26      0.00      0.20      0.20      5.80      0.00      1.40      5.40      0.00     11.40      0.00      0.00      0.00
27      0.00      0.00      0.00      0.00      0.00      4.80      5.60     19.60     21.20      0.00      1.00      0.20
28      0.20      0.00      3.80      0.00      0.00      0.20     17.40      1.00     18.40      0.00      9.60      0.00
29      0.00    -99.00      0.40      8.40      0.80      0.00      0.40      0.00      2.40      2.40      0.60      0.40
30      0.00    -99.00      0.00      0.00      0.00      0.00      1.00      0.00     75.60      2.60      3.60      0.00
31      0.00    -99.00      1.20    -99.00      0.00    -99.00      2.20      2.00    -99.00      0.00    -99.00      0.00
2014
01      0.00      0.00      0.00      0.00     18.40    -99.00      2.20      0.00      8.60      0.20    -99.00     57.40
02      0.00      0.00      0.00      0.00      0.00    -99.00      0.20      0.00      9.80      0.00    -99.00     48.80
03      0.20      0.00      0.00      0.00      0.40    -99.00      0.00      0.00      0.20      0.00    -99.00      7.20
04      0.00      0.00      0.00      1.40     71.40    -99.00      0.00      4.80      1.00      0.00    -99.00      0.60
05      0.00      0.00      0.00      0.00      0.00    -99.00      0.00      1.60     73.20     37.80    -99.00      0.00
06      0.00      0.00      0.00      0.00      0.00    -99.00      0.00      0.60      0.00     46.40    -99.00      0.20
07      0.00      0.00      0.00      0.00      3.00      0.00      0.00      0.00      0.00     12.80    -99.00      1.20
08      0.00      0.00      0.00      1.00      9.20     10.60      0.00      0.00      0.00      5.80    -99.00      0.00
09      3.00      0.00      0.00     15.60     15.20      0.80      0.00      0.20      0.00      0.00    -99.00      0.20
10      3.20      0.00      0.80      0.00      0.00     14.40      0.00      0.00      0.20      0.00    -99.00      2.00
11      0.00      0.00      0.20     21.60      0.00     54.60      0.00      0.00      0.00      0.00    -99.00      0.80
12      4.20      0.00      0.00      0.00      0.00     47.80      0.00      0.00      0.00      0.20    -99.00      5.20
13      3.00      0.00      0.00      0.00      0.00      0.80     17.80      6.40      0.00     27.00    -99.00      1.00
14      0.20      0.20      0.20      0.00      0.00      1.00      5.00    -99.00     50.20      4.60    -99.00      0.00
15      0.00      0.60      0.80      0.00      0.00      0.00     46.00    -99.00      0.20      2.20    -99.00      0.20
16      0.00      0.00      0.60     21.20      7.20      0.00      0.00    -99.00      9.40      0.00    -99.00     19.40
17      1.00      0.00      0.40      0.40      0.00      0.00      0.00      0.00      0.20    -99.00    -99.00      0.40
18      0.00      0.00      0.00      0.00      0.00      0.00      0.00      0.00      0.00    -99.00     29.00      0.00
19      1.80      0.00      0.00      0.00      0.00      0.00      0.00      0.00      0.00    -99.00      2.80      0.00
20      2.20      0.00      0.60      0.00      0.00      0.00      0.00     14.00      0.00    -99.00      0.20      0.00
21      0.00      0.00      2.80      0.00      0.00      0.00      0.80      0.40      3.80    -99.00      0.00      6.00
22      0.80      0.00      2.00     11.60      0.00      0.00      0.00     39.60      3.40    -99.00      0.00      0.20
23      0.00      0.20      1.40      0.00    -99.00      1.40      0.00      0.20      4.40    -99.00      0.20      0.00
24      0.20      0.00      0.20      0.00    -99.00      0.60      0.00      0.00      0.00    -99.00      1.40      0.60
25      0.20      0.00      0.00      0.00    -99.00      1.20      0.00      3.60      0.20    -99.00      0.20      2.40
26      0.00      0.00      0.00     20.00    -99.00      0.00      0.00     16.40      0.20    -99.00      0.00      3.20
27      0.00      0.00      0.00      0.00    -99.00      0.00      0.00      3.20      0.00    -99.00      0.00      3.80
28      0.00      0.00      0.00      0.00    -99.00      5.20      0.00     10.40      0.00    -99.00      0.00      1.00
29      0.00    -99.00      0.00      6.20    -99.00      0.60      0.00      8.20      0.00    -99.00      0.00      0.40
30      0.00    -99.00      0.00     10.20    -99.00      4.20      0.00      7.20      3.80    -99.00     34.20      0.00
31      0.00    -99.00      0.00    -99.00    -99.00    -99.00      0.00     15.40    -99.00    -99.00    -99.00      0.00
2015
01      0.20     26.40      0.00     26.00     14.80      0.00      0.00     10.60     18.20     12.00    133.80      0.00
02      4.20     14.20      0.00      2.20      0.20      0.00      0.00      0.40      6.40      8.80     57.80      0.00
03      2.60      0.40      0.00      0.40      0.00     20.00      0.00      0.40      0.00      0.20      1.20      0.00
04      0.20      0.40      0.00      0.00      0.00      0.20      0.00      1.60      0.80      0.00     86.20      0.00
05      0.00      1.80      0.00      0.00     14.20      0.20      0.00      0.00      0.80      1.60     75.00      0.00
06      0.00      0.00      0.00      0.00      0.00      3.00      8.60      0.20      0.00     25.00      2.40      0.20
07      5.60      0.00      0.00      0.00      7.80      0.00      8.40     51.40      0.00     14.60      0.40      0.20
08      3.80      0.20      0.00      0.00      0.00      0.00      6.40     29.80      0.00      8.00      5.00      0.20
09     13.80      0.00      0.00      0.20      0.00      0.00      2.60      2.00      2.00     27.60      8.20      0.00
10      0.00      0.00      0.00      0.20      0.00      0.00      4.20      0.00      2.40      2.80      5.20      0.00
11      0.00      0.00      0.00      0.00      0.00     36.00      5.60      0.00      0.20      0.00      0.00      0.00
12      0.00      0.00      0.80      0.00      3.80     13.60      5.00      1.40      0.00      0.00      0.00      0.00
13      0.00      0.00      0.20      0.00      3.00      0.00      0.00      0.00     31.40     13.60      0.00      0.00
14      0.00      0.00     23.40      0.00      0.00      0.00      0.00      0.00    281.60     32.60      0.00      0.00
15      0.00      0.00      0.00      0.00      0.00      0.20      0.00      0.00    178.20     37.60      0.00     13.00
16      0.00      0.00      0.00      0.00      0.00      0.00      1.60      0.00     13.60     10.40      0.00     10.60
17      0.60      0.20      0.00      0.00      0.00      0.00      0.80      0.00      0.80      0.00      0.00      0.00
18      1.60      2.40      0.00      0.00      0.00      0.00     11.00      0.00      2.00      0.00      0.20      0.40
19     10.60      1.20      0.00      0.00      0.00      0.00     25.80      0.00      0.00      0.00      0.00      2.00
20      0.00      0.00      0.00      0.00      0.00      0.00      5.20      0.00      0.00      0.00      0.00      0.00
21      0.00      0.40      0.00      0.40      0.00      9.20      0.00      0.00     10.00      0.00     25.20      0.40
22      0.00     12.00      0.00      0.20      0.00     26.00      0.20      2.00      0.00      0.00     10.60      1.40
23      0.00      0.00      0.00      1.20      0.00     44.60      0.00      0.00     16.20      0.00     12.20      0.00
24      0.00      0.00      3.40      5.80      0.00      1.00      0.80      2.20      6.60      0.80      4.60      0.00
25      0.00      0.00      4.80      9.20      0.00    -99.00      0.00      0.00      0.00      0.00      1.40      0.00
26      0.00      0.00     20.40      5.80      0.00    -99.00     11.80     17.80      2.60      0.00     36.20      0.00
27      0.00      0.00     10.60      0.00      0.00    -99.00     15.00      1.80      0.00      0.00     13.40      0.40
28      0.00      0.00      9.00      1.40      0.00    -99.00     14.40      0.20      0.00      0.00      4.00      0.00
29      0.00    -99.00      0.00     18.00      0.00    -99.00      2.40      0.00      0.00      0.00      5.60      0.20
30      0.00    -99.00      0.20     11.40      0.00    -99.00     18.40      2.80      0.00      0.00      0.20      0.00
31      0.20    -99.00     27.60    -99.00      0.00    -99.00     10.80      5.40    -99.00     22.80    -99.00      2.20
2016
01      5.20      2.60      0.00      0.00      0.00      0.00      0.00      0.20      0.40      0.40    254.80      0.00
02      0.40      0.00      1.40     20.80      0.00      0.00      1.80      0.00      1.20      3.80     57.60      0.40
03      0.00      0.40      0.20      0.20      2.60      0.00      0.40      0.00      3.00      0.00     17.40      9.80
04      0.00      1.40      0.00      0.00      0.00      0.00      9.60      0.40      0.80      0.00      1.60      3.80
05      0.00      0.20      0.00      0.00      4.00      0.00     29.60      0.00      2.40      9.40      0.20     10.20
06      0.00      0.00      0.20      0.00      0.00      0.00      0.00      0.00      0.40      1.80      9.00     21.20
07      0.00      0.00      0.00      0.00     13.20     14.20      0.00      0.00      1.20      1.20     11.20      0.80
08      0.00      0.00      0.00      0.00      2.40     10.80      7.00      0.00      0.00      0.00     12.00      1.20
09      0.00      0.00      0.00      0.00      0.20      6.60      0.00      0.00      0.00      0.00     49.80      0.00
10      0.00      0.00      0.00      0.00      0.00      0.00      0.00      2.80      0.00      0.40      1.20      1.80
11      0.00      0.00      0.00      0.00      0.20      0.00      0.00      0.40     11.80     12.80      0.00      2.20
12      0.00      0.00      0.00      0.00      0.00      0.00      0.00      0.00     27.60      5.20      0.20      2.20
13      0.20      0.00      0.00      0.00     28.40      0.00      0.00      5.20    168.00     84.60      0.00     25.40
14      0.00      0.00      0.00      0.00      0.00      0.00      0.00     23.60      0.40    246.00      0.00     66.00
15      6.40      0.00      0.00      0.00      0.00      0.00      0.00      9.40      1.60      0.00      0.00     57.00
16     16.40      0.60      0.00      0.00      1.80     16.60      0.00     12.60      0.00     58.40      0.00     34.60
17      9.80      0.00      0.00      0.00      0.00      0.00      0.00      5.60      5.40      0.00      6.40      3.60
18      0.00      0.20      0.00      0.40     19.60      0.00      0.00     36.60      1.60      0.00      4.40      5.20
19      0.20      0.20      0.00      0.00      0.00      0.00      0.00     13.80     13.20      0.00      8.20      0.80
20      0.00      0.00      0.00      0.00      0.00      0.20      0.00      0.80      4.60      0.00     24.20      0.60
21      0.00      0.00      0.00      0.00     11.60     13.00     34.00      0.40     94.40      0.00      6.80      0.80
22      0.00      0.00      0.00     36.00      6.40      6.80      1.00      1.60    103.40      0.00      0.20     18.80
23      3.60      0.00     13.40     17.20      0.80     68.20      6.40      4.40     26.20      0.00      2.40      3.80
24      0.60      0.00      0.00      0.00      1.20      7.00      0.60    146.00      1.80      0.00     21.00      4.60
25      0.20      0.00      0.00      0.00      3.40      9.60     10.20      4.60     20.20      0.00      0.00      0.60
26      0.40      0.00      0.00      0.00      0.20      9.80      0.20      0.00      3.40      0.00      2.60      0.00
27      0.60      0.20      0.00      0.00      0.00     16.20     11.80      0.00      0.00      0.00      2.20     10.80
28      0.00      0.00      0.80      0.00      0.00     66.20      7.40      0.40      3.00      0.00      0.00      0.00
29      0.20      0.00      0.00      1.00      0.00      1.40      0.20     47.60      0.20      0.00      0.80      0.20
30      0.60    -99.00      0.00      0.00      0.00      0.00      1.00      0.00     16.00      0.00      4.20      0.00
31      0.20    -99.00      0.00    -99.00      0.00    -99.00      7.60      0.00    -99.00      0.00    -99.00      2.60
2017
01     15.00      2.80      0.20      0.00      0.00      0.00      3.60     22.40      0.20      1.00      6.80      7.80
02      9.40      6.60      0.00      0.00      0.00      0.00      0.00      0.00      0.00     10.00      4.60     12.00
03      1.80      7.80      0.00      0.20      0.00      0.00      2.80      0.00      0.00      3.00      0.40      2.40
04      0.80      1.80      0.00      0.00     59.60      0.00      0.00      0.00      0.00      0.40     68.20     10.00
05      3.20      0.00      0.00      0.00      2.60      0.00      0.20      0.00      0.00      0.00     42.40     11.20
06      0.80      0.00      0.20      0.00      0.00      0.20      0.00      1.00      0.00      0.00      2.60      0.00
07      0.00      0.00      0.00      0.20      0.00     12.60      1.20      0.00      4.60      7.60     20.80      0.20
08      1.40      0.00      0.20      0.20     26.80     29.80      0.00      0.00      0.00     43.60      8.80     30.40
09     10.00      5.20      0.20      0.00      2.20      2.00      0.20      0.20      0.00     31.20     25.20      6.60
10      0.20      0.00      0.00      0.00      6.80      2.40      0.00      0.00      0.00      0.20     34.80      0.00
11      0.00      0.80      0.00      0.00      0.00      0.00      1.00      0.00      0.80     30.80      5.00      0.40
12      0.60      0.40      0.00      0.00      1.00     42.00     10.20      0.00      0.00      0.60      0.00      0.00
13      0.00      2.40      0.00      1.80      1.40      0.00      0.40      0.00     20.80      4.20      0.00      0.00
14      0.20      3.80      0.00      0.00      0.80      0.00      6.20      0.00     94.60      0.00     17.40      0.00
15      0.60      4.00      0.40      0.00      9.80      0.00     14.80     14.00    126.20      0.20     10.40      0.20
16      0.20      0.00      9.80      0.00      6.00      0.00     70.40      3.20      0.20      0.00      4.40     32.40
17      0.20      0.00      0.40      0.00      0.00      0.00      9.00      0.20      0.00      0.00      0.00      0.00
18      0.00      1.60      3.40      0.00      4.40     15.20      0.00     48.40      0.00      4.40      0.00      0.00
19      0.00      0.00      0.60      0.00     46.00      0.00      0.00     26.00      0.00      9.00     35.40      0.00
20      2.60      0.00      2.00      0.00      0.00      7.00      0.00      0.20      0.00      0.20     58.20      0.00
21      7.60      0.00      4.40      0.00      0.00      0.20     35.00      0.00      0.00      1.40      1.00      0.00
22     12.00      0.00      0.00      5.60      0.00      0.00     20.80      0.00      0.00      0.40      0.80      0.00
23      1.20      0.00      0.00      0.00      0.00     38.20      0.40      0.00      7.00      5.00      1.20      1.60
24      2.60      0.00      0.00     33.40     55.00     21.60     16.20      0.00      0.20      6.00      0.00      9.60
25      6.40      0.00     19.00      0.00      4.40      0.20    173.60      0.80      3.20      4.00      0.00      0.00
26      2.40      0.20      0.00      0.00      0.40      0.00      4.20     41.20      0.20      3.20      0.00      5.00
27      0.60      2.00      0.20      2.00      0.00      8.00     19.60      4.00      0.00      4.20      0.40      9.40
28      0.00      1.60      0.00      0.00      0.00      0.20     11.60     41.40      0.00      0.00      4.80      0.80
29      0.00    -99.00      5.20      0.00      4.40      0.80      6.60      5.20      0.00      1.00     14.40      5.40
30      0.00    -99.00      0.20      0.00      6.20     15.60      7.00      0.40     12.60     13.80     10.80      6.60
31      0.00    -99.00      0.00    -99.00      0.20    -99.00      2.20      2.00    -99.00     11.40    -99.00      9.60
2018
01      7.00      0.20      0.20      0.00     38.00      0.00      0.00      0.00      0.00      0.40      0.00      0.20
02     10.20      0.40      1.20      0.00     33.20      0.00      0.00      0.00      0.00      0.00      0.00      0.00
03      3.80      0.00      0.80      0.00      0.20      5.40      0.00      0.00      7.00     13.40      0.00      0.00
04      6.40      0.00      0.00      0.00      0.00      3.40      0.00      0.00      0.00     10.80      0.00      5.80
05      0.80      0.00      0.00      0.00     55.00      4.00      0.00      0.00      0.00      0.00      3.40      1.00
06      0.80      0.00     10.20      2.20      0.80     37.80      0.00      9.60      0.00      0.00      9.40      0.00
07      0.00      0.00      0.00      0.20      0.00     11.20      4.20      0.00     13.80      0.00     10.80      8.60
08      0.00      0.00      9.80      0.00      0.00      1.60      5.80      1.60      0.40      0.00    168.00     15.00
09      0.00      0.00      0.00      0.00      4.80     24.40      1.20      5.40      0.20      0.00     11.20     12.20
10      0.00      0.00      0.40      0.00      0.40      0.20      0.00      5.20      0.20     17.20      0.20     12.80
11      0.00      0.80      1.20      0.00     24.20     11.60     38.40      0.60      0.20    127.80      0.20      5.80
12      0.20      2.20      0.00      0.00      0.00      0.00     63.00      0.00     18.00     19.60      0.00      5.20
13      0.60      3.60      0.00      0.00     27.40      0.00     11.60     44.80     24.60     13.80      0.00      0.80
14      2.40      0.00      6.20      0.20      0.20      0.20     10.20     78.20      5.60      1.80      0.00      6.80
15      0.00      0.20      1.60      0.00      0.00      9.40     39.80      2.20     23.40      0.00      0.00      2.00
16      0.00      0.00      0.00      0.00      0.80      0.00     79.40     23.40     16.20      0.00      0.00      5.20
17      0.00      0.00      0.00      0.00      5.20      0.00     19.40      1.60      0.00      2.40      0.00      2.00
18      0.00      0.00      8.20      0.00      0.00      0.00     22.00     12.80     10.80      2.00      0.00      0.20
19      0.00      0.00      2.00      0.00      0.00      0.00      0.40      2.20     13.20     11.40      0.00      0.00
20      0.00      0.00     24.40      0.00      0.80      0.00      2.00      0.20      0.00     30.60      0.00      0.00
21      0.20      0.00      0.00      0.00      0.00      0.00      2.80      0.00      0.80      0.00      0.00      0.00
22      1.40     16.00      0.00      1.40      0.00      0.00    172.80      0.00      1.40      1.40     31.20      0.00
23      3.80      0.20      0.40      0.00      0.00      0.00     13.60      1.00      0.00      0.00      2.80      2.00
24      1.40      0.00      0.00      0.00      0.00     10.60      0.20      0.80      0.00      0.00      1.60      0.40
25      0.20      4.80      0.00      7.80     16.00      5.40     12.00      2.60      0.00      0.00      3.00      0.00
26      3.00      2.20      0.20     24.80      0.00      0.20     10.40     19.40      0.00      0.00      0.20      0.20
27      0.60      0.00      0.00      0.00      0.00     11.20     29.80     33.40      2.00      0.00      0.20      1.40
28      0.20      0.00      0.00      0.80      6.40      0.00     11.40     12.60      8.40      5.40      0.00      5.20
29      1.00    -99.00      0.00     13.20      0.60      0.20     10.40      7.60     28.80      7.80      4.00     15.20
30      0.00    -99.00      0.20      0.00     14.80      0.00      1.60      0.60      1.20      0.00      4.00      4.40
31      2.20    -99.00      0.00    -99.00      0.20    -99.00      0.20      0.00    -99.00      0.00    -99.00      0.00
