DongHameteo         
   107.07900       16.823000               5
2011
01      0.00      0.00      0.00      0.00      0.00      0.00      0.00      0.60      0.00     47.60     38.20     48.20
02      1.20      0.00      0.00      0.00      0.00      0.00      0.00      0.00      7.80      9.40      2.60     70.40
03      7.60      0.00      3.40      0.00      0.00     63.40      0.00      0.60     35.20     27.40      0.00      3.40
04      6.80      0.00      6.80      0.00      0.00      0.00      0.00      0.00      6.40     47.20    216.80      0.20
05      8.80      0.00      5.00      0.00      0.00      0.00      0.00      0.00     15.20      0.00      6.00      5.20
06     15.00      0.00      0.00      0.00      0.00      0.00      0.00      0.00     62.00      0.00     70.00      4.60
07    100.00      0.20      5.40      0.00      0.40      0.00      0.00      0.20      6.00     10.60    402.80      6.00
08      0.40      0.00      0.00      0.00      0.00      0.00      0.00      0.00     10.20      1.00     88.80      5.80
09      0.40      0.00      0.00      0.00      0.00      0.00      0.00      0.00     12.20    133.20     10.20     12.60
10      4.20      0.00      0.00      0.00      0.00      5.00      0.00      0.00     32.00      4.20      0.80     18.20
11      0.00      0.00      0.20      0.00      0.00      0.00      2.20      2.20     20.60     17.60      0.00      6.00
12      0.00      0.00      0.00      0.00      4.40      0.00      7.60      0.00     26.80      0.40      0.00      0.00
13      0.00      0.00      0.00      0.00     11.00      0.00      0.00      0.00      7.40     21.60      0.60      0.00
14      0.00      0.00      0.00      0.00      0.00      0.80      0.00      0.00     19.80     19.60      0.00      1.00
15      3.80      0.00      0.00      0.00      0.00      0.00      0.00      0.00     33.60     15.40     10.20     12.80
16      0.00      0.00      2.20      0.00      0.00      0.00      0.00      5.80      0.00    196.00     49.60     42.20
17      0.00      0.00      0.00      0.00     18.80      0.00      0.00      6.20      0.00     93.60      0.00      1.00
18      0.80      0.00      0.20      6.80      0.80      5.00      0.00      0.20      0.00     62.00      0.00      0.60
19      0.00      0.20      0.00      0.20      0.20      0.00      0.00     82.20      0.60      0.20      0.00      0.00
20      0.00      0.00      0.00      0.00      0.60     16.80      0.00      7.60      0.40      1.00      3.00     10.80
21      0.00      0.00      0.00      1.00      0.00      0.40      0.00      0.20     57.20      0.60     12.60      3.40
22      0.00      0.00      1.00      0.00      0.00      0.00      0.00      0.00     33.80      0.00      5.40     13.00
23      0.00      0.00      2.00      0.00      0.00      0.00      0.00      0.00    204.40      0.00      2.20     23.40
24      0.20      0.00      1.40      0.00      0.00      0.60      0.00      0.00    118.80      3.40     29.40      4.60
25      1.00      0.00      3.60      0.20      0.00      0.40      0.00      0.60     33.20      9.20    155.80     16.80
26      0.00      0.00      1.80      0.00      0.00      0.00      0.00      0.00     72.00      0.00     13.00      0.00
27      0.00      0.00      0.00      0.40      0.00      0.00      0.00      0.00      7.00     14.00     15.60      1.40
28      3.80      0.00      1.00      0.00      0.00      0.00      0.00      0.00      0.00      0.80      2.00      0.40
29      1.40    -99.00      0.40      0.00      0.00      0.00      0.20      0.00      0.00      0.40      2.60      0.60
30      2.00    -99.00      0.20      0.00      0.00      0.00      3.80      6.80      0.20      0.00      0.00     19.00
31      1.80    -99.00      0.00    -99.00      0.00    -99.00      0.80     24.40    -99.00      3.20    -99.00      2.20
2012
01      4.40    -99.00      0.00     10.40      0.00      0.00    -99.00      0.00      5.00     13.80      9.40      0.00
02      3.60    -99.00      0.00      3.60      0.00      0.40    -99.00      0.00      8.60      0.00      6.20      0.00
03      0.00    -99.00      0.00      0.00      0.00      0.00      0.00     19.40      6.60      0.00     21.20      0.00
04     15.00    -99.00      0.00      0.00      0.00      0.00      0.00      0.00    226.00      0.00      0.20      0.00
05      0.40    -99.00      0.00      1.20      0.00      0.00      9.40      0.00      6.60      0.00     17.60      0.40
06      0.00    -99.00      0.00      0.00      0.00      0.00      3.80      0.00      3.60     28.60     20.60      0.60
07      0.00    -99.00      0.00      3.40      0.00      2.20      0.00      0.80     31.60     62.00     29.80      0.00
08      9.20      0.00      0.00      0.00      0.00      0.20      0.00      0.00      0.00     59.60      0.40      0.80
09      0.00      0.00      0.00      0.00      0.00      0.00      0.00      0.00      0.40      5.40      0.00      0.80
10      0.00      0.00      0.00      0.00      0.00      0.00      0.00      0.00      0.20      9.20      0.00      0.00
11      0.00      0.00      0.00      0.00      0.00      0.00      0.00      0.00      2.20     21.60     22.60      0.00
12      0.00      0.00      0.00      0.00      0.00      0.00      0.00      0.00      7.00      0.00     51.40      9.00
13      0.00      0.00      0.00      0.00      0.00      0.00      0.00      0.00      9.40      0.00      1.20     14.40
14      0.00      0.00      0.00      0.00      0.00      0.00      0.00      2.60     13.00      0.00      0.00      4.40
15      0.00      0.00      0.00      0.00      0.00      0.00      0.00     15.40     45.20      0.00      3.60      0.20
16      0.00      4.00      0.00      0.00      0.00     13.40      3.80      0.00      0.00      0.00      2.20      0.00
17      0.00     26.20      0.00      0.00      0.00     12.00      0.20      0.00      0.00      0.00     63.20      0.00
18      0.00      5.80      0.00      5.60      0.00      2.00      0.00      0.00     21.20      0.00      6.60      0.00
19      0.00      2.00      0.00      0.00      0.00      0.00      0.00     15.40      0.00      0.00      6.80      4.20
20      0.00      0.00      0.00      0.00      0.00      0.00      0.00      0.00      0.00      0.00      0.00      1.00
21      0.00      0.00      0.00      0.20      0.60      0.00      4.80      0.00      0.00      0.00      0.00      0.80
22      0.00      0.00      0.00      0.00      0.00      0.00      0.00      7.00      1.60      0.00      0.00      0.40
23      0.00      0.00      0.00      0.00      0.00      0.00      0.00     31.40      0.00      0.00      0.00      3.60
24      0.00      0.00      0.00      0.00      1.00      0.00      0.00      0.00      0.00      0.00      0.00      0.40
25      0.00      0.00      0.00      0.00      0.00      0.00      0.00     47.40     10.40      0.00      0.00      1.00
26      0.00      0.20      0.00      0.00      0.00      0.00      0.00      0.20     76.60      0.00      0.00      0.60
27      0.00      0.20      0.00      0.00      0.00      0.00      0.00     48.20     21.60      0.00     46.80      1.60
28      0.00      0.00      0.00      0.00      0.40      0.00      0.00     19.60     18.20      0.00      0.00      0.00
29      0.00      0.00      0.00    -99.00      0.00      0.00      2.00      0.00     75.40      0.00      0.00      2.00
30      0.00    -99.00      0.00    -99.00      0.00      0.00      0.00      0.00      0.40      0.00      0.00     22.60
31      0.00    -99.00      0.00    -99.00     10.20    -99.00      0.00      0.00    -99.00      0.00    -99.00      0.00
2013
01      0.00      0.00      0.00    -99.00    -99.00    -99.00    -99.00    -99.00     40.80      7.40      1.00      2.60
02      0.00      0.00      0.00    -99.00    -99.00    -99.00    -99.00     13.60      0.00     44.80      0.00      0.20
03      1.20      0.00     27.00    -99.00    -99.00    -99.00    -99.00      0.20      0.00      0.00      0.40      0.00
04      0.20      0.00      8.80    -99.00    -99.00    -99.00    -99.00      0.00      0.00      0.00      6.80     13.20
05      0.40      0.00      0.00    -99.00    -99.00    -99.00    -99.00      0.00      0.00      0.00     57.60      0.20
06      4.60      0.00      0.00    -99.00    -99.00    -99.00    -99.00      4.40     18.40      0.00      6.20      0.40
07      1.80      0.00      0.00    -99.00    -99.00    -99.00    -99.00      1.00     21.60      0.00      1.40      1.20
08      0.40      0.00      0.20    -99.00    -99.00    -99.00    -99.00      0.00      1.60      0.00      1.20      0.00
09      0.60      0.00      0.00    -99.00    -99.00    -99.00    -99.00      0.00     12.20      0.00      9.60      0.00
10      0.40      2.00      0.00      0.40    -99.00    -99.00    -99.00      0.00     10.20      0.00     62.60      0.00
11      2.60      0.00      0.00      0.00    -99.00    -99.00    -99.00      0.00     16.40     12.40      0.20      0.00
12      0.00      0.00      0.00      4.80    -99.00    -99.00    -99.00     22.00     15.60      2.60      0.00      7.60
13      0.00      2.80      0.00      0.00    -99.00    -99.00    -99.00      0.00      1.60      0.00      0.40      1.00
14      0.00      0.00      8.40      0.00    -99.00    -99.00    -99.00      0.00      0.00     70.60     30.20    -99.00
15      0.00      0.00      0.00      0.00    -99.00    -99.00    -99.00      0.00      0.20    133.20    118.60    -99.00
16      0.20      0.60      0.00      4.20    -99.00    -99.00    -99.00      0.00      0.00      0.80    308.00    -99.00
17      0.20      0.00      0.00      0.40    -99.00    -99.00    -99.00      0.00     51.60     17.60      5.60    -99.00
18      0.20      0.00      0.00      0.20    -99.00    -99.00    -99.00      0.00    330.20     14.20      0.00    -99.00
19      4.60      0.00      0.00      0.00    -99.00    -99.00    -99.00      0.00      1.60      3.00      0.80    -99.00
20      0.60      0.00      0.00      0.00    -99.00    -99.00    -99.00      0.00    108.80      8.60      7.20    -99.00
21      0.00      0.00      0.00      0.00    -99.00    -99.00    -99.00      0.00      0.00      0.00     11.80    -99.00
22      0.00      0.00      0.00      0.00    -99.00    -99.00    -99.00      1.00     12.00      1.80      0.60    -99.00
23      0.00     15.20      0.00      0.00    -99.00    -99.00    -99.00      0.00      0.00      0.40     37.80    -99.00
24      0.00     26.20      0.00      0.00    -99.00    -99.00    -99.00      0.00      0.00      3.20      3.60    -99.00
25      3.60      0.00      0.00    -99.00    -99.00    -99.00    -99.00      0.20      0.20      3.20     11.40    -99.00
26      0.00      0.00      0.00    -99.00    -99.00    -99.00    -99.00     33.00      6.20      3.40      0.00    -99.00
27      0.20      0.00      0.00    -99.00    -99.00    -99.00    -99.00      0.00     27.80     14.00      0.60    -99.00
28      0.00      0.00      0.00    -99.00    -99.00    -99.00    -99.00      0.00     11.60      0.00     35.80    -99.00
29      1.40    -99.00      0.00    -99.00    -99.00    -99.00    -99.00      7.00      1.00      2.80     21.40    -99.00
30      0.00    -99.00      0.00    -99.00    -99.00    -99.00    -99.00      0.00     54.60      4.40      0.00    -99.00
31      0.20    -99.00      0.00    -99.00    -99.00    -99.00    -99.00    -99.00    -99.00      0.00    -99.00    -99.00
2014
01      1.20      0.00      7.60      6.40      9.00      1.60      4.40     57.80     11.00      0.00      4.40     81.80
02      0.00      0.00      0.00      0.00      0.00      0.00      0.00    109.20    -99.00      0.00      0.00     44.40
03      0.00      0.20      0.00      0.00      0.00      0.00      1.60      0.00    -99.00      0.00     54.20     18.00
04      0.00      0.00      0.00     46.00      1.40      0.00      0.00      0.00    -99.00      1.40     43.80      0.60
05      0.00      0.00      0.00      0.00      0.20      0.00      0.00      0.00    -99.00     73.40     24.20      8.20
06      0.00      0.00      0.00      0.00      0.40      0.00     24.00      0.00    -99.00     23.00      2.40      0.40
07      0.20      0.00      0.00      1.00      2.80      0.00      9.40      0.00    -99.00     15.80      0.00      7.00
08      0.00      0.00      0.00     14.80    -99.00      0.00      4.40      0.00    -99.00      0.00      0.00     91.60
09      0.00      0.00      0.00      0.00    -99.00      0.00     13.00      0.00    -99.00      0.00      0.40      1.20
10      7.80      0.00      0.00      0.00    -99.00      0.00      4.40      0.00    -99.00      0.00      5.40      0.00
11      0.00      0.00      0.00      0.00      0.00      0.00      3.80      0.00    -99.00      0.00     19.00     13.80
12      8.80      0.00      0.00      0.00      0.00      0.00      0.00      0.00    -99.00      5.60     19.40     37.20
13     50.80      0.00      0.00      0.00      0.00      0.20      0.00      0.00    -99.00     17.20     44.40     18.00
14      6.00      0.00      2.40      0.00      0.60      0.00      0.00    -99.00    -99.00      1.60     11.40      0.80
15      0.00      0.00      0.40     39.00      0.00      0.00      0.00    -99.00    -99.00      3.80     18.40      0.00
16      0.00      0.00      0.00      0.00      0.00      0.00      0.20    -99.00    -99.00      7.60      1.40      3.20
17      0.80      0.00      0.00      0.00      0.00      0.00     12.80      0.00    -99.00     19.00      0.00     19.00
18      3.00      0.00      0.00      0.00      0.00      0.00     15.80      0.00    -99.00     18.60      0.00      0.20
19      0.40      0.00      0.00      0.00      0.00      0.00      1.80      0.00    -99.00      0.00      0.00      0.00
20      4.60      0.00      0.00      0.00      0.00      0.00    -99.00      4.00    -99.00     28.80      0.40      0.00
21      0.20      0.00      2.00      0.00      0.00      0.00      0.20      1.40    -99.00      0.00      0.00     26.60
22      0.40      0.00      0.00      0.00      0.00      0.00      0.00      0.00    -99.00    117.40      2.60     20.60
23      0.00      0.00      0.00      0.00      0.40      3.60      0.00      0.00    -99.00     62.40      2.40      0.00
24      0.00      0.00      0.00      0.00    -99.00      0.60      0.00      0.00    -99.00     94.00      0.00      0.20
25      0.00      0.00      0.00      0.00    -99.00      4.60      0.00      1.40    -99.00    219.20      3.60      7.00
26      0.00      0.00      0.00      0.00      0.00      0.00      2.80      1.20    -99.00     24.40      5.00      3.60
27      0.80      0.00      0.00      0.00      0.00      0.00      2.80      0.00    -99.00      2.80      0.00      2.40
28      0.40      0.00      0.00      0.00      0.00      0.00     25.60      0.20    -99.00     20.20      5.40     23.00
29      0.20    -99.00      0.00      0.00      0.00     75.00     49.40      0.20    -99.00      0.00      0.00      0.60
30      0.00    -99.00      0.00      1.60      0.00      0.00     15.80      7.40    -99.00     18.80     31.80      0.00
31      0.00    -99.00      0.00    -99.00      0.00    -99.00      0.00     18.80    -99.00     62.80    -99.00      0.00
2015
01      3.60    -99.00      0.40      6.40      0.40      0.00      0.00      0.00      0.40      9.20     41.60      9.80
02      3.20    -99.00      0.00      0.00      0.00      0.00      0.00    -99.00      0.00      1.40      2.20      0.00
03      0.40    -99.00      0.00      0.00      0.00      0.00      0.00    -99.00     11.00      1.80      0.00      0.00
04      0.00    -99.00      0.00      0.00      0.00      0.00      0.00    -99.00      0.00      0.80     77.60      3.00
05      0.00      0.00      0.00      0.00      0.00      0.00      0.00    -99.00      0.00     46.40    124.60      1.60
06      0.00    -99.00      0.00      0.00      0.00      0.00     11.00    -99.00      0.00     10.20     11.60     17.80
07      1.40    -99.00      0.00      0.00      0.00      0.00      6.20    -99.00      0.00      0.80      1.00      7.60
08      0.60    -99.00      0.00      0.00      0.00      0.00    -99.00    -99.00      0.00      0.00      2.20      3.40
09      0.00    -99.00      0.00      3.60      0.00      0.00    -99.00    -99.00      0.40      0.40     26.00      0.00
10      4.20    -99.00      0.00      0.20      0.00      0.00    -99.00    -99.00     35.40     82.80      0.20      0.00
11      0.40    -99.00     39.20      0.00    -99.00      0.00    -99.00    -99.00      2.00     25.00      7.00      0.00
12      0.00    -99.00    -99.00     62.00      0.00      0.00    -99.00    -99.00      7.20    102.20      9.20      0.00
13      0.00    -99.00      0.00      0.00      0.00      0.00    -99.00    -99.00     24.40      2.00      0.00      0.00
14      0.00      5.00      0.00      0.00      0.00      0.00      0.00    -99.00    237.80     13.80      2.40      0.00
15      0.00    -99.00      0.00      0.00      0.00      0.00    -99.00    -99.00     91.00     79.80      0.00     12.00
16      0.00    -99.00      0.00      0.00      0.00      0.00    -99.00    -99.00     23.40      0.00      0.00     69.00
17      4.40    -99.00    -99.00      0.00     12.60      0.00    -99.00      0.00      4.60      0.00      0.00     41.60
18     11.20      0.00      0.00      0.00     14.00      0.00    -99.00      0.00      3.20      0.00      6.00      0.80
19      0.00      0.00      0.00      0.00      0.20      0.00    -99.00      0.00      0.20      0.00      3.40      0.80
20    -99.00      0.00      0.00      0.00     60.60      0.00    -99.00      0.00      0.00      0.00      1.40      3.40
21    -99.00      0.00    -99.00      7.20      0.00     19.60    -99.00      0.00      0.00      0.00      1.60      4.80
22    -99.00      0.00      0.00     11.60      0.20      1.40    -99.00     39.80      0.00      0.00      0.00      4.40
23    -99.00      0.00      0.60      0.20      0.00      6.20    -99.00     16.20      0.00      0.00      0.60      0.00
24    -99.00      0.00     14.40     13.00      0.00      0.00    -99.00      1.80      0.00      0.00      0.00      0.00
25    -99.00      0.00      0.00      1.20      0.00      0.00    -99.00     46.00      0.00      0.00      1.20      0.20
26    -99.00      0.00     16.80      0.00      0.00      0.00    -99.00      1.20      0.00      0.00      0.20      0.00
27    -99.00      0.00    132.00      0.00      0.00      0.00    -99.00     21.20      0.00      0.00      4.00      0.00
28    -99.00      0.00      0.00      0.00      0.00      0.00    -99.00      1.60      0.00      0.00      7.00      0.00
29    -99.00    -99.00      0.00      0.00      0.00      0.00    -99.00     24.20      0.00      0.00      6.60      9.80
30    -99.00    -99.00      0.00      0.00      9.80      0.00    -99.00      0.00      3.80      1.80      0.00      1.20
31    -99.00    -99.00      0.00    -99.00      0.00    -99.00    -99.00      0.00    -99.00     14.00    -99.00     10.20
2016
01      3.20      0.00      2.40      6.20     14.40      0.00      0.00      0.20      0.60      5.00     72.40     21.40
02      0.40      0.00      7.80      0.00      0.80      0.00      0.00      0.00      0.00      0.00     28.00     53.40
03      3.60      0.00      7.60      0.00      0.40      0.00      0.00      0.00      0.00      0.40      4.40     74.60
04      0.00      1.40      0.00      0.00      0.80      0.40      6.80      0.00     28.80      0.00      0.20     27.20
05      0.00      0.20      0.00      0.00      0.00      0.00      3.20      0.60      2.00      0.00      1.80      2.40
06      0.00      0.60      0.00      0.00      0.00      0.80      0.00      0.00     25.80      1.80     15.60      5.80
07      6.60      0.80      0.00      0.00      0.00      4.40      0.00      0.60     46.40     14.20     18.20     16.60
08      0.20      0.00      0.00      0.00      0.00      0.00      0.00      0.00     12.40      0.00     29.40      4.60
09     31.40      0.20      0.00      0.00      0.00      0.00      0.00      0.00      9.40      0.00      0.00      0.00
10      0.00      0.00      0.00      0.00      0.00      0.00      0.00      0.00      0.00      2.60      0.20      0.00
11      3.80      0.00      0.00      0.00      0.00      1.00     14.00     12.80      9.80     47.80     16.60     47.60
12      0.00      0.00      0.00      0.00      0.00      0.00     12.60      0.00    252.20     13.20      0.20     30.00
13     10.80      0.00      0.00      0.00      0.00      0.00      0.00      0.00    204.00     42.20      0.00     56.40
14      0.00      0.00      0.00      0.00      0.00      0.00      0.00      0.20      1.40      3.60      0.00     51.40
15      0.00      0.00      0.00      0.00      0.00      0.00      0.00      0.00      0.60     16.40      0.00     71.20
16     14.00      0.00      0.00      0.00      0.00      0.00      0.00      0.00      0.00     61.20      1.40     39.00
17      0.80      0.00      0.00      0.00      0.00      0.00      0.00      0.00      0.00      0.20     31.40      4.20
18      2.80      0.00      0.00      0.00      0.00      0.00      0.00      0.80      0.00      0.00     18.40     12.80
19      0.00      0.00      0.00      0.00      0.00      0.00      0.00      0.00     33.40      0.00      4.60      2.60
20      0.00      1.20      0.00      0.00      0.00      0.00      0.00      0.00     99.40      0.00     21.80      1.20
21      0.00      0.00      0.00      0.00      0.00      0.00      0.00     11.80     29.40      0.00      0.20      0.20
22      0.00      0.00      0.00      0.00      0.00      0.00      0.00     35.20     30.60      0.00      0.00     43.20
23      0.80      0.00      0.00      0.20      7.40      0.00      0.00     27.40     18.00      0.00      9.00      9.80
24      3.80      1.80      0.00      0.00      0.00      0.00      0.00     17.80     11.20      0.00      4.60     54.20
25      1.20      0.20      0.00      0.00     53.20      6.20      0.00      0.00      0.20      8.80     19.00      0.00
26      0.00      1.60      0.00      0.00      0.80     13.40     24.40     17.00      8.80    115.80     22.80      1.40
27      0.00      0.00      0.20      0.00      0.00     21.80      0.00     16.40      0.00      7.20      0.00     61.20
28      0.20      0.00      0.20      0.00      0.00      1.20      0.00      0.20      0.00      0.00      0.00      0.00
29      0.00      0.40      0.00      0.00      0.00      0.00      0.00     27.80      0.00      2.60      8.40      1.60
30      0.00    -99.00      0.00      0.00      0.00      0.00      0.00      0.20      0.60     49.40     42.20      3.00
31      0.00    -99.00      0.00    -99.00      0.00    -99.00      0.00      0.00    -99.00     55.40    -99.00    126.20
2017
01     16.60     16.40      2.60      0.00      0.00      0.00      0.40      0.00      0.00      0.60     11.20      4.00
02     14.40      1.60      0.20      7.40      0.00      0.00      0.00      0.00      0.00     25.80      0.60     30.40
03      1.40      0.80      0.00      0.80      0.00      0.00      0.00      0.00      0.00     19.40     10.00      7.00
04     11.60      0.00      0.00      0.00      0.00      0.00      0.00      0.00      0.00     24.20    160.20      4.40
05      6.20      0.00      0.00      0.00      0.00      0.00     29.00      0.00      0.00      0.20    156.20      8.00
06      3.00      0.00      0.00      0.00      0.00      0.00     25.60     33.20      0.00      0.80     78.60      0.00
07      0.00      0.00      0.00      0.00      0.00      7.40      0.00      0.00      0.00     12.80     21.00      2.00
08      1.60      0.00      0.00      0.00      0.00      2.60      0.20      0.00      0.00     10.00     60.60      7.60
09      4.00      1.60      0.00      0.00      0.40      0.20      0.00      0.00      0.00     70.00      5.40      0.60
10     16.80      0.80      0.00      0.00      0.00     19.80      2.40      0.00      0.00     16.00      3.60      0.00
11      1.00     27.60      0.00      0.00      0.40      0.00      0.00      0.00      0.00      0.80      9.80      1.80
12      0.00      0.00      0.00      0.00      0.00      0.20     29.40      0.00      0.00     11.40      0.00      0.00
13      0.00      0.00      0.00     15.00      1.40      0.00     22.80      0.00      2.80      0.80      0.00      0.00
14      2.40      0.00      0.00      0.00      0.00      3.00      9.80      0.00    103.80      3.00      0.00      0.00
15      3.20      0.00      0.00      0.00      1.20      0.00      5.00      0.00     38.20      0.00     42.40      0.60
16      3.80      0.20      0.20      0.00     30.20      0.00     34.60      0.00      0.00      0.00      1.40      5.20
17      0.00      0.00      0.00      0.00      0.20      0.00      0.00      4.20      0.00      0.60      0.00     45.60
18      0.00      0.00      0.00      0.00      0.00      0.00     35.80     10.40      0.00     10.00      0.00      4.60
19      0.00      0.00      0.00      0.00      1.80      0.00      0.00      1.00      0.00     64.60     25.80      4.00
20      1.00      0.00      0.00      0.00      0.80      0.00      0.00      0.00      0.00      1.40     20.40      0.00
21      0.00      0.00      0.00      0.00      0.00      0.00      0.60      0.00     36.60      0.00    110.60      0.80
22      0.40      0.00      0.00      0.00      0.00      0.00      0.00      0.00      1.80      0.00     47.20      0.00
23     14.60      0.00      0.00      0.00      0.00      0.00      0.20      0.00      1.80      0.20     24.20      1.20
24     13.00      3.60      0.00      0.80      1.00      0.00      1.20     11.60      0.00     12.60      4.20      1.40
25     24.40      0.00      0.00      4.80      0.00      0.00     53.20      0.40      0.00      1.80      4.60      1.20
26      1.40      0.00      1.80      0.00     26.80      0.00      0.80     84.40      8.80      0.00      6.00     31.00
27      0.20      0.00      6.60      0.00      1.60      0.00      4.40     31.20      0.00      0.80      0.00     10.40
28      0.00      0.00      0.00      0.00      0.00      0.00      1.00      2.20      0.00      0.20     10.80      0.40
29      0.00    -99.00      8.00      1.40     19.60      0.00      0.00      0.20      0.20      0.80      7.60      3.00
30      0.00    -99.00      0.00      0.00      0.00      3.20      0.00      0.00      0.00     30.20      1.00      1.00
31      0.00    -99.00     11.20    -99.00      0.00    -99.00      0.00      0.00    -99.00     70.80    -99.00      3.20
2018
01      4.00      0.20      1.80      0.20      0.00      0.20      0.00      0.00      1.00      4.40      0.00     29.40
02      1.40      0.00      0.00      0.00      0.00      0.20      0.00      0.00      0.00     14.60      0.00      0.00
03      7.40      0.00      0.00      0.00      0.00     63.60      0.00      0.00      0.00     35.60      0.00      0.00
04      1.60      0.00      0.00      0.00      0.00     14.80      0.00      0.00     16.20     10.40      0.00      9.60
05      1.40      0.00      0.00      0.00      0.00      0.00      0.00      0.00      0.00      0.00      0.40      0.20
06      0.20      0.00      0.00      0.00      5.60      5.20      2.60      0.00      0.00      0.00     13.00      0.00
07      0.00      0.00      0.00     75.80      0.00      2.60      0.00      0.00      0.00      0.00      7.00     15.20
08      0.00      0.00      0.00     26.00      0.00     12.40     15.20      0.00      0.00      0.00      3.20      3.80
09      0.00      0.00      0.00      0.00      0.00      0.00      0.80     13.60      0.00      0.00     18.40    763.00
10      0.00      0.00      0.60      0.00      0.00      0.00     15.40      0.00      0.20      9.00      5.60    207.80
11      0.00      6.60      1.80      0.00      0.00      0.00      5.00      0.00      0.00     39.00      0.00     43.00
12      2.00      4.40      1.20      0.00      0.00      0.00      0.00      0.00     41.00     20.60      1.80      0.80
13      1.40      2.60      0.00      0.00      0.00      0.00      0.00      0.00     18.80     53.40      0.00     12.80
14      0.00      0.00      2.00      0.00      0.00      0.00      0.00      2.00      4.80     20.20      0.00     49.40
15      0.00      0.20     21.80      0.00      0.00      0.00      0.00      0.00     39.00      0.00      0.00     80.20
16      0.00      0.00      0.20      0.00      0.00      2.60      0.00      0.00      0.00      0.00      0.00     42.20
17      0.00      0.00      0.00      0.00      0.00     10.20      0.00      0.00      1.00      0.00      0.20     31.00
18      0.00      0.00      0.00      0.20      0.00      0.00      0.00     32.80      0.20      0.00     14.20      0.00
19      0.00      0.00      0.00      0.00      0.00      0.00      0.00      0.20      5.80     13.80      0.00      0.00
20      1.80      0.00      4.40      0.00      0.00      0.00      0.00      0.20      8.80      1.60      0.00      0.00
21      0.00      0.00      0.20      0.00      0.00      0.00      0.00      5.60      6.40      0.00      0.00      0.00
22      0.00      0.00      0.00      0.00      0.00      0.00      0.00      0.80      0.00     37.20      0.40      0.00
23      0.00      0.20      0.00      0.00      0.00      0.00      0.00      1.00      3.00      0.00      6.40      0.00
24      3.20      0.00      0.00      0.00      0.00      4.00      0.00      0.80      0.00      0.20      2.60      1.20
25      1.20      0.00      0.00      0.00      0.00     38.40      0.00      0.00      0.00      9.20     25.20      2.00
26      0.20      0.00      0.00      6.40      0.00      7.40    155.40      0.20      0.00      0.00     27.00      1.60
27      0.80      0.20      0.00      0.00      0.00      0.00      0.60      4.80      0.00      0.00      2.20      6.60
28      0.00      0.00      0.00      0.00      0.00      0.00      1.20      0.60      0.00     16.80     52.20      1.00
29      3.60    -99.00      0.00      0.00      0.00      0.00      0.00      0.00      0.00      0.00     20.00      6.60
30      0.00    -99.00      0.00     46.80      0.00      0.20      0.00      0.20      3.00      0.00     85.00      4.40
31      0.00    -99.00      0.00    -99.00      0.00    -99.00      0.00      0.00    -99.00      0.00    -99.00      5.20
