DungQuat            
   108.80100       15.417000              30
2011
01      0.00      0.00      0.00      0.00      0.00      0.00      0.20      0.00      0.00     37.40     36.60     13.20
02      0.00      0.20      0.00      0.40      0.00      0.00      0.00      0.00      0.00     13.80      6.00      0.80
03      0.00      0.40      4.20      0.00      0.00     21.20      0.00      0.00      0.00     51.00      1.00      1.00
04      0.20      0.00      5.40      0.00      0.00     18.60      0.00      0.00      8.60     11.40     11.40      0.20
05      2.00      0.00      1.00      0.00      0.00      4.60      0.00      0.00      4.20      0.20     35.40      1.00
06      6.00      0.00      0.00      0.00      0.00      0.00      0.00      0.00      0.00      0.00     40.60      7.80
07      1.00      0.20      1.00      0.00      0.00      0.00      0.00      0.00      0.00      7.00     76.80      0.80
08      1.00      0.20      0.00      0.20      0.00      0.00      0.00      0.00      0.00      4.80     84.40     29.60
09     21.20      0.20      0.80      0.60      0.00      0.00      0.20      0.00     11.40     98.80      5.00     10.20
10      0.00      0.00      0.60      1.40      0.00      0.00      0.00      0.00     34.60     51.40      1.40     11.20
11      0.00      1.40      0.20      0.20      0.00      0.00      0.00      0.00      8.60      5.00      0.20      2.20
12      0.40      0.00      0.20      0.00     23.20      2.20      0.00      0.00     34.20     38.00      0.20      0.00
13      0.80      0.20      0.00      0.00      6.20     49.80      3.60      0.00     28.60     25.40      1.80      0.00
14      0.20      0.00      0.00      0.00     16.40      0.20      3.40      0.00      1.20     29.60     12.20      0.40
15      3.80      0.00      2.40      0.00     56.80      0.00      4.60      0.00      0.00     94.20      0.00      0.20
16      0.00      0.00      3.00      0.00     16.40      0.00      3.00      0.00      0.00    450.40      0.60      5.40
17      0.60      0.00      2.40      0.00     34.80      0.00      1.40      0.00      0.80     30.20      0.00      4.00
18      1.40      0.60      0.00     30.40      6.40      0.00      0.40      0.00      2.80      3.60      0.20      2.00
19      1.20      0.60      0.00      0.00      6.00      0.00      5.00      0.00      0.60     15.00      0.00      1.20
20      0.20      0.20      0.00      1.40      5.80      0.00      0.20      0.00      6.00      2.20     17.00      0.00
21      0.00      0.60      0.00      0.20      0.00      0.00      0.00      0.00     27.00      0.60     11.40      0.20
22      0.00      1.00      1.60      0.00      0.00      0.00      0.00      0.00     52.60      0.00     53.80      6.40
23      0.20      0.80      1.20      1.20      8.80      2.00      0.00      0.00     43.00      0.00      0.40     16.00
24      0.00      0.20      0.20      1.00      0.00      6.40      0.00      0.00      3.00     68.80      6.20      8.00
25      0.00      0.00      0.00      1.80      0.00      0.40      0.00      0.20     17.20     31.80      2.40      3.40
26      0.00      0.00      0.00      0.00      0.00      0.00      0.00      3.80     26.00      1.60     18.20      0.00
27      0.80      0.00      0.00      8.20      0.00      0.80      0.00      0.20     90.60      8.00     28.00      1.20
28      0.80      0.00      0.00      1.00      0.00      3.80      0.00      0.00      7.40      8.20      2.00      1.00
29      0.20    -99.00      0.40      0.00      0.00     12.20    222.20      4.00      1.80      0.00      1.00      0.40
30      0.00    -99.00      8.80      0.60      0.20      0.00      0.60      0.20      5.20     27.80      4.80     17.80
31      0.00    -99.00      5.60    -99.00      0.00    -99.00      1.20      0.00    -99.00     76.40    -99.00      0.00
2012
01      0.00      1.20      0.40      0.00      0.00     11.40      1.80     10.20      0.00      0.20      1.40      0.00
02      1.60      1.80      0.00      0.00      0.00     27.40      0.40      0.00     27.80      0.00      0.00      0.00
03      0.00      0.60      0.00      0.00      0.00      4.00      0.00      0.00     11.60      0.00      0.00     10.40
04      3.60      0.20      0.00      0.20      0.00      0.00     35.60      0.00     52.00      0.00      4.20      2.80
05      0.20      0.00      0.20     10.40      0.00      0.00     61.00      0.00     67.00      0.00      4.00      7.60
06      0.20      0.20      0.00      0.00      0.00      0.00      0.00      0.00      4.80     36.40      2.00      0.00
07      0.40      0.00      0.00     36.40      8.40     62.40      0.00      0.20     41.00    123.00      3.00      0.00
08      6.20      0.00     35.40      0.20      0.60      0.40      1.40      0.00      0.20     73.60      0.00      0.00
09     12.80      0.40      1.40      0.00      5.60      0.20      0.00      2.00      0.00      1.20      0.00      0.00
10      0.00      0.20      0.60      5.00      0.00      0.00      2.00      0.60      0.20     45.60      0.00      0.00
11      0.00      0.20      0.00      0.60      0.20      0.00      0.00      0.00      0.00     16.60     25.00      0.40
12      0.00      0.00      0.00      0.20      1.00      0.00      1.00      0.00      0.00      0.40     59.80     14.00
13      1.20      0.20      0.00     27.60      0.00      0.00      0.00      0.80      0.80      0.00      8.80      1.00
14      0.60      0.00      0.40      0.20      3.60      0.00      0.00      0.00     65.40      0.20      4.60      0.20
15      1.00      0.00      0.20      0.00     26.40     33.20      0.00      1.20     88.60      0.20      4.40      0.00
16      0.00      1.60      0.00      0.00      0.00     59.00      0.00      0.00     11.40      0.00      3.00      0.00
17      1.40      0.80      8.40      0.00      0.00      8.80      0.00      0.00     10.60      0.00     96.40      0.00
18      1.00      0.00      2.00      0.00      4.80     17.60      0.00      0.20      0.20      0.00      0.00     32.00
19      0.60      0.00      0.20      0.00      0.00      0.20      0.00      0.00      0.00      0.20      1.80     15.80
20      0.40      0.20      0.20      0.00      0.00      0.20      0.00      0.00      0.00      0.00      0.40      0.00
21      2.60      0.80      0.00     21.80      0.00      0.00      0.00      0.20      0.00      0.20      0.00      0.00
22      2.20      0.20      0.00      0.00      0.00      0.60      3.00     12.20      0.00      0.20      0.20      1.00
23      0.40      0.00      4.80      0.00      1.60      0.00     17.80      0.00      0.00      3.00      0.00     71.00
24      0.00      0.00      0.00      0.00      0.00      0.00      4.20     67.20      0.20      0.20      0.00      0.80
25      0.60      0.00      0.00      0.00      0.00      0.00      0.20      7.80      1.60      0.20      0.00      0.00
26      2.40      0.00      0.00      0.00      0.00      0.00      0.20      0.00     27.80      3.60      0.40     15.00
27      1.00      0.20      0.00      0.00      9.00      0.00      0.00      0.00     70.20     41.40      0.80      2.00
28      0.20      0.00      0.00      0.00      0.00      0.00      0.00      0.20     16.00     18.80      0.00      3.00
29      0.00      0.20      0.00      0.00      0.00      0.00      1.20      0.00     21.60     47.20      0.40      4.20
30      0.20    -99.00      0.00      0.00     58.00    -99.00      0.60      0.00     13.20      0.20      0.00     11.80
31      0.00    -99.00      1.80    -99.00     29.40    -99.00      8.40      0.00    -99.00      5.60    -99.00      0.00
2013
01      0.00      0.20      0.20      0.00     19.60      0.00     14.40      7.00      0.20      0.20      0.20      2.00
02      0.00      0.20      1.80      1.80     20.20      4.40      0.00      3.60      0.00     36.80      0.00      0.00
03      0.00      0.00      7.60      0.00      0.40     29.20      0.40      7.40      0.00      3.20      0.20      0.00
04      2.40      0.80      0.20      0.00      0.20     45.40      0.00      0.00      0.00      9.80      0.20      1.60
05      0.20      0.80      0.40      0.00      0.00     29.80      0.00      0.20     27.80      0.20    138.60      0.20
06      3.00      0.00      0.00      0.00      0.00      0.00      0.20      0.20     10.80      0.20     47.20      0.00
07      2.40      0.00      0.00      0.00      2.00      0.00      0.00     17.80     11.40      0.80     15.20      0.20
08      2.00      1.20      0.00      0.00      0.00      0.00      1.00      0.20      2.20      0.00      2.00      0.20
09      0.20      0.20      0.00      0.60      0.00      0.00      2.80      0.00      8.40      0.00      4.20      0.00
10      0.00      0.00      0.00      0.00      0.00      5.00      0.20      0.00     24.00      0.00     35.80      0.00
11      0.20      0.00      0.20      0.60      2.80     20.00      0.00      0.40     28.20     17.40      0.00      0.00
12      0.00      0.00      0.40      1.20      0.00      0.00      0.00      4.80     17.00      0.20      0.60      0.40
13      0.00      0.00      2.20      2.00      0.00      0.00      0.00      0.20     13.40      0.00      3.00      0.80
14      0.00      0.20      1.40      0.60      0.00      0.00      0.00      0.00     18.80     28.80     18.20      0.20
15      0.00      0.20      0.00      0.00      0.00      0.00      0.00      0.00      0.80    196.20    128.20      0.20
16      0.00      7.00      0.00     13.80      0.00      0.00      0.00      0.00     16.80      5.20      9.00     19.60
17      0.20      0.40      0.00      6.20      0.00     26.80      0.00      0.00     32.40     19.60     56.20      5.20
18      1.00      0.20      0.00      0.20      0.00      0.00      0.00      0.00    257.80      7.20     15.40      0.00
19      0.00      0.00      0.80      0.00      0.00      0.00      8.80      0.00     51.60     55.80     13.20      0.00
20      0.00      0.00      2.80      0.00      0.00      0.00     60.20      1.00     37.20     11.80      1.80      0.00
21      0.00      2.20      1.80      0.60      0.00      0.20      0.60      3.60     43.80     11.20      3.20      0.00
22      0.00      2.60      0.80      0.00      2.00     13.00      0.40      3.00      0.20     44.00      0.00      0.00
23      0.20      7.20      0.40     34.40      1.80      9.20     12.60      0.20      0.00     44.00      1.40      0.00
24      0.00      1.60      0.60      0.60      0.00      1.80      1.20      0.00      0.00      0.80      0.00      0.00
25      5.20      2.40      0.40     56.00      0.00      3.00     13.60      0.00     62.60      2.40      8.00      0.00
26      0.60      0.20      0.20      3.80      0.00      0.40      1.60      0.00     34.60      0.00      0.00      0.00
27      1.20      0.40      0.40      0.20      0.00      0.00      6.80      0.00     59.20      0.00      0.40      0.20
28      0.00      0.40      0.00      0.00      0.00      0.00     33.80      0.00     29.80      0.00     17.20      0.00
29      0.20    -99.00      0.20      1.80     18.60      0.00      1.40      0.00      4.40      1.80      0.00      0.00
30      0.00    -99.00      0.20      0.00      0.00      0.00      0.00      0.00     80.60      6.80      0.80      0.00
31      0.20    -99.00      0.00    -99.00      0.00    -99.00      0.00      3.20    -99.00      0.20    -99.00      0.00
2014
01      0.00      0.20      0.20      0.00      6.00     12.40      0.00      0.00     22.40      8.40      2.00    -99.00
02      0.00      0.20      0.00      0.00      3.20      0.00      0.00      0.00      9.60      0.00      0.20    -99.00
03      0.20      0.20      0.40      0.00      0.20      0.00      0.00      0.00      1.40      0.00     46.80    -99.00
04      0.00      0.20      0.00      1.60     12.40      0.00      0.00      0.20      4.00      0.00     68.40    -99.00
05      0.00      0.00      0.60      0.00      0.00      0.00      0.00      0.00      0.00      0.00      7.00    -99.00
06      0.20      0.00      0.20      0.00      0.20      0.00      0.00      0.00      0.00    -99.00      3.40    -99.00
07      0.20      0.00      0.00      0.00      1.60      0.00      0.00      0.00      0.80    -99.00      0.20    -99.00
08      0.00      0.00      0.20     23.80     21.00     19.60      0.00      0.00      0.00    -99.00      1.80    -99.00
09      4.60      0.20      0.20     16.40      1.20      0.00      0.00      0.00      1.20    -99.00      2.40    -99.00
10      1.40      0.20      0.80      0.20      0.00      1.00      0.00      0.00     25.20    -99.00      0.00    -99.00
11      0.20      0.40      0.40      0.00      0.00     26.80      0.00      0.00      0.00    -99.00      0.00    -99.00
12      2.20      1.00      0.00      0.00      0.80     29.40      0.00      0.00      0.00    -99.00     38.00    -99.00
13     14.80      0.40      0.00      0.00      0.00      7.00      0.00      0.60      0.00    -99.00     92.40    -99.00
14      0.00      0.20      0.00      0.00      0.00      0.00      0.00    -99.00      0.00    -99.00     13.00    -99.00
15      0.00      1.20      0.60      0.00      0.00      0.00      0.00    -99.00      0.00    -99.00     36.20    -99.00
16      0.00      0.00      1.40      0.00      1.40      0.00      0.00    -99.00     10.20    -99.00      2.40    -99.00
17      0.00      0.00      1.40      1.20      0.00      0.00      0.00      0.00      0.00    -99.00      9.00    -99.00
18      0.00      0.00      0.00      0.00      0.00      0.00      5.20      0.00      0.00    -99.00     14.20    -99.00
19      1.40      1.20      0.00      0.00      0.00      0.00      7.60      0.00      0.00    -99.00      4.00    -99.00
20      1.80      0.00      0.00      0.00      0.20      0.00    -99.00     31.40      0.00    -99.00      0.40      0.00
21      0.00      0.00      6.00      0.00      0.20      0.00      0.00     11.20      0.00    -99.00      0.00      1.40
22      1.60      0.20      0.40      0.00      0.00      0.20      0.00      5.00      0.00    -99.00      1.20      0.20
23      0.00      0.20      1.80      0.00      0.00      0.60     24.60      0.20      5.40    -99.00      0.00      0.00
24      0.40      0.00      0.20      0.00      0.00      0.20      0.00      0.00      3.20    -99.00      9.60      0.20
25      0.20      0.00      0.00      0.00      0.00      0.00      0.00      0.00      0.00    -99.00      0.20      0.20
26      0.20      0.60      0.00      4.80      0.00      0.00      0.00     17.20      0.20    -99.00      0.20      5.00
27      0.00      0.00      1.00      0.20      0.00      0.00      3.80      0.00      0.00    -99.00    -99.00      5.40
28      0.00      0.00      0.20      0.00      0.00     21.80      0.00      9.00      0.00    -99.00    -99.00      3.40
29      0.00    -99.00      0.00      2.40      0.00      0.00      0.00      0.40      1.20    -99.00    -99.00      0.00
30      0.00    -99.00      0.00      1.80      0.00      0.80     28.80     31.00     12.60    -99.00    -99.00      0.00
31      0.00    -99.00      0.00    -99.00      0.60    -99.00     25.80     63.20    -99.00    -99.00    -99.00      0.40
2015
01      0.00      1.00      0.00     28.00      0.00      0.60      0.00     17.20      8.00      5.00    111.80      0.60
02      0.80      6.20      0.00      7.80      0.00      0.00      0.00     88.20      2.40      5.20     93.80      0.00
03      1.60      0.00      0.20      0.00      0.00     12.80      0.00      8.40      0.00      0.40      0.40      0.00
04      0.00      0.00      0.00      0.80      6.80      0.00      0.00     21.40      0.00      0.00      8.00      1.00
05      0.00      3.60      0.00      0.00     18.60      0.00     18.40      0.20      0.00      1.20     78.20      0.00
06      0.20      0.00      0.00      0.00      0.20      0.00      4.00      0.00      0.00     35.80     18.60      2.00
07     14.60      0.00      0.00      0.00      0.40      0.00     10.20      0.20      0.00      6.40      1.00      0.00
08      2.00      1.60      0.00      0.00      0.00      0.00      0.00      0.00      1.40     35.00      2.00      0.20
09      8.80      0.00      0.20      0.00      0.00      0.00      0.00      0.00      0.00     93.80      7.00      0.00
10      0.00      1.00      0.00      0.00      0.00      0.00      4.00      0.00      1.40      5.00      0.60      0.00
11      0.00      0.00      0.00      0.00      0.00      8.00      1.80      0.00      8.40      0.20      0.20      0.00
12      0.00      0.00      3.60      0.00      0.00     42.40      0.40      2.60      0.20      0.00      0.00      0.00
13      0.00      0.00      0.40      0.00     20.80      0.20      0.00      0.00     21.60      9.60      3.20      0.00
14      0.00      0.00      0.00      0.20      0.20      0.00      0.20      0.00    246.40     43.00      0.20      0.20
15      0.00      0.00      0.00      0.20      0.00      4.20      0.00      0.00    237.00     31.60      0.00     39.60
16      0.00      0.00      0.00      0.20      0.20      0.00      0.00      0.00     27.00     26.40      0.20     23.40
17      1.40      1.00      0.00      0.00      1.20      0.00      5.20      0.00      0.20      0.20      0.00      0.00
18      2.20      4.20      0.00      0.00      0.00      0.00     11.40      0.00      0.00      0.20      0.20      1.80
19     23.40      4.80      0.00      0.00      0.00      2.60     23.60      0.00      0.00      0.20      0.00      2.00
20      0.00      0.00      0.00      0.00      0.00      0.00      0.80      0.00      0.00      0.20      0.20      0.00
21      0.00      0.20      0.00      0.40      0.00     36.60      0.00      0.00      3.20      0.00      8.40      0.00
22      0.20     17.00      0.00      3.00      0.00     29.00      0.00      0.00      0.00      0.00     18.60      1.20
23      0.40      0.20      0.00     16.80      0.00     52.60      0.00      0.00      9.80      0.00     13.60      0.00
24      0.20      0.00      5.80     66.80      0.00      6.00      0.00      0.00      0.20     17.00      0.80      0.00
25      0.40      0.00      3.40     79.00      6.40      0.00      0.00      0.00      0.00      0.20      0.60      0.00
26      0.00      0.00      3.60     26.00      0.00      0.00      7.60      6.20      1.20      0.00     86.00      0.00
27      0.20      0.00     29.80      0.20      0.00      0.00     14.60      0.00      0.00      0.00     31.00      0.20
28      0.00      0.00     22.40      2.40      0.00      0.00     15.20      0.00      0.00      0.20     11.00      0.00
29      0.00    -99.00      0.20     10.00      0.00      0.00      2.00      0.00      0.00      0.00     12.60      0.40
30      0.00    -99.00      0.00     14.80      0.00      0.00     25.00      0.00      0.00      0.00      0.00      0.20
31      0.00    -99.00     12.60    -99.00      0.00    -99.00      8.20      1.20    -99.00      2.40    -99.00     25.60
2016
01      8.00      0.20      0.20      0.00      0.00      0.00      0.00      1.80      6.40      0.20    327.80      1.00
02      0.60      0.40      1.80      1.80      0.00      0.00      0.00      0.00      1.20     26.80     27.60      0.20
03      0.20      0.20      0.40      0.00      4.40      0.00      0.00      0.00      0.00      2.60     22.60      4.40
04      0.00      1.60      0.20      0.00      1.20      0.00      3.60      0.00      0.00      0.00      3.40      2.40
05      0.00      0.20      0.00      0.00      0.00      0.00     21.80      0.00      0.00      0.40      0.00     20.40
06      0.00      0.20      1.20      0.00      0.00      0.00      0.40     24.40      0.00      6.20     48.00     15.00
07      0.00      0.00      0.20      0.00     32.80      1.80      0.00      0.00      1.60      3.00     31.80      1.00
08      0.00      0.00      0.00      0.00      0.00      6.60      0.00      0.00      0.00      0.00     19.00      0.60
09      0.00      0.00      0.00      0.00      0.00      4.00      0.00      0.00      0.00      0.00      3.20      0.00
10      0.00      0.00      0.00      0.00      0.00      0.00      0.00      0.00      0.00      0.00      3.60      0.00
11     12.00      0.00      0.20      0.00      0.00      0.00      0.00      0.00     43.00     16.80      2.80      3.00
12      2.00      0.00      0.20      0.00      0.00      0.00      0.00      0.00     27.80      4.20      0.40      0.60
13      1.60      0.00      0.00      0.00     57.40      0.00      0.00      1.60    121.00     68.40      0.00     30.60
14      0.20      0.00      0.00      0.00      0.00      0.00      0.00     16.00      0.40    223.40      0.00    152.60
15      0.40      2.00      0.00      0.00      0.00      0.00      0.00      4.20     47.20     80.80      0.00     92.60
16     10.60      0.00      0.00      0.00      0.60     32.20      0.00      2.60      0.00     49.80      0.20     22.00
17      7.60      0.00      0.00      0.00      0.00      0.20      0.00      0.00      2.40      0.00      2.60      0.60
18      2.80      0.20      0.00     10.20      0.60      0.00      0.00     13.40      0.00      0.00     14.40      6.60
19      0.40      0.40      0.00      0.00      0.20      0.00      0.00     17.40      0.00      0.00      1.80      6.00
20      0.00      0.00      0.00      0.00      0.00      0.00      0.00      0.00     14.00      0.20     11.60      5.80
21      0.00      0.00      0.00      0.00      7.40      0.00      0.00      0.00     75.40      0.00     13.40      4.60
22      0.40      0.00      0.00     63.60      3.80      1.00      0.00      0.00    167.40      0.00     19.20     18.20
23      8.60      0.40      2.00     18.40     41.40     38.20     16.40     15.40     33.20      8.80     20.80     19.80
24      4.00      1.00      0.60      0.20     19.60      3.20      0.00     58.60      1.40      4.20     82.00      2.60
25      0.40      0.00      0.40      0.00     30.60     20.40      6.00      7.00     32.80      0.00      0.00      2.00
26      0.00      0.00      0.20      0.00      0.00      1.80      2.40      0.00      6.40      1.40      6.40      0.00
27      0.00      0.20      0.20      0.00      0.00      8.00      5.00      0.00      0.20      0.20      0.40      8.60
28      0.20      0.00      0.00      0.00      0.00      9.80     16.00      2.80      0.00      0.00      0.00      0.20
29      0.60      0.00      0.00      1.00      0.00      2.40      0.00      5.80      0.60     61.40      4.80      0.20
30      4.80    -99.00      0.00      0.20      0.00      0.00      0.00      0.00      5.80    111.60      1.40      0.00
31      1.00    -99.00      0.00    -99.00      0.00    -99.00      0.00      0.20    -99.00     20.20    -99.00      2.40
2017
01      5.60     11.00      0.20      0.00      0.00      0.00      0.00      3.00      0.00      0.60      5.60      2.00
02      1.00      5.80      0.00      0.80      0.00      0.00      0.00      0.00      0.00     10.00      4.00     24.80
03      1.60     15.60      0.00      2.40      0.00      0.00      0.00      0.00      0.00      3.00      0.00      3.80
04      3.40      1.80      0.00      0.20     32.20      0.00      0.00      0.00      0.00      1.20     43.20      8.00
05      1.00      0.00      0.20      0.00      0.00      0.00      0.00      0.00      0.00      0.00     44.40     11.80
06      0.00      0.20      0.00      0.00      0.00      0.00      0.00      0.00      0.00      4.20      0.80      0.00
07      0.20      0.00      0.00      7.20     21.80     48.40      0.00      0.00      1.20      7.80     17.60      0.00
08      1.40      0.00      0.00      0.20      0.00     29.00      0.00      0.00      0.00     29.60     28.00     41.40
09      0.40      6.00      0.20      0.00      4.00      0.00      0.00      0.00      0.00     54.40     24.20      6.80
10      4.40      0.00      0.00      0.00     20.00      0.60      0.00      0.00      0.00      0.60     46.40      0.00
11      0.80      0.40      0.00      0.00      0.00      0.00     43.60      0.00      0.00     10.40      7.20      2.60
12      0.80      0.00      0.20      3.20      0.60      7.20     49.20      0.00      0.00      3.80      0.00      0.00
13      0.00      2.20      0.00      1.20     12.00      0.00      3.80      0.00     16.40      0.40      0.00      0.00
14      0.00      0.80      0.00      0.00     13.00      0.00      0.00      0.00    148.60      0.00      3.60      0.00
15      0.20      2.00      0.20      0.00      8.20      0.00     63.80      8.40    141.20      0.20      7.20      1.00
16      0.00      0.00      5.80      0.00     10.60      0.00     76.00      0.40      1.00      0.00     30.80     52.20
17      0.20      0.20      1.40      0.00      0.00      0.00      4.00      0.00      3.40      0.00      0.00      0.60
18      0.00      0.00      4.60      0.00      0.80      1.60      0.00      5.00      9.40      9.40      0.00      0.00
19      0.00      0.00      0.20      0.40     51.60      0.00      0.00     16.20      0.20     16.60     24.60      0.00
20      0.00      0.00      0.00      0.00      0.20      1.00     10.40      0.00      0.00      0.20    148.60      0.00
21      3.00      0.20     38.80      0.00      0.00      0.00     28.40      0.00      0.00      1.20      1.60      0.00
22     20.40      0.00      0.00      0.00      0.00      0.00      1.00      0.00      0.00      0.20      5.00      0.00
23      1.60      0.20      0.20      0.00      0.00      0.00      1.80      0.00      7.00      4.40      2.20      1.80
24      0.20      0.60      0.00     13.20     50.80     24.60      2.20      0.00      1.40     16.20      0.00     10.20
25     11.00      0.80      2.00      0.20     26.80     13.20    142.40     19.80      0.60      6.60      0.00      0.60
26      1.80      0.00      0.00      0.00      1.80     22.00     14.40     31.00      0.00      2.60      0.00      7.00
27      0.00      0.00      0.00      0.60      0.00      0.00     12.20     10.00      0.00      3.00      0.00      1.40
28      0.20      0.00      0.00      0.00      3.60      0.80      6.60     10.20      0.00      1.20      3.40      0.00
29      0.20    -99.00      2.60      0.00      2.60      0.00      0.60      4.00      0.00      4.20      4.80      2.20
30      0.40    -99.00      0.00      0.00      1.80      0.00      4.20     61.80     28.20      9.20      1.00      7.40
31      0.00    -99.00      0.40    -99.00      0.00    -99.00      7.40     14.80    -99.00     13.20    -99.00      6.80
2018
01      1.20      0.00      0.40      0.00      5.60      0.00      0.00      0.00      0.00      0.40      0.20      0.20
02      2.60      0.20      0.00      0.00      0.00      0.00      0.00      0.00      0.00      1.20      0.20      0.20
03      7.20      0.00      4.80      0.00      0.00      3.60      0.00      0.00      0.00      3.20      0.00      0.00
04      7.80      0.00      0.00      0.00      0.00      6.60      0.00      0.00      0.00     18.00      0.00      8.00
05      2.00      0.00      0.00      0.00      4.60      5.60      0.00      0.00      0.00      0.20      5.20      0.00
06      0.60      0.00      2.00      2.20      1.00      2.40      0.00      0.00      0.00      0.20      8.40      1.40
07      0.00      0.00      0.20      3.00      0.00      5.00      0.00     54.20     16.20      0.40      9.00      0.80
08      1.80      0.00      5.60      0.00      0.00      0.60      0.40     11.40      0.00      0.00    124.20     52.20
09      0.80      0.00      0.20      0.00      2.40      2.20      0.00      4.40      0.80      0.00     48.00     42.20
10      0.00      0.20      0.20      0.00     12.00      0.00      1.00      3.60      0.00     43.20      1.60     29.20
11      0.00      0.00      0.40      0.20      0.00      0.00     40.80      0.00      0.00    169.00      0.00     15.40
12      0.00      3.20      0.40      0.00      0.00      0.00     23.20      0.20      7.60     21.00      0.00      6.00
13      1.20      0.40      0.00      0.00      1.60      0.00     54.20     31.80     40.80     31.60      0.00      0.00
14      2.60      0.00     11.80      0.00      0.00      2.80      4.00      8.00      2.60      0.20      0.20      0.20
15      0.20      0.20      1.80      0.20      0.20      1.20     17.40      0.00     36.00      0.20      0.20      2.00
16      0.20      0.20      0.20      0.00      0.00      2.80     70.00     10.20      5.00      0.00      0.00      4.20
17      0.00      0.00      0.00      0.20      7.40      0.00     43.20      1.60      0.00      0.00      0.00      0.40
18      0.00      0.40      0.00      0.00      0.00      0.00     42.80      0.60     67.60     14.40      0.00      0.00
19      0.20      0.20      0.00      0.00      0.00      0.00      0.20      0.20      9.60      7.40      0.00      0.00
20      0.20      0.20     10.00      0.40      0.00      0.00      0.00      0.00      0.20     43.40      0.00      0.00
21      2.20      3.20      0.00      0.00      0.00      0.00     24.60      0.00      0.00      0.00      0.20      0.00
22      1.40     12.60      0.00      0.00      0.00      0.00    107.20      0.00      0.60      0.40     80.40      0.00
23      3.60      0.20      0.00      0.00      0.00      0.00      0.00      0.80      2.20      0.00      3.60      1.80
24      7.60      0.00      1.00      0.00      0.00      0.00      0.00      1.00      0.00      0.20      7.80      0.20
25      0.20      3.40      0.00      0.60      0.20      5.40      4.00      9.20      0.20      0.00      4.60      0.00
26      0.20      1.80      0.00     19.60      0.40      0.00     14.80     12.40      0.00      0.00      0.60      0.00
27     16.20      1.00      0.40     18.20      0.00     20.20     38.40      2.80     18.60      0.00      2.40      4.00
28      1.40      0.00      0.00     25.00      4.80      0.00     12.20      4.80     10.60     23.40      0.00      0.80
29      3.60    -99.00      0.00      9.60      0.00      0.20     21.00      1.80     45.40      5.80      7.40     21.20
30      0.00    -99.00      0.00     34.40      0.00      0.00      5.60      0.20      0.60      0.20      5.40      7.20
31      0.60    -99.00      0.00    -99.00      0.40    -99.00      2.40      0.00    -99.00      0.00    -99.00      0.00
