GiaVuc              
   108.56200       14.706000             161
2011
01      0.00      0.00      0.00      0.00      0.00      0.00      0.00     18.40      0.00     48.20      9.60     12.80
02      0.00      0.00      0.00      0.00      0.00      0.00      0.00      0.60      0.00      5.00     17.60      0.60
03      0.00      0.00      0.20      0.00      0.00      7.20      0.00      6.60      0.00     48.80      0.60      3.40
04     13.20      0.00     15.20      0.00      0.00     26.00      0.00      0.00      7.00     28.20     18.60      0.00
05      3.80      0.00      0.00      0.00      0.60      0.20      0.00      0.00      7.60      0.20     52.80      1.00
06     12.80      0.20      0.00      0.00      0.00      6.00      0.00      0.00      0.00      0.00     17.80      7.80
07     13.40      0.20      4.80      0.00      0.00      0.00      0.00      0.00      0.00     28.00     66.60      1.60
08      0.20      0.20      2.20      0.00      0.00      0.00      0.00      0.00     11.40      5.80    140.20     23.80
09     39.40      0.20      3.00      0.00      0.00      0.00     13.60      0.00      1.00    160.40     10.40     22.00
10      1.00      0.20      2.20      2.40      0.00      0.00     20.00      0.00     55.80     35.40      1.80     27.60
11      0.20      1.80      0.80      1.00      0.00      0.80      0.20      0.00      8.80     12.80      0.00      6.60
12      0.20      0.00      0.40      0.00     13.60      0.00      0.00      0.00     42.20    111.40      0.20      0.00
13      0.00      0.40      0.00      0.20      0.20      0.00      0.00      0.00      4.00     13.20      6.60      0.00
14      0.20      2.40      0.00      0.00      2.20      0.00      0.80      0.00      0.20     36.20     12.60      0.00
15      1.00      0.00      1.40      0.00      2.00      0.00      1.80      0.00      0.00     46.00      0.00     11.00
16      0.00      0.00      4.20      0.00     35.60      0.00      0.40      3.20      0.00    288.00      0.00     23.20
17      0.80      0.20      8.00      0.00     43.20      0.00      0.60      3.40      1.40    146.20      0.00      8.00
18      1.60      1.40      0.00     20.20      0.00      0.00      0.00      0.20      0.80      7.00      0.20      5.80
19      0.60      1.20      0.00      3.20      0.60      0.00      0.00      7.00      0.20     15.40      0.40      2.60
20      0.20      0.80      0.00      2.80      6.80      0.00      0.40      0.20      6.00      0.20      5.00      0.20
21      7.40      0.40      0.00      0.20      0.00      0.00      0.00      0.00     11.20      6.20     14.80      0.00
22      0.00      1.40      6.80      0.00      0.00      0.00      0.00      0.00     84.60      0.00      9.20     14.20
23      1.60      0.60      2.80      0.00      8.00      0.00      3.20      0.00     81.40      0.20      0.00     16.80
24      3.60      0.00      3.00      4.00      0.00      0.00      0.00     14.40      5.00     11.60      1.40      7.60
25      0.20      0.00      6.80      1.20      0.00      0.00      0.00      0.00     18.20     15.00      4.00      4.40
26      1.00      0.00      3.00      0.20      0.00      0.20      0.00      0.40     51.00     10.00     20.80      0.40
27      1.60      0.00      6.20      4.60      0.00      0.40      0.00      1.40    175.20      7.80     64.40      1.80
28      3.00      0.00      0.60      0.60      0.00      0.60      0.00      0.00      0.00      0.00      0.20      1.60
29     17.20    -99.00      2.00      0.00      0.20      2.20      0.00      0.40      2.60      0.00      0.20      0.20
30      0.80    -99.00      9.20      0.20      0.00      0.00      3.00      0.00      6.40     16.00      0.40     17.40
31      0.60    -99.00      5.40    -99.00      0.00    -99.00     12.20      0.00    -99.00      8.20    -99.00      1.40
2012
01      1.00      0.00      0.80      0.00      0.00     24.40      0.00      2.00      0.80      0.00      6.80      0.20
02      1.00      1.80      0.20      0.00      0.00      2.00      0.00      0.00      2.60      0.20      0.00      0.60
03      0.00      1.00      0.20      0.00      0.00      1.40      3.20      0.00      7.20      0.00      0.00      7.60
04      8.80      0.00      0.00      0.20      0.00      0.00      4.80      0.00     48.40      0.00      0.00      0.40
05      0.60      0.00      0.00     19.60      0.00      0.00      8.60      0.00     90.20      0.00      3.00      7.20
06      0.20      0.00      0.00      0.00      0.00      0.00      0.00      0.00      2.40     18.60      0.60      0.00
07      2.20      0.20      0.00     52.00      0.00      8.20      0.00      0.40      2.60    142.80      2.60      0.00
08      9.60      0.60      5.20      0.00      0.40      1.00      2.60      1.00      0.00    102.20      0.00      0.00
09     27.40      0.20      0.60      0.00      2.00      0.00      0.20      0.60      0.00      0.40      0.00      0.00
10      0.20      0.40      1.60      2.60      0.40      0.20      0.00      0.00      0.20      4.00      0.00      0.00
11      1.80      0.20      2.40      0.20      0.00      0.00      0.00      0.00      0.00      4.00      6.00      0.20
12      0.40      0.00      1.40      0.00      0.40      0.00      0.00      0.00      0.20      0.00     38.40      4.00
13      1.60      0.00      1.40      0.40      0.00      0.00      0.00      0.00      5.20      0.00      7.00      1.40
14      0.40      0.00      0.20      0.00      0.20      0.00      0.00      0.00     86.00      0.00      1.40      0.60
15      0.00      0.00      0.00      0.00      0.00     12.80      0.00      7.80    192.40      0.00     11.00      0.40
16      0.80      2.00      0.00      0.00      0.00     36.80      0.00      0.00     22.80      0.00     10.80      0.00
17      0.20      2.00      0.80      0.00      0.00      0.20      0.00      0.00      1.60      0.00    117.00      0.00
18      1.40      4.20      0.40      0.00      0.80      5.60      0.00      0.20      0.20      0.00      0.00     14.40
19      0.60      7.00      0.20      0.00      0.00      0.00      0.00      0.00      0.20      0.00      3.20     39.00
20      0.20      0.60      0.00      0.00      0.00      0.00      0.00      0.00      0.00      2.80      0.20      0.20
21      0.00      0.40      0.20     21.00      0.00      0.00      0.00      0.00      0.00      0.00      0.00      0.00
22      2.00      0.20      0.00      0.00      0.00      0.80      0.00     16.60      0.00      0.00      0.00      3.20
23      3.00      0.00      1.40      0.00      0.00      0.00      9.80      0.40      0.00      0.00      0.00     92.20
24      0.80      0.00      0.60      0.00      0.00      0.00      2.00     20.40      0.00      0.00      0.20      6.20
25      1.20      0.00      0.00      0.00      0.00      0.00      0.20      8.60      0.00      0.00      0.00      0.40
26      0.60      0.60      0.00      0.00     28.60      0.00      0.20      0.20     23.00     12.80      0.20     29.40
27      0.40      0.80      0.00      0.00     62.60      0.00      0.00      0.00     74.20     42.40      2.00      2.60
28      0.20      0.40      0.00      0.00     14.60      0.00      0.00      0.60     34.00     23.20      0.00      6.40
29      1.00      0.20      0.00      0.00     13.20      0.00      0.00      0.00     17.80      0.00      0.00      2.40
30      0.80    -99.00      0.00      0.00     26.20      0.00      0.20      0.00      4.40      1.60      0.00     17.00
31      2.20    -99.00      0.60    -99.00     21.60    -99.00      0.80      0.00    -99.00      3.40    -99.00      0.40
2013
01      0.20      0.00      0.00      0.20     11.20      0.00     79.00      0.00      0.20      2.80      0.80     10.40
02      0.00      0.00      0.40      0.00      7.60      0.00      0.00      8.00      0.00     49.20      0.00      0.00
03      0.00      1.20     19.60      0.00      0.00     54.60      0.20      4.60      0.00      4.80      0.20      0.00
04      1.00      0.20      2.60      0.00      0.20     52.80      0.00      0.00      0.00     13.20      3.00      1.80
05      0.00      1.20      0.00      0.00      0.00      0.00      0.00      0.00     20.40      0.00    121.80      0.40
06      2.60      0.00      1.00      0.00      0.00      0.00      0.00      0.00     21.40      0.20     12.80      0.20
07      0.60      0.00      0.00      0.00     16.00      0.00      0.00     22.00     12.00      0.20      1.80      0.00
08      1.80      0.00      0.00      0.00      0.00      0.00      7.80     34.40      1.60      0.00      1.60      0.20
09      0.40      1.40      0.00      0.80     28.40      0.00      0.00      6.60      7.00      0.00      2.80      0.00
10      0.00      0.00      0.00      0.20     26.00    136.40      0.00      0.00     48.80      0.20     38.80      0.00
11      0.40      0.00      0.00      6.00      1.20     11.20      0.20      5.60      8.80     12.80      0.00      0.20
12      0.00      0.00      0.20      8.40      0.00      0.00      0.00      9.20     12.20      2.00      0.00      0.40
13      0.00      0.00      2.20      1.80      0.00      0.00      6.60      0.00     34.00      0.00      0.20      1.00
14      0.00      0.00      0.60      0.00      0.00      0.20      0.00      0.00      0.00     24.40     13.40      0.60
15      1.00      0.20      0.00      0.00      0.00      0.00      0.00      0.00      0.00    125.60    138.80     18.80
16      0.20      4.40      0.00      9.60      0.00      0.00      0.00      0.00     28.20     23.60     37.40     14.00
17      0.20      0.00      0.00     13.00      0.00      0.00      0.00      0.00     12.60     53.60    107.20      5.00
18      1.40      0.00      0.00     11.80      0.00      0.00     11.20      0.00    186.80     22.00     19.00      1.20
19      1.00      0.00      3.40      0.00      0.00      0.00      0.40      0.40     28.60     51.40      6.40      0.00
20      0.00      0.00     20.60      0.00      0.00      0.00     15.40      0.20     37.80     16.20      6.80      0.00
21      0.00      0.00      0.00      0.00      0.00      0.00      0.00      0.20      5.80     37.40      5.40      0.00
22      0.00      4.20      2.00      0.00      2.60     12.80      3.00      0.00      0.00     40.40      1.60      0.00
23      0.00     21.80      0.00      1.20      0.00      3.20      7.40      0.00      0.00     76.00      1.40      0.00
24      0.00      1.80      0.00      0.00      0.00      0.40      0.80      0.00      0.00      0.00      0.00      0.00
25      0.40      0.40      0.00      6.00      0.00      7.60      1.20      0.00      0.00     45.20     24.80      0.00
26      0.20      0.00      0.00      1.20      0.00      0.00      0.00      0.00     68.80      0.00      0.80      0.00
27      0.80      0.00      0.00      0.20      0.00      0.00      2.20      0.00     54.80      0.00      0.20      0.00
28      0.00      0.00      0.20      0.00      0.00      0.00     20.20      0.00     81.60      0.00     30.40      0.80
29      0.60    -99.00      0.40      1.00      0.00      0.00      3.20      0.00      1.60      2.40      2.40      0.40
30      0.00    -99.00      0.00      0.00      0.00      0.00      0.00      0.00    101.00      7.60      1.40      0.00
31      0.60    -99.00      0.40    -99.00      0.00    -99.00      0.00      0.00    -99.00      0.00    -99.00      0.00
2014
01      0.00      0.20      0.00      6.80      1.80     12.80      0.00      0.00     11.40      0.20      2.00     24.00
02      0.00      0.00      0.00      0.00      0.00      0.00      0.00      0.00      4.00      0.00      0.00    135.60
03      0.20      0.00      0.20      0.00      0.00      0.00      0.00      0.00      0.20      0.00     93.40     14.60
04      0.80      0.20      0.20     23.80      1.60      0.00      0.00      0.00      0.00      0.00    103.20      5.60
05      0.00      0.00      1.60      0.00      0.00      0.00      0.00      0.00      0.00     18.00      0.20      0.80
06      0.00      0.00      0.40      0.00      0.20      0.00      0.00      0.00      0.00    144.80      0.00      0.20
07      0.20      0.00      0.00      0.00      0.80      0.00      0.00      0.00      2.00     10.60      0.00     31.40
08      0.20      0.20      0.20      3.80      8.00     20.20      0.00      0.00      0.00      3.20     10.80      1.00
09      3.40      0.20      1.80      0.00      0.40      0.00      0.00      0.00      0.00      0.00      0.60      1.00
10      2.20      3.80      0.40      0.00      0.20      0.00      0.00      0.00      0.00      0.00      0.00      1.80
11      0.60      2.00      0.20      0.00      0.00     15.20      0.00      0.00      0.00      0.40      0.00      0.20
12      0.60      1.20      0.00      0.00      5.60     13.20      0.00      0.00      2.00     20.60     44.00     11.40
13      6.80      0.80      0.40      0.00      0.00      2.00      0.00      5.60      0.00     53.00     80.40     12.80
14      0.20      1.00      0.20      0.00      0.00      0.60      0.00    -99.00      0.00     12.80     13.00      0.00
15      0.00      0.20      1.40      0.00      0.00      0.00      0.00    -99.00      0.00      6.20     15.40      0.20
16      0.20      0.00      1.60      0.00      5.20      0.00      0.00    -99.00      8.80      0.00      0.20      8.40
17      0.20      0.00      1.20      0.00      0.00      0.00      0.00      0.20      0.00     43.20      5.20      6.80
18      1.00      0.80      0.00      0.00      0.00      0.00      1.00      9.40      0.00     17.20     10.40      0.00
19      3.80      9.00      0.20      0.00      0.00      0.00      0.80      0.00      0.00      0.60      1.40      0.00
20      2.80      0.20      0.00      0.00      0.00      0.00    -99.00     12.80      0.00      1.80      0.20      0.00
21      0.00      0.00     13.00      0.00      0.00      0.00      0.00      3.80      0.00      1.80      0.00      0.40
22      5.20      0.00      1.80      0.00      0.00      0.00      0.60      0.00      0.00     13.20      0.00      1.80
23      0.00      0.00      1.20      0.00      0.00      0.20     42.60      0.00      0.20     40.00      0.00      0.00
24      0.00      0.00      0.00      0.00      0.00      0.00      0.20      0.00     25.80     22.60      2.80      1.20
25      0.20      0.00      0.00      0.00      0.00      0.00      0.00      0.40      1.00      9.40      0.40      0.00
26      0.80      1.40      0.00      0.00      0.00      0.00     42.00     33.20      0.00     55.00      0.00      3.40
27      0.40      0.00      0.00      0.00      0.00      0.00      8.40      5.40      0.00      2.20      0.00      8.40
28      0.00      0.00      0.00      0.00      0.00     66.00      0.00     98.60      0.00      5.60      0.00     21.80
29      0.00    -99.00      0.00      0.00      0.00     19.80      0.00      0.20      0.00      0.00      0.00      0.00
30      0.20    -99.00      0.00      0.60      0.80      0.80      0.20      3.60      2.00      0.80     12.60      0.00
31      0.00    -99.00      0.00    -99.00      8.20    -99.00      5.80     32.40    -99.00     22.20    -99.00      0.40
2015
01      0.00      0.20      0.00      1.60      0.20      0.60      0.00     17.20      1.20     14.00     92.00      0.20
02      1.80      4.60      0.00      0.00      0.00      0.00      0.00      6.00      0.00     95.40     29.60      0.00
03      1.60      0.00      0.20      0.00      0.00      0.00      0.00      1.00      0.00     25.20      5.20      0.00
04      0.00      0.20      0.00      0.00      0.00      0.00      0.00      6.80      0.00      0.20     22.80      2.40
05      0.20     10.60      0.00      0.00      1.40      9.00      7.20      0.20      0.00     39.00    121.00      0.00
06      0.00     13.20      0.00      0.00      0.00      0.00     18.60     16.40      0.00      4.80     37.80      8.40
07      3.00      0.00      0.00      0.00      0.00      0.00      1.20     23.20      0.00     25.20      0.00      2.40
08      0.20      4.60      0.00      0.20      0.00      0.00      0.00      0.00      0.20     37.00     14.00      0.00
09      8.40      0.20      0.20      0.00      0.00      0.00      3.80      0.00      0.00     12.00      3.20      0.00
10      0.40      0.00      0.00      0.20      0.00      0.00      0.00      0.00      2.00      0.20      1.00      0.00
11      0.00      0.00      0.00      1.80      0.00      0.00      1.00      0.00      2.40      2.40      0.00      0.00
12      0.00      0.80      0.00      5.20      0.00      0.00      8.00      0.60      0.20      4.20      0.00      0.00
13      0.00      0.00      0.20      0.00      0.00     12.00      0.40      0.00     29.20     20.20      0.00      0.20
14      0.00      0.00      0.00      0.20      0.00      0.00      0.00      0.00    147.00     86.60      0.00      0.20
15      0.00      0.00      0.00      0.00      0.00      4.20      0.00      0.00    120.20     46.60      0.00     86.80
16      0.00      0.00      0.00      0.20      0.00      0.00      0.00      0.00     15.60     20.00      0.00     26.80
17      1.20      0.00      0.00      0.00      3.80      0.00      2.00      0.00      3.60      0.20      0.00      6.20
18      5.60      0.60      0.00      0.00      0.00      0.00      2.40      0.00      2.60      0.20      0.00      1.60
19     31.00      0.20      0.00      0.00      0.00      0.00     15.20      0.00      0.00      0.20      0.00      1.00
20      0.00      0.00      0.00      0.00      0.00      0.00      0.60      5.40      0.00      0.00      1.60      0.00
21      0.00      0.00      0.00      0.00      0.00     16.40      0.00      0.00      1.60      0.20     18.20      0.60
22      0.00     11.00      0.00      9.40      0.00     22.40      0.00      0.00      0.00      0.00     28.20      0.80
23      0.20      0.00      0.00     80.20      0.00     40.40      0.00      0.00      5.40      0.00     16.80      0.00
24      0.20      0.20      0.60     38.40      0.00      0.80      0.00      0.00      0.20     26.20      1.20      0.00
25      0.20      0.00      0.00      1.40      0.00      0.00      0.00     13.20      0.00      0.00      0.00      0.00
26      0.00      0.00      7.40      2.00      0.00      0.00     10.80     17.60      0.00      0.20     49.80      0.60
27      0.00      0.00     14.20      0.20      0.00      0.00      7.40      0.00      0.00      0.00     45.20      0.40
28      0.00      0.00      0.40     31.60      0.00      0.00     13.40      0.00      0.00      0.00     12.00      1.20
29      0.20    -99.00      1.20      0.80      0.00      0.00      4.80      0.00      0.00      1.40     17.40      2.80
30      0.00    -99.00      0.00      1.20      0.00      0.00     26.00      0.00      0.00      0.40      0.80      1.80
31      0.00    -99.00      0.20    -99.00      0.00    -99.00      6.40      0.00    -99.00      4.00    -99.00     46.80
2016
01     11.40      5.80      0.00      0.00      0.00      0.00      0.00      0.00      0.40      0.20     91.80     21.80
02      0.60      8.20      2.20     10.40      0.00      0.00      0.00      0.00      0.00     32.80     19.20      5.20
03      0.20      0.00      0.00      0.00      0.20      0.00      0.00      0.00      0.00     26.60      4.60      9.20
04      0.20      1.20      0.00      0.00      0.00      0.00    -99.00      0.00      0.00      0.00      6.40      5.00
05      0.00      0.80      0.20      0.00      0.00      0.00     40.60     10.40      0.00      0.40      0.00     12.40
06      0.00      3.20      0.20      0.00      0.00      0.00      3.20      0.00      0.00     16.40     77.40     14.60
07      0.00      0.00      0.00      0.00      0.00      0.00      0.40      0.00      0.00      9.60      4.60     13.20
08      0.00      0.00      0.00      0.00      0.00      1.60    -99.00      0.00      0.00      0.20     26.60      5.60
09      0.00      0.00      0.00      0.20      0.00      0.20      0.00      0.00      0.00      0.00      0.60      0.00
10      0.00      0.00      1.00      0.00      0.00      0.00      0.00      0.00      0.40      0.20      8.80      0.00
11     11.40      0.00      1.60      0.00      0.20      0.00      0.00      9.00     17.80     12.20      2.60      4.20
12      2.00      0.20      0.80      0.00      0.00      0.00    -99.00      0.00     40.00      8.20      0.20      2.40
13      3.40      0.00      0.00      0.00     55.40      0.00      0.00      7.20    111.80     45.20      0.00     16.60
14      0.00      0.00      0.20      0.00      0.00      0.00      0.00     27.40      0.60    211.40      0.00    144.20
15      0.60      2.60      0.00      0.00      0.00      0.00      0.00      8.80      0.00     61.80      0.00    106.80
16      3.00      1.00      0.00      0.00      2.60      0.00    -99.00      0.20      0.00     52.00      0.00     24.40
17      2.40      0.00      0.00      0.00      0.00      6.00      1.00      0.60      0.00      1.00      2.40      2.40
18      1.80      0.00      0.00      0.00     18.60      0.00     14.80      0.20      1.80      0.00     13.40      6.80
19      0.00      0.40      0.00      0.00      0.00      0.00    -99.00      9.60      2.80      0.00      2.80      8.40
20      0.00      0.40      0.00      0.00      0.00      0.00      0.00      0.60     12.00      0.40     15.40      2.40
21      0.00      0.00      0.20      0.00      3.00      0.00      8.80      1.80     31.80      0.00     16.00      1.00
22      0.20      0.00      0.00     77.60      2.00      0.00      0.00      2.40    216.20      0.00      7.00      8.40
23     11.20      0.80      0.20     10.80      8.20      0.00    -99.00      0.40     29.20      2.00     21.80     30.00
24     27.60     11.00      1.60      0.00      5.60      0.60      0.00      0.60      2.40      1.80    153.80      1.80
25      5.40      6.40      3.60      0.00      3.20      0.00      0.00      0.00      2.60      0.00      0.20      1.80
26      0.00      1.20      0.40      0.00      0.00      0.80    -99.00      0.00      7.00      5.40     17.00      0.00
27      0.00     16.20      0.80      0.00      0.00     25.80    -99.00      0.00      0.00      0.00      1.60      2.00
28      0.00      0.00      0.20      0.00      0.00     11.80      3.00      2.80      0.20      0.40      0.40     12.20
29      0.80      0.00      0.00      0.20      0.00      1.60     10.60      4.80      0.60     49.80      9.40      7.20
30      3.80    -99.00      0.00      0.00     14.00     52.60    -99.00      0.00      0.00     58.20     22.60      3.40
31      0.60    -99.00      1.20    -99.00      0.00    -99.00      0.00      0.00    -99.00     10.80    -99.00      5.20
2017
01     14.80     26.20      1.20      0.00      0.00      0.00      3.60      1.40      0.00      0.00     22.00      1.60
02      3.20      2.40      0.40      2.00      0.00      0.00      0.20      0.00      0.00     12.60     17.80     37.40
03      0.80     18.00      0.00      0.00      0.00      0.00      0.00      0.00      0.00     17.20      0.00     11.60
04      3.60      0.00      0.20      0.00      0.00      0.00      0.00      0.00      0.00      1.80     26.80      7.80
05      0.40      0.00      0.20      0.00      1.40      0.00      0.00      0.00      0.00      0.00     55.00     24.00
06      0.40      0.20      0.20      0.20      0.00      0.00      0.00      0.20      0.20      0.00      9.80      0.00
07      0.00      0.20      0.00      0.00      0.00     53.40      0.00      0.00     22.40      1.00     29.80      0.20
08      0.00      0.20      1.40      0.00      0.00     32.20      0.00      0.00      0.00     50.60     42.40     29.20
09      2.00      6.40      0.00      0.00      0.00     12.60      0.00      0.00      0.20    116.40     14.00      4.80
10      2.40      2.20      0.20      0.00      0.00      0.00      3.60      0.00      0.00      4.40     27.20      0.00
11      0.20      5.20      0.00      0.00      0.00      0.00      1.60      0.00      0.00     70.00      9.20      2.60
12      1.80      6.60      0.40      7.60      0.40      0.00     95.40      0.00      0.00      6.20      0.20      0.00
13      1.40      4.80      0.00      8.80      1.40      0.00     12.00      0.00     45.80      3.00      0.00      0.00
14      1.60      0.80      0.40      0.00      0.00      0.00      1.80      0.00    176.20      0.00     14.40      0.20
15      5.60      1.40      1.00      0.00     13.60      0.00      5.40      6.60    164.40      0.60      2.60      2.40
16      4.20      6.40      6.00      0.00      3.80      0.00     63.40      0.00      0.00      0.00     82.60     81.60
17      1.80      0.20      0.40     15.00      0.00      0.00      4.60      0.00      0.00      0.00      0.00      2.00
18      0.00      0.00      0.00      0.20      0.20      0.00      1.60      4.00      0.00     30.20      0.00      0.20
19      0.20      0.00      2.40      0.00     47.40      0.00      0.00      2.40      0.00      6.00     25.40      0.00
20      0.60      0.00      0.00      0.00      0.20      0.00      4.60      0.20      0.00      0.20    248.00      0.00
21      0.20      0.20      0.00      0.00      0.00      0.00      2.60      0.00      0.00      4.40     32.00      0.20
22     17.80      0.00      0.00      0.00      0.00      0.00      3.40      0.00      0.20      0.20     31.80      0.00
23      5.40      1.80      0.00      0.20      0.00      2.20      0.80      0.00      4.00      6.00     34.60      2.60
24      0.20      4.80      0.00      4.20     22.60     17.80      0.00      0.00      1.00     30.20      6.60     24.20
25     13.00      3.80      0.00      0.00     13.20      0.20    221.20      0.00      0.20     11.40      0.00      0.60
26      1.60      5.80      0.00      1.00      0.80      5.20      3.00     29.40      0.00      6.40      0.00      5.20
27      0.20      0.00      0.00      1.20      2.00      0.00     20.60     12.40      0.00      8.20      1.00      6.60
28      0.00      0.00      0.00      0.20      0.20      0.00      7.60      5.80      1.00      0.00     10.20      0.60
29      0.20    -99.00      0.00      0.00      0.40      1.60      0.00      2.20      0.00      2.40      9.00      4.40
30      0.00    -99.00      0.00      0.00      0.00      0.00      4.00      0.00      4.80     23.00      1.60     17.20
31      0.20    -99.00      0.00    -99.00      0.20    -99.00      0.00      0.00    -99.00     32.60    -99.00      5.80
2018
01      0.60      2.00      0.40      0.00      0.00      0.00      0.00      0.00      0.00     36.60      0.00      0.00
02      4.20      2.00      0.00      0.00      0.00      0.00      0.00      0.00      0.00      7.80      0.00      0.00
03     11.80      0.00     23.60      0.00      0.00      3.40      0.00      0.00      0.00      5.00      0.00      0.00
04      4.20      0.00      0.00      0.00      0.00     34.20      0.00      0.00      0.00     40.20      0.00      0.20
05      2.00      0.80      0.00      2.00      2.20      1.20      0.00      4.80      0.00      0.20      4.60      0.00
06      0.20      0.00      0.00      1.40      2.60      3.40      0.00      0.00      0.00      0.00      4.60      1.40
07      0.20      0.00      0.00     20.20      0.20      0.00      0.00      0.00      0.00      0.80      4.40     23.80
08      1.80      0.00      6.40      1.60      0.00      0.00      0.00      2.00      1.60      0.00      5.00    390.40
09      6.20      0.00      0.60      0.00      1.40      0.00      0.00      4.80      1.20      0.00     62.00    102.40
10      0.20      0.00      0.20      0.00      0.40      0.00      1.20      0.20      0.00     49.80     13.40    122.80
11      0.00      0.20      0.00      0.00      0.80      0.00     43.20      0.00      0.00    130.00      0.00     34.40
12      0.00     19.40      0.00      0.00      0.00      0.00     11.60      0.00      0.00     52.40      0.00     48.40
13      0.60      5.80      0.00      0.00      0.00      0.20     19.80      6.40     83.00     60.20      0.00      9.40
14      0.40      0.00     12.20      0.00      0.00      0.60      0.80      0.60      2.80      0.20      0.80      5.60
15      0.00      0.00      1.80      1.60      0.00      0.00      7.80      0.00     21.20      0.00      0.00      1.60
16      0.00      0.00      0.00      1.40      0.00      0.80     14.00      5.60      0.00      0.00      0.00     16.60
17      0.00      0.00      0.00      0.20      3.60      0.00      2.20      2.20      0.00      0.00      0.00      6.80
18      0.00      0.80      0.00      0.00      0.00      0.00      7.80      0.20     24.80     18.20      0.20      0.00
19      1.00      0.60      0.00      0.00      0.00      0.40      2.20      2.40      0.00     17.80      0.00      0.00
20      0.20      0.00      1.00      0.00      0.00      0.00      0.40      0.00      2.60     60.00      0.00      0.00
21      0.00      1.40      0.00      0.00      0.00      0.00     23.80      0.00      0.00      0.20      0.00      0.00
22      0.00      2.80      0.00      0.00      0.00      0.00    131.40      0.00      0.00      0.20    124.40      0.00
23      0.00      2.20      0.00      0.00      0.00      0.00      0.00      0.20      0.00      0.00     27.00      3.40
24      0.20      0.00      0.20      0.00      0.00      0.00      0.00      0.40      0.00      0.00      5.80      0.00
25      0.00      4.60      0.20      0.00      0.00      3.20      0.00      2.20      0.00      0.00      5.20      0.00
26      0.00      0.80      0.00     15.80      0.00      0.00      3.00      6.20      0.00      0.00      1.00      0.00
27      2.60      0.00      0.00      0.40      0.20      4.80     13.00      0.00      0.00      0.00      1.40      3.80
28      0.20      0.00      0.00     84.20      0.00      0.00      6.40      0.60     27.00      2.20      0.80      0.00
29     21.20    -99.00      0.00     12.20      0.00      0.00      4.60      0.20     63.80     13.80     29.00     32.00
30      0.20    -99.00      0.00     20.60      0.00      0.00      1.00      0.20      0.20      0.20     21.20     25.80
31      4.40    -99.00      0.00    -99.00      0.00    -99.00      4.00      0.00    -99.00      0.00    -99.00      5.20
