GiaVong             
   106.95100       16.955999              18
2011
01      0.00      0.00      0.00      0.00      0.00      0.00      0.00      6.60      0.00     58.80      4.60     22.40
02      0.00      0.00      0.00      0.00      0.00      0.00      0.00      0.40      0.00      4.40     24.80      0.60
03      0.00      0.00      4.40      0.00      0.00      9.20      0.00      4.00      0.00     49.20      2.20      1.60
04      6.40      0.00     10.00      0.00      0.00     24.00      0.00      0.00     16.40     29.20     14.60      0.00
05      3.40      0.00      0.00      0.00      0.40      0.00      0.00      0.00      9.00      0.00     55.40      1.00
06      6.20      0.20      0.00      0.00      0.00      0.00      0.00      0.20      0.00      0.00     21.60      7.60
07      3.80      0.20      0.80      0.00      0.00      0.00      0.00      0.20      0.00     23.00     99.80      2.60
08      0.00      0.00      1.20      0.00      0.00      0.80      0.00      0.00     17.60      9.60    129.40     23.80
09     28.00      0.20      2.60      0.00      0.00      0.00     15.80      0.00      0.60    148.20      8.80     10.60
10      0.20      0.00      1.00      1.40      0.00      0.00      0.00      0.00     47.00     31.80      1.00     16.20
11      0.20      2.80      0.60      0.20      0.00      0.00      0.00      0.00      7.00     11.00      0.00      7.60
12      0.20      0.00      0.20      0.00      9.00      0.00      0.00      0.00     32.00     71.00      0.00      0.00
13      0.00      0.20      0.00      0.00      0.80     15.40      1.00      0.00      5.40     11.80      0.20      0.00
14      0.00      1.00      0.00      0.00      2.00      0.00      0.60      0.00      0.60     76.60     11.60      0.00
15      0.80      0.00      0.40      0.00      0.00      0.00      4.00      0.00      0.00     72.80      0.00      5.80
16      0.00      0.00      0.80      0.00     52.60      0.00      0.80     10.40      3.60    409.00      0.00      9.20
17      1.40      0.00      2.40      0.00     47.80      0.00      0.40      2.60      0.80    113.80      0.20      7.40
18      1.40      0.80      0.00     25.60      0.00      0.00      0.00      0.00      7.40      9.20      0.00      7.00
19      1.80      1.00      0.00      4.20      0.40      0.00      0.00      6.20      1.20     15.60      0.00      1.40
20      0.00      0.20      0.00      2.20      5.80      0.00      0.00      0.20      3.60      0.80     16.00      0.00
21      2.80      0.20      0.20      0.60      0.00      0.00      0.00      2.20     10.00      5.80     24.00      0.00
22      0.00      0.80      2.80      0.00      0.00      0.00      0.00      0.00     98.80      0.00     11.00     12.00
23      0.40      0.60      0.80      1.60     15.40      0.20      3.00      0.00    103.00      0.00      0.00     15.20
24      1.00      0.00      1.00      2.40      0.00      0.20      0.00     25.40      7.40     31.00      0.80      6.40
25      0.00      0.00      0.80      2.60      0.00      0.00      0.00      0.00     19.40      6.80      5.80      3.40
26      0.00      0.00      1.60      0.00      0.00      0.00      0.00      9.20     41.40      6.80     21.20      0.00
27      1.60      0.00      2.40      4.80      0.00      0.20      0.00      0.00    167.20      5.00     67.20      1.60
28      0.80      0.00      0.00      0.40      0.00      0.00      0.00      0.00      0.00      0.20      0.20      1.00
29      6.40    -99.00      0.20      0.00      0.00      2.00      0.00      3.80      1.40      0.00      0.40      0.40
30      0.20    -99.00     10.80      0.00      0.00      0.20      1.80      0.00      5.60     13.20      2.00     15.60
31      0.00    -99.00      5.00    -99.00      0.00    -99.00      8.80      0.00    -99.00     20.60    -99.00      1.20
2012
01      0.40      0.00      1.00      0.00      0.00      9.20      0.00      1.40      0.00      0.00      5.00      0.00
02      1.00      1.80      0.20      0.00      0.00      3.40      0.00      0.00      3.40      0.00      0.00      0.00
03      0.00      0.40      0.20      0.00      0.00      2.60      1.20      0.00      1.60      0.00      0.20      8.20
04      6.60      0.00      0.00      0.40      0.00      0.00      4.40      0.00     56.60      0.00      0.20      0.40
05      0.00      0.00      0.00     23.80      0.00      0.00     15.60      0.00     85.80      0.00      3.40      3.80
06      0.40      0.20      0.00      0.00      0.00      0.00      0.00      0.00      3.60     26.80      0.20      0.00
07      2.20      0.00      0.00     58.20      0.00      3.80      0.00      0.40      2.80    140.40      2.80      0.00
08     11.80      0.40      0.80      0.20      0.00      1.20      3.20      0.40      0.00     92.80      0.00      0.00
09     15.80      0.20      1.00      0.00      5.60      0.00      0.00      0.20      0.00      2.40      0.00      0.00
10      0.00      0.20      1.20      2.80      0.60      0.00      0.00      0.00     18.00      4.00      0.00      0.00
11      0.40      0.00      1.00      0.20      0.00      0.00      0.00      0.00      0.00      0.40     11.60      0.80
12      0.20      0.00      1.00      0.00      0.00      0.00      0.00      0.00      0.40      0.00     29.80      9.00
13      1.40      0.00      1.00      0.60      0.00      0.00      0.00      0.00      0.00      0.00      8.80      1.80
14      0.40      0.00      0.20      0.00      6.60      0.00      0.00      0.00    114.80      0.00      1.40      0.60
15      0.20      0.00      0.00      0.00      0.00     12.20      0.00      3.40    172.80      0.20     11.80      0.00
16      0.60      1.80      0.20      0.00      0.00     40.40      0.00      0.20     27.80      0.00      8.00      0.00
17      0.40      1.20      1.00      0.00      0.00      0.40      0.00      0.00      1.80      0.00     89.60      0.00
18      0.80      0.60      0.40      0.00      1.60      4.80      0.00      0.20      0.20      0.00      0.20     32.20
19      0.80      2.20      0.20      0.00      0.20      0.00      0.00      0.00      0.00      0.20      2.40     35.80
20      0.20      0.60      0.00      0.00      0.00      0.00      0.00      0.00      0.00      0.40      0.60      0.20
21      0.00      0.40      0.00     17.20      0.00      0.00      0.00      6.20      0.00      0.00      0.00      0.00
22      3.20      0.20      0.00      0.00      0.00      0.40      0.00     28.80      0.00      0.20      0.00      3.00
23      1.20      0.00      0.60      0.00      0.00      0.00      6.80      0.00      0.00      3.20      0.00     87.20
24      0.60      0.00      0.00      0.00      0.00      0.00      0.80      9.40      0.00      0.40      0.00      4.00
25      0.60      0.00      0.00      0.00      0.00      0.00      0.20     19.60      0.00      0.00      0.00      0.40
26      0.60      0.20      0.00      0.00     36.20      0.00      0.00      0.00     40.80     10.20      0.60     23.40
27      0.20      0.60      0.00      0.00     45.80      0.00      0.00      0.00     81.20     42.40      1.40      1.80
28      0.20      0.20      0.00      0.00      0.20      0.00      0.00      0.60     31.20     24.20      0.00      2.20
29      0.80      0.00      0.00      0.00      7.40      0.00      0.20      0.00      8.40      0.00      0.00      1.40
30      0.00    -99.00      0.00      0.00     23.80      2.00      0.00      0.00      4.40      3.60      0.00     10.80
31      0.60    -99.00      0.60    -99.00     53.60    -99.00      1.60      0.00    -99.00      2.60    -99.00      0.20
2013
01      0.20      0.00      0.00      0.00      9.00      0.00     43.60      0.00      0.20      3.80      1.80      4.60
02      0.00      0.00      1.00      0.00      5.60      1.00      0.00      7.00      0.00     67.40      0.20      0.00
03      0.00      0.00      8.40      0.00      0.00     26.20      2.20      4.40      0.00      9.60      0.00      0.00
04      3.00      0.00      0.40      0.00      0.00     30.00      0.00      0.00      0.00      1.40      5.60      2.00
05      0.00      1.40      0.20      0.00      0.00      0.40      0.00      0.00     12.60      0.00     98.20      0.00
06      1.80      0.00      0.60      0.00      0.00      0.00      0.00      0.00     32.20      0.40     12.40      0.00
07      1.20      0.00      0.00      0.00     39.40      0.00      0.00     17.20     12.00      0.00      1.60      0.00
08      1.40      0.00      0.00      0.00      0.00      0.00      8.40     35.80      1.40      0.00      1.00      0.00
09      0.20      1.60      0.00      0.20      3.20      0.00      0.00      3.40      6.00      0.00      2.80      0.00
10      0.00      0.00      0.00      0.40     24.00     62.00      0.00      0.00     57.20      0.00     30.80      0.00
11      0.60      0.00      0.00      2.40      5.40      7.00      0.00      0.60     21.20     16.00      0.00      0.40
12      0.00      0.00      0.00      4.80      0.60      0.00      0.00     11.80     12.60      1.00      0.20      0.80
13      0.00      0.00      0.60      3.40      0.00      0.00      1.80      0.00     34.60      0.00      2.20      0.40
14      0.00      0.00      0.80      0.00      0.00      0.00      0.00      0.00     14.40     23.20     17.60      0.20
15      0.00      0.00      0.00      0.00      0.00      0.00      3.20      0.00      6.60    115.40    143.60     16.80
16      0.00      1.80      0.00     24.00      0.00      0.00      0.00      0.00     49.80     33.60     27.60      9.40
17      0.00      0.00      0.00     14.60      0.00      0.00      0.20      0.00     15.20     68.80     78.40      3.80
18      1.80      0.00      0.00     19.40      0.00      0.00     20.80      0.00    235.20      9.80     10.40      1.00
19      0.60      0.00      0.00      0.00      0.00      0.00      1.40      0.00     32.40     78.60      6.20      0.40
20      0.00      0.00     20.60      0.00      0.00      0.00     94.80      0.00     23.00      7.80      4.00      0.00
21      0.00      0.00      0.00      0.00      0.00      0.00      0.00      0.20     17.20     42.40      3.20      0.00
22      0.00      9.80      3.00      0.00      2.60     11.80      0.40      0.00      0.00     19.80      1.00      0.00
23      0.00     20.80      0.00      3.00      0.40      1.60     22.80      0.00      0.00    114.00      0.80      0.00
24      0.00      2.40      0.00      0.00      0.00      0.00      0.80      0.00      0.00      0.00      0.00      0.00
25      1.60      0.60      0.00      4.80      0.00      5.60      1.20      0.00      0.00      0.20      9.40      0.00
26      0.20      0.00      0.00      1.40      0.00      0.00      0.20      0.00     42.40      0.00      0.80      0.00
27      0.40      0.00      0.00      0.00      0.00      0.00      6.80      0.00     99.40      0.00      0.00      0.00
28      0.40      0.00      0.00      0.00      0.00      0.00     16.60      0.00     58.80      0.00     14.20      0.20
29      0.60    -99.00      0.40     11.60      0.00      0.00      2.40      0.00      1.00      3.00      0.20      0.20
30      0.00    -99.00      0.00      0.00      0.00      0.00      0.00      0.00     90.60      4.80      2.00      0.00
31      0.00    -99.00      0.80    -99.00      0.00    -99.00      0.00      0.20    -99.00      0.20    -99.00      0.00
2014
01      0.00      0.00      0.00      5.80      0.80      7.20      0.00      2.60      7.60      2.20      1.40     28.40
02      0.00      0.20      0.00      0.00      0.00      0.00      0.00      0.00      4.20      0.00      0.00     75.20
03      0.20      0.00      0.00      0.00      0.00      0.00      0.00      0.00      0.60      0.00     60.20     12.00
04      1.00      0.20      0.00     17.20      1.40      0.00      0.00      0.00      0.00      0.00     79.00      2.80
05      0.00      0.00      1.00      0.00      0.00      0.00      2.20      0.00      0.00     15.40      5.60      0.20
06      0.20      0.00      0.20      0.00      0.20      0.00      0.00      0.00      0.00    139.40      0.20      0.20
07      0.00      0.00      0.00      0.00      2.00      0.00      0.00      0.00      0.00      6.40      0.00     16.60
08      0.20      0.00      0.00      7.80      8.40     19.20      0.00      0.00      0.00      0.60      4.60      0.40
09      4.80      0.20      0.40      0.00      0.20      0.00      0.00      0.00      0.20      0.00      1.40      1.00
10      2.00      0.60      0.40      0.00      0.00      0.00      0.00      0.00      0.00      0.00      0.00      1.60
11      0.20      0.60      0.00      0.00      0.00     21.00      0.00      0.00      0.00      0.00      0.00      0.00
12      2.60      0.80      0.00      0.00     34.80     12.40      0.00      0.00      1.40     12.00     22.40      6.00
13      8.00      0.60      0.20      0.00      0.00      0.80      0.00     28.00      0.00     43.80     76.20      3.00
14      0.00      0.40      0.20      0.00      0.00      0.80      0.00    -99.00      0.00      8.20     18.60      0.00
15      0.00      0.20      0.40      0.00      0.00      0.00      0.00    -99.00      0.00      9.00     12.80      0.20
16      0.00      0.00      1.00      0.00     19.20      0.00      0.00    -99.00      6.20      0.00      0.40      7.00
17      0.20      0.00      0.80      0.00      0.00      0.00      0.00      0.00      0.20     27.20      6.80      4.80
18      0.00      0.00      0.00      0.00      0.00      0.00      1.60      0.40      0.00     17.60     11.40      0.00
19      0.40      2.80      0.00      0.00      0.00      0.00      1.00      0.00      0.00      0.20     10.60      0.00
20      1.80      0.00      0.00      0.00      0.40      0.00    -99.00     31.80      0.00      1.80      1.20      0.00
21      0.00      0.00      8.40      0.00      0.00      0.00      0.00      2.60      0.00      0.40      0.00      0.20
22      4.60      0.00      1.20      0.00      0.00      0.00      0.00      0.00      0.00      7.00      4.20      1.00
23      0.00      0.00      1.00      0.00      0.00      0.00     52.00      0.00      0.00     43.60      0.20      0.00
24      0.00      0.00      0.00      0.00      0.00      0.00      0.00      0.00      1.60      5.80      3.20      0.80
25      0.20      0.00      0.00      0.00      0.00      0.00      0.00      0.00      1.40      3.40      0.20      0.00
26      0.40      0.80      0.00      0.00      0.00      0.00      2.40     39.40      0.00     48.80      0.00      3.60
27      0.00      0.00      0.00      0.40      0.00      0.00      0.00      9.40      0.00      8.20      0.00      6.40
28      0.00      0.00      0.00      0.00      0.00     80.80      0.00     66.60      0.00      9.20      4.00      6.60
29      0.00    -99.00      0.00      0.40      0.00      8.80      0.00      4.20      0.00      1.20      0.00      0.00
30      0.20    -99.00      0.00      3.00      0.60      1.60      5.60      1.60     29.80      2.80     14.80      0.00
31      0.00    -99.00      0.00    -99.00      5.40    -99.00      8.20     68.20    -99.00     28.40    -99.00      0.00
2015
01      0.20      0.20      0.00      4.00      0.00      3.20      0.00     13.00      1.00      2.40     93.20      0.00
02      2.20      5.60      0.00      1.80      0.00      0.00      0.00      6.40      0.00     83.80     51.60      0.00
03      0.80      0.00      0.00      0.00      0.00      0.00      0.00      0.80      0.00     10.00      3.40      0.00
04      0.00      0.00      0.00      0.00      0.00      0.00      0.00     20.20      0.00      0.00     32.20      0.00
05      0.20      5.40      0.00      0.00      8.60      0.00     21.20      0.00      0.00     25.40    101.20      0.20
06      0.00      3.60      0.00      0.00      0.00      0.00      0.40     10.60      0.00     13.00     21.20      5.60
07     11.60      0.00      0.00      0.00      0.00      0.00      4.20      0.00      0.00      0.20      1.40      0.60
08      0.40      2.60      0.00      0.00      0.00      0.00      0.00      0.00      0.40     61.80      3.00      0.20
09      5.80      0.00      0.00      0.00      0.00      0.00      0.00      0.00      0.00      0.80      0.60      0.00
10      0.20      0.20      0.00      0.00      0.00      0.00      0.00      0.00      1.00      1.80      3.80      0.00
11      0.00      0.00      0.00      0.40      0.00      0.00      1.00      0.00      2.00      0.80      0.00      0.00
12      0.00      1.00      0.00      1.60      0.00      0.00     15.20      0.60      2.20      1.40      0.00      0.00
13      0.00      0.00      1.60      0.00      0.00      0.00     13.60      0.00     20.00     18.60      0.00      0.00
14      0.00      0.00      0.00      0.20      0.00      0.00      0.00      0.00    112.40     53.80      0.00      0.00
15      0.00      0.00      0.00      0.20      0.00      7.80      0.00      0.00    140.40     53.80      0.00     54.00
16      0.20      0.00      0.00      0.00      0.00      0.00      0.00      0.00      6.80     12.80      0.00     14.40
17      1.40      0.00      0.00      0.00      1.00      0.00      1.80      0.00      0.60     11.80      0.00      1.20
18      3.60      2.00      0.00      0.00      0.00      0.00      2.40      0.00      2.60      0.40      0.00      2.80
19     18.60      0.20      0.00      0.00      0.00      0.00      8.60      0.00      0.00      0.00      0.00      0.80
20      0.00      0.00      0.00      0.00      0.00      0.00      0.20      0.00      0.00      0.00      1.20      0.00
21      0.00      0.00      0.00      0.00      0.00      5.00      0.00      0.00      1.20      0.00     27.80      0.60
22      0.00      8.60      0.00      4.00      0.00     22.60      0.00      0.00      0.00      0.00     30.40      1.00
23      0.20      0.00      0.00     37.80      0.00     27.20      0.00      0.00      2.20      0.00      8.20      0.00
24      0.20      0.00      3.80     98.40      0.00      0.60      0.00      0.00      0.00     33.20      0.40      0.00
25      0.00      0.00      0.20      5.40      0.00      0.00      0.00     12.00      0.00      0.00      0.20      0.00
26      0.20      1.00      3.80      0.20      0.00      0.00      4.40     10.00      0.40      0.00     68.20      0.60
27      0.00      0.00      9.00      0.00      0.00      0.00      6.80      0.00      0.00      0.00     54.60      0.40
28      0.00      0.00      0.80     19.80      0.00      0.00      9.40      0.00      0.00      0.00     14.40      0.60
29      0.00    -99.00      0.60      0.20      0.00      0.00      5.00      0.00      0.00      0.00     14.80      2.40
30      0.00    -99.00      0.00      1.00      0.00      0.00     22.60      0.00      0.00      0.00      1.00      1.40
31      0.00    -99.00      0.20    -99.00      0.00    -99.00      5.00      0.00    -99.00      1.80    -99.00     32.40
2016
01      9.40      1.20      0.20      0.00      0.00      0.00      0.00      0.00      1.00      0.00     90.80      7.60
02      0.80      2.60      0.60      5.60      0.00      0.00      0.00      0.00      0.00     28.00     17.60      0.80
03      0.40      0.00      0.80      0.00      0.40      0.00      0.00      0.00      0.00      7.00      4.40     10.20
04      0.00      1.20      0.00      0.00      0.00      0.00      0.00      0.60      0.00      0.20      5.40      5.20
05      0.00      0.20      0.00      0.00      0.00      0.00     33.80      0.00      0.00      0.60      0.00      7.00
06      0.00      2.60      0.60      0.00      0.00      0.00      3.40      0.00      0.00     11.60     91.40      7.20
07      0.00      0.00      0.00      0.00      0.00      0.60      1.40      0.00      0.00      7.00      5.20     10.20
08      0.00      0.00      0.00      0.00      0.00      3.00      0.00      0.00      0.00      3.60     31.00      2.60
09      0.00      0.00      0.00      0.00      0.00      0.20      0.00      0.00      0.00      0.00      0.00      0.00
10      0.00      0.00      0.00      0.00      0.00      0.00      0.00      0.00      0.00      0.40      3.40      0.00
11      9.60      0.00      0.20      0.00      0.00      0.00      0.00      0.00     36.80      8.80      4.20      4.00
12      2.00      0.20      0.40      0.40      0.00      0.00      0.00      0.00     19.00      2.40      0.20      1.20
13      4.00      0.00      0.00      0.00     31.60      0.00      0.00      1.00     99.20     39.00      0.00     20.80
14      0.00      0.00      0.00      0.00      0.00      0.00      0.00     15.40      0.40    162.40      0.00    145.40
15      0.20      1.20      0.00      0.00      0.00      0.00      0.00      0.60      0.00     51.60      0.20     92.60
16      4.80      0.40      0.00      0.00      0.80      4.40      0.00      1.40      0.00     67.40      0.00     11.00
17     10.00      0.00      0.00      0.00      0.00      0.20      5.00      0.00      0.00      1.20      3.60      1.40
18      0.20      0.20      0.00      0.00     37.20      0.00      5.80      4.20      0.40      0.00     16.60      5.60
19      0.00      0.20      0.00      0.20      0.00      0.00      0.00      1.80      0.00      0.00      3.40      7.80
20      0.00      0.00      0.00      0.00      0.00      0.00      0.20      0.00     19.20      0.00      2.40      3.60
21      0.00      0.00      0.00      0.00      3.80      0.00      2.40      3.60     65.80      0.00      4.40      2.60
22      0.20      0.00      0.00     65.60      4.80      0.00      0.00      0.20    216.80      0.00      2.60      8.80
23      4.60      0.00      0.00     23.80      3.60      0.00      2.00      2.80     42.20      1.40     26.20     22.20
24     12.40      2.20      0.20      0.00      3.20      0.00      0.00     23.20      2.00      1.80    149.60      2.80
25      1.40      1.00      1.00      0.00      6.80      0.00      0.00     15.60      4.00      0.20      0.00      0.20
26      0.00      0.20      0.20      0.00      0.00      0.00      0.00      0.20      6.00      0.60      9.40      0.00
27      0.00      0.20      0.40      0.00      0.00     17.00      0.60      4.20      0.00      0.00      0.60      3.00
28      0.00      0.00      0.00      0.00      0.00      9.00     10.40     14.80      0.20      0.20      0.00      8.20
29      0.60      0.00      0.00      0.00      0.00     32.60      0.00      6.60      1.00     39.80      9.00      2.60
30      2.80    -99.00      0.00      0.00     10.40      0.00      0.00      0.00      0.20     69.40     11.00      1.40
31      0.40    -99.00      0.60    -99.00      0.00    -99.00      0.00      0.00    -99.00      9.20    -99.00      2.40
2017
01     11.00     16.60      0.40      0.00      0.00      0.00      1.80      0.60      0.00      3.00     17.80      1.20
02      3.40      2.80      0.40      2.40      0.00      0.00      0.00      0.00      0.00     11.00     15.00     27.00
03      1.80     15.00      0.00      0.00      0.00      0.00      0.00      0.00      0.00     13.80      0.00      4.60
04      7.40      0.20      0.00      0.00      0.00      0.00      0.00      0.00      0.00      4.00     22.60     10.00
05      0.20      0.00      0.20      0.00      3.20      0.00      0.00      0.00      0.00      0.40     40.40     25.60
06      0.20      0.20      0.20      0.20      0.00      0.00      0.00      0.20      0.00      0.00      3.80      0.00
07      0.00      0.20      0.00      0.40      0.00     51.80      0.00      0.00      2.00      0.80     23.60      0.00
08      0.00      0.00      0.00      0.00      0.00     27.00      0.00      0.00      0.00     38.00     35.20     12.60
09      1.00      2.40      0.00      0.00      1.80      0.20      0.00      0.00      0.20     90.40     23.80      2.80
10      2.00      1.20      0.00      0.00      0.60      0.00      1.80      0.00      0.00      0.20     42.60      0.00
11      0.20      2.60      0.00      0.00      0.00      0.00      8.60      0.00      0.00     66.80      7.60      2.20
12      2.40      3.20      0.40      2.40      1.00      1.60     50.80      0.00      0.00     12.80      0.00      0.00
13      0.20      4.20      0.00     11.40      1.20      0.00      2.20      0.00     30.80      0.80      0.00      0.00
14      0.20      0.80      0.20      0.00      0.00      0.00      1.00      0.00    159.40      0.00      7.00      0.40
15      1.00      0.00      0.80      0.00     21.80      0.00     19.40      4.20    126.00      0.20      5.00      1.00
16      1.20      0.00      2.40      0.00      3.20      0.00     51.80      0.00      0.00      0.00    103.20     45.00
17      1.00      0.20      0.60      0.40      0.00      0.00      4.60      0.00      0.00      0.00      0.00      1.40
18      0.00      0.00      2.00      0.00      0.00      0.00      1.40      8.00      3.00     20.20      0.00      0.00
19      0.00      0.40      0.00      0.00     43.00      0.00      0.00      1.60      0.20      8.20     30.80      0.00
20      0.00      0.00      0.20      0.00      0.00      0.00      6.60      0.00      0.00      0.00    232.00      0.00
21      0.60      0.20      2.40      0.00      0.00      0.00      0.40      0.00      3.00      2.00     17.40      0.00
22     19.40      0.00      0.00      0.00      7.20      0.00      2.00      0.00      0.00      0.40     13.00      0.00
23      1.20      1.00      0.20      0.00     16.00      8.80      1.80      0.00      5.20      5.40     15.20      2.80
24      0.20      0.60      0.00     12.00     21.00      0.40      0.00      0.00      0.40     30.00      1.00     23.60
25      7.00      1.80     16.40      0.00     17.60      0.20    216.60      0.00      0.40     12.20      0.00      0.60
26      2.60      2.40      1.20      0.00      0.80      4.00      6.40     49.00      0.00      9.00      0.00      3.80
27      0.00      0.40      1.00      0.00      1.60      0.00     24.60     11.80      0.00      9.60      0.20      3.20
28      0.20      0.00      0.20      0.00      0.80      0.00      9.80      4.00      1.00      1.60      4.80      0.40
29      0.20    -99.00      2.20      0.00      0.40      0.00      0.20      1.60      0.00     11.40      8.40      3.80
30      0.00    -99.00      0.00      0.00      0.40      0.00      3.40      0.00      0.20     26.40      6.00     12.20
31      0.00    -99.00      0.00    -99.00      0.20    -99.00      0.00      0.00    -99.00     17.40    -99.00      4.60
2018
01      0.40      0.60      0.40      0.00      0.00      0.00      0.00      0.00      0.00     31.00      0.00      0.00
02      1.40      0.60      0.00      0.00      0.00      0.00      0.00      0.00      0.00      1.80      0.00      0.00
03      9.80      0.00      5.40      0.00      0.00      3.60      0.00      0.00      0.00     14.40      0.00      0.40
04      6.00      0.00      0.00      0.00      0.00     34.20      0.00      0.00      0.00     42.40      0.00      2.60
05      2.80      0.40      0.00      0.00      1.20      1.00      0.00      0.00      0.00      0.00      4.60      0.20
06      0.40      0.00      0.00      0.80      0.00      1.80      0.00      0.00      0.00      0.00      6.80      1.20
07      0.20      0.00      0.00      4.20      0.00      0.80      0.00      0.00      0.00      0.00      2.60      7.80
08      0.20      0.00      3.60      0.60      0.00      0.20      0.00     20.60      0.00      0.00     15.20     17.40
09      1.00      0.00      0.20      0.00      0.00      0.00      0.00      4.80      1.00      0.00     41.80      0.00
10      0.00      0.00      1.20      0.00      0.00      0.00     43.40      0.20      0.00     52.40      2.60     67.20
11      0.00      0.20      0.00      0.00      0.80      0.00     71.60      0.00      0.00    147.40      0.20     24.80
12      0.00     12.40      0.00      0.00      0.00      0.00     14.60      0.00      5.00     57.20      0.00     16.60
13      1.40      5.00      0.00      0.00      0.00      0.20     42.20      7.40     87.00     56.00      0.00      3.40
14      0.60      0.00     11.00      0.00      0.00      0.00      1.80      1.40      4.40      0.20      0.00      5.60
15      0.00      0.20      1.40      0.40      0.00      0.00      5.40      0.00     11.60      0.00      0.00      1.60
16      0.00      0.20      0.20      1.00      0.00      0.60     14.40      7.00      0.00      0.00      0.00      7.20
17      0.00      0.00      0.00      0.20      3.20      0.00      0.00      1.40      0.00      0.00      0.00      2.00
18      0.00      1.20      0.00      0.00      0.00      0.00     17.00      0.60     30.20      9.60      0.00      0.00
19      0.80      1.40      0.00      0.00      0.00      0.00      1.40      0.00      0.40     12.80      0.00      0.00
20      0.60      0.20      0.40      0.00      0.00      0.00      0.00      0.00      0.40     38.80      0.00      0.00
21      0.00      1.60      0.00      0.00      0.00      0.00     15.40      0.00      0.40      0.20      0.00      0.00
22      0.00      1.60      0.00      0.00      0.00      0.00    127.40      0.00      0.40      0.00     65.00      0.00
23      0.20      1.60      1.20      0.00      0.00      0.00      0.00      0.00      1.40      0.00     19.80      1.00
24      0.60      0.00      0.00      0.00      0.00      0.00      0.00      0.20      0.00      0.00      4.00      0.00
25      0.20      3.80      0.00      0.00      0.00      4.20      0.00      2.20      0.00      0.00      3.80      0.00
26      0.00      0.40      0.00     21.80      0.00      0.00      2.00      6.80      0.00      0.00      0.80      0.00
27      4.00      0.00      0.00      1.20      0.00      6.80     12.00      0.20      0.00      0.00      1.60      2.00
28      0.80      0.00      0.00     17.40      0.00      0.00      3.60      0.20     40.60      8.40      0.40      0.00
29      7.40    -99.00      0.00     13.40      0.00      0.00      3.40      0.20     77.40     23.00     21.80     25.00
30      0.00    -99.00      0.00     41.60      0.00      0.00      1.00      0.00      0.00      0.20     14.40     21.60
31      0.60    -99.00      0.00    -99.00      0.00    -99.00      1.80      0.00    -99.00      0.00    -99.00      0.60
