HienLuong           
   107.05500       17.006001               6
2011
01    -99.00    -99.00    -99.00    -99.00    -99.00    -99.00    -99.00    -99.00      0.00     84.80     28.20      3.80
02    -99.00    -99.00    -99.00    -99.00    -99.00    -99.00    -99.00    -99.00      0.00      6.40     19.20      2.00
03    -99.00    -99.00    -99.00    -99.00    -99.00    -99.00    -99.00    -99.00     16.40    103.20      1.60      0.00
04    -99.00    -99.00    -99.00    -99.00    -99.00    -99.00    -99.00    -99.00      8.80      6.20      6.20      0.00
05    -99.00    -99.00    -99.00    -99.00    -99.00    -99.00    -99.00    -99.00      2.80     19.60     14.80      0.00
06    -99.00    -99.00    -99.00    -99.00    -99.00    -99.00    -99.00    -99.00      0.00      6.20     48.00      8.40
07    -99.00    -99.00    -99.00    -99.00    -99.00    -99.00    -99.00    -99.00      0.00      0.20      8.80      9.20
08    -99.00    -99.00    -99.00    -99.00    -99.00    -99.00    -99.00    -99.00      0.00      9.80     37.20     42.20
09    -99.00    -99.00    -99.00    -99.00    -99.00    -99.00    -99.00    -99.00     14.60     14.20      7.60     18.00
10    -99.00    -99.00    -99.00    -99.00    -99.00    -99.00    -99.00    -99.00     94.00      1.20      6.80     15.40
11    -99.00    -99.00    -99.00    -99.00    -99.00    -99.00    -99.00    -99.00     66.20      0.80      0.00      0.40
12    -99.00    -99.00    -99.00    -99.00    -99.00    -99.00    -99.00    -99.00     17.00     84.40      0.00      0.00
13    -99.00    -99.00    -99.00    -99.00    -99.00    -99.00    -99.00    -99.00      4.60     70.20      0.00      0.00
14    -99.00    -99.00    -99.00    -99.00    -99.00    -99.00    -99.00    -99.00      0.20     25.20      0.00      0.00
15    -99.00    -99.00    -99.00    -99.00    -99.00    -99.00    -99.00    -99.00     46.80     54.00      0.00      2.80
16    -99.00    -99.00    -99.00    -99.00    -99.00    -99.00    -99.00    -99.00      0.20    144.40      0.00      5.20
17    -99.00    -99.00    -99.00    -99.00    -99.00    -99.00    -99.00    -99.00      0.00     18.80      0.00      0.00
18    -99.00    -99.00    -99.00    -99.00    -99.00    -99.00    -99.00    -99.00     62.00     12.00      0.00      0.00
19    -99.00    -99.00    -99.00    -99.00    -99.00    -99.00    -99.00    -99.00      1.80      0.80      0.00      0.20
20    -99.00    -99.00    -99.00    -99.00    -99.00    -99.00    -99.00    -99.00      6.40      0.60      0.00      0.00
21    -99.00    -99.00    -99.00    -99.00    -99.00    -99.00    -99.00    -99.00     13.80      0.00      3.60      0.00
22    -99.00    -99.00    -99.00    -99.00    -99.00    -99.00    -99.00    -99.00     48.00      0.00     55.60      5.00
23    -99.00    -99.00    -99.00    -99.00    -99.00    -99.00    -99.00    -99.00     48.60      0.00     31.40      7.20
24    -99.00    -99.00    -99.00    -99.00    -99.00    -99.00    -99.00    -99.00      0.00      0.00      0.00      0.00
25    -99.00    -99.00    -99.00    -99.00    -99.00    -99.00    -99.00    -99.00      7.40     44.00      0.00      0.00
26    -99.00    -99.00    -99.00    -99.00    -99.00    -99.00    -99.00    -99.00     35.20      0.40     20.80      0.00
27    -99.00    -99.00    -99.00    -99.00    -99.00    -99.00    -99.00    -99.00     95.40      0.40     52.80      0.00
28    -99.00    -99.00    -99.00    -99.00    -99.00    -99.00    -99.00    -99.00      0.20      0.00      2.60      0.00
29    -99.00    -99.00    -99.00    -99.00    -99.00    -99.00    -99.00    -99.00      4.40     19.00      3.20      0.00
30    -99.00    -99.00    -99.00    -99.00    -99.00    -99.00    -99.00    -99.00    254.20      1.40      0.20      1.20
31    -99.00    -99.00    -99.00    -99.00    -99.00    -99.00    -99.00    -99.00    -99.00     12.20    -99.00      0.40
2012
01      0.20      0.00      0.00      0.20      0.00      0.80     34.20      2.20      0.00      0.00      0.00      0.00
02      0.00      0.40      0.00      0.00      0.00     75.60      0.00     13.60     15.40      0.00      0.00      5.20
03      0.00      0.00      0.20      0.00      0.00      0.00     68.20      0.00      4.60      0.00      0.00      0.60
04      2.20      0.00      0.20      0.00      0.00      0.00     25.00      0.00     78.80      0.00      0.80      0.00
05      0.00      0.00      0.00     12.00      0.00      0.00      5.80      0.00     52.60      0.00     18.40      6.80
06      0.00      0.20      0.00      0.00      0.00      0.00      0.00      0.00     51.00      0.60     20.00      0.00
07      0.20      0.00      0.00      7.20      9.00      1.20      0.00      0.20      0.40     74.40      4.60      0.00
08      1.60      0.00      0.20      0.20      1.40      0.40      0.00      0.40      0.00      1.60      0.80      0.00
09      2.00      0.00      0.40      0.00      4.40      0.00      0.00      0.20      0.00      1.60      0.00      0.00
10      0.40      0.00      0.80      0.00      0.00      0.00      0.00      0.20      0.00      8.80      0.00      0.00
11      1.40      0.00      0.20      0.00      0.00      0.00      0.00      0.00      0.00      3.80      0.00      0.00
12      1.20      0.00      0.20      0.00      0.00      0.00      0.00      0.00      3.60      0.00     11.60     15.00
13      0.00      0.00      0.00      0.00      0.00      0.00      0.00      0.00      0.40      0.00      7.00     13.00
14      0.00      0.00      0.00      0.00      0.00      0.00      0.00      0.00    245.20      0.00      1.40      0.00
15      0.00      0.00      0.00      0.00     21.20      7.20      0.00     21.00     13.00      0.00      0.00      0.00
16      0.00      0.20      0.00      0.00      0.00     13.20      0.00      0.20     14.20      0.00      0.20      0.00
17      0.40      0.40      0.00      0.00      0.00      0.00      0.00      0.20      1.20      1.00     46.00      0.00
18      0.80      0.60      0.00      0.00      0.20      0.60      0.00      0.00      6.00     53.20      0.00     13.40
19      0.40      0.40      0.20      0.00      0.00      0.00      0.00      0.00      0.00      5.80      0.00      2.60
20      1.00      0.00      0.00      0.00      0.00      0.00      0.00      0.00      0.00      5.40      0.00      0.00
21      0.00      0.00      0.00     37.20      0.00      0.00      0.00      0.20      0.00      0.80      0.00      0.00
22      2.80      0.00      0.00      0.00      0.00      3.40      0.00      0.00      0.00      0.00      0.00     10.60
23      2.60      0.00      3.20      0.00      0.00      0.00      5.80      4.20      0.00      0.20      0.00     15.40
24      1.40      0.20      0.00      0.00      0.00      0.40      2.80      0.00      0.00      4.80    120.40      0.00
25      2.00      0.00      0.00      0.00      0.00      0.00      2.40      0.20      0.60      1.60      0.40      0.00
26      0.00      0.00      0.00      4.80     29.20      0.00      0.00      0.00     33.40      1.40      8.00      0.20
27      0.00      0.00      0.00      4.20      3.20      0.00      0.00      5.20     14.40     66.20      0.80      1.80
28      0.00      1.20      1.20      0.00     47.60      0.00      0.00      0.00     47.20     20.60      0.00      1.00
29      0.20      0.00      0.00      0.00      0.00      0.00      0.20      0.00      5.00      0.00      0.00      6.80
30      0.80    -99.00      0.00      0.00     37.20      0.00      0.00      0.00     14.00      1.00      0.00      4.60
31      2.20    -99.00      1.80    -99.00     11.20    -99.00      1.20      0.00    -99.00      0.40    -99.00      0.00
2013
01      0.00      0.00      0.00      0.00     11.00      0.00     41.60      0.00      0.00      5.60      0.00      0.00
02      0.00      0.00      0.00      0.00     14.60      0.00      0.20      2.60      0.00     10.60      0.00      0.00
03      0.00      0.00     12.40      0.00      2.20     12.00      0.00      0.00      0.00     29.80      0.00      0.00
04      0.00      0.00      0.20      0.00      0.00      0.00      0.00      0.00      0.00     15.80      0.20      0.00
05      0.40      0.20      0.00      0.00      0.00     10.60      0.00      0.00     27.40      7.20      6.40      0.00
06      0.00      0.00      0.00      0.00      0.00      0.00      0.00      0.00     30.80      0.00      3.80      7.40
07      0.00      0.00      0.00      0.00     13.40      0.00      0.40     54.00     44.40      0.00     27.60      0.00
08      0.00      1.20      0.00      0.00      0.00      0.00      0.00      2.00     14.00      0.00      2.20      0.00
09      0.40      1.40      0.00      0.20      0.00      0.00      0.00      0.00      1.80      0.00      0.40      0.00
10      0.00      0.20      0.00      1.00      0.00     10.40      0.40      0.00      5.40      0.00     17.00      0.00
11      0.00      0.00      2.20      3.20     44.20      0.20      0.00      0.00     22.20     47.60      0.00      0.00
12      0.00      0.00      6.40      1.60      0.00      0.00      0.00      6.00     22.60     25.00      0.00      0.20
13      0.00      2.60      5.80      0.00      0.00      0.00      0.00      0.00      0.00      0.00      2.40      7.60
14      0.00      0.00      0.00      0.00      0.00      0.00      0.00      0.00      0.00     22.00      2.20      0.00
15      0.00      0.60      0.20      0.00      0.00      0.00      0.00      0.00      0.00     78.20      5.80     14.80
16      0.00      0.00      0.00      5.20      0.00      0.00      0.00      0.00      0.00    126.40      4.40     29.40
17      0.20      0.20      0.00      9.40      0.00      0.00      0.00      0.00     11.20      1.80      1.20      7.00
18     24.00      0.00      0.00      0.20      0.00      0.00      7.80      1.00     60.60     63.40      1.40      0.00
19      4.40      0.00      0.00      0.00      0.00      0.00      0.00      0.00    147.00     33.40     59.40      0.00
20      0.00      0.00      0.00      0.00      0.00      0.00     36.20      0.40    132.80     23.20      0.40      0.00
21      0.00      0.40      0.00      0.00      0.00      0.00      0.00      1.80      0.20      1.60      0.40      0.00
22      0.00      8.60      1.60      0.00     14.20     35.60      2.80      0.20      0.00     59.00      3.40      0.00
23      0.00      8.60      0.00      2.60      0.00     24.20     35.80      0.00      0.00      0.00      0.00      0.00
24      0.00      0.00      0.00      0.00      0.00      0.40     10.60      0.00      0.00      4.20      1.40      0.00
25      0.40      0.00      0.00      2.00      0.00     12.40      5.80      0.00     11.00      0.60      1.40      0.00
26      0.00      0.00      0.00      0.00      0.00      0.20      0.00      0.00     83.60      0.00      0.00      0.00
27      0.00      0.80      0.00      0.00      0.00      0.00      5.20      0.00     56.20      0.00      0.60      0.00
28      0.00      0.00      0.00      0.00      0.00      0.00      1.20      0.00      0.80      0.00      6.80      0.00
29      0.00    -99.00      1.80      0.00      0.00      0.00      0.00      0.00     12.20      0.40      0.40      0.00
30      0.00    -99.00      0.00      0.00      0.00      0.00      0.00      0.00    275.20      3.60      0.00      0.00
31      0.00    -99.00      5.60    -99.00      0.00    -99.00      0.00      0.00    -99.00      0.40    -99.00      0.00
2014
01      0.00      0.00      0.00      0.00      0.00      0.00      0.00      0.00     15.00      0.00      1.80     21.00
02      0.00      0.00      0.00      4.40      0.00      0.00      0.00      0.00     20.40      0.00     24.80     38.60
03      0.00      0.00      0.00      0.00      0.00      0.00      0.00      0.00      0.20      0.00    117.80      0.40
04      0.00      0.00      0.00      3.40      0.00      0.00      0.00      0.00     64.60      0.00      1.40     31.00
05      0.00      0.00      1.00      0.20     62.40      0.00      0.00      0.40      0.00     69.60      2.80      0.00
06      0.00      0.00      0.20      0.00      0.00      1.00      0.00      0.00      0.00    194.60      4.00      0.00
07      0.00      0.00      0.00      0.00      3.80      0.00      0.00      0.20      0.00      0.00      0.00      5.40
08      0.00      0.00      0.40      0.00      0.20      0.00      0.00      0.00      3.20      3.60      2.40      0.40
09      2.20      0.20      6.20      0.00      2.00      0.00      0.00      0.00      0.00      0.00      0.00      0.00
10      0.40      1.80      0.00      0.00      0.00      0.00      0.00      0.00      0.00      0.00      0.00      5.40
11      2.60      0.60      0.00      0.00      0.00     23.00      0.00      0.00      0.00      0.00      3.00      0.00
12      6.20      0.00      0.00      0.00      0.00      7.60      0.00      0.00      6.80      0.60     12.80      0.40
13      8.00      2.80      0.00      0.00      0.00      7.20      0.80      1.60      0.00     26.20      0.20      1.40
14      2.00      0.00      0.20      0.00      0.00      0.40      0.20    -99.00      0.00      0.60      4.60      0.00
15      0.00      0.00      0.00      0.00      0.00      0.00      0.00    -99.00      0.00      1.00      1.40      0.00
16      0.00      0.20      0.20      0.00     14.40      0.00      0.00    -99.00     46.20      6.80     51.00      5.00
17      0.00      0.00      0.20      0.00      0.00      0.00      0.00      0.00      1.40     34.80     16.60      0.00
18      0.00      0.60      0.00      0.00      0.00      0.00     21.40      0.00      0.00      6.00     17.60      0.00
19      0.00      4.00      0.00      0.00      0.00      0.00      5.60      0.00      0.00      0.80     35.80      0.00
20      0.20      0.00      1.00      0.00      0.00      0.00    -99.00      0.00      3.60      0.20      2.40      0.00
21      0.00      0.00      8.20      0.00      0.00      0.00      1.00      8.80      0.00      0.20      0.00      9.60
22      0.00      0.00      0.00      0.00      0.00      0.00      0.00      0.00      9.00      4.60      0.00      0.00
23      0.00      0.00      0.40      0.00      0.00     10.20      0.00      0.00      2.00     36.00      0.20      0.00
24      0.00      0.00      0.40      0.00      0.00      2.00      0.00      0.00      0.20      4.20      2.40      0.00
25      0.00      0.00      0.00      0.00      0.00      0.00      0.00      0.00      2.40     46.80      2.00      0.00
26      0.00      0.20      0.00      1.20      0.00      0.00      0.00     83.00      0.00      4.80      0.00      0.80
27      0.00      0.00      0.00      4.80      7.60      0.00     29.20      1.40      0.00    112.00      0.00      0.20
28      0.00      0.00      0.00      0.00      0.00      0.00     15.80      9.00      0.00     67.00      0.00      5.00
29      1.40    -99.00      0.00      1.00      0.00     61.60     39.80      5.80      3.40      5.40      0.00      0.00
30      0.20    -99.00      0.00      0.00      0.00     18.00      0.00     10.40      0.00      0.00     19.80      0.00
31      0.00    -99.00      0.00    -99.00      0.00    -99.00     38.00     24.80    -99.00     50.40    -99.00      0.80
2015
01      0.00      1.60      0.20      0.00      0.00      0.00      0.00     21.80      0.80      1.60      8.60      0.00
02      0.00      2.80      0.00      0.00      0.00      0.00      0.00      0.00      0.00      0.00     76.40      0.00
03      0.00      0.80      0.00      0.00      0.00      0.00      0.00      0.20      0.00      2.80      0.00      0.00
04      0.00      2.00      0.00      0.00      0.00      0.00      0.00      6.20      0.00      0.00      0.00      5.00
05      0.00     12.40      0.20      0.00      0.00      0.00      1.00      0.00      0.00      0.60     44.60      0.00
06      0.00      2.60      0.00      0.00      0.00      0.00      5.40      0.00      0.00      0.00     79.60     15.40
07     30.80      0.00      0.20      0.00      0.00      0.00      4.80      0.00      0.00      0.60      1.60      0.00
08     29.60      4.00      0.00      0.00      0.00      0.00      0.00      0.00      0.00      2.80      0.00      0.00
09      0.80      0.00      0.00      0.60     12.20      0.00      0.80      0.00      3.60      0.20      0.20      0.00
10      0.00      0.00      0.40      0.00      0.00      0.00      0.00      0.00     39.80     16.60      0.00      0.00
11      0.00      0.00      0.00      0.00      0.00      0.00      8.40      0.00      9.80      0.00     13.80      0.00
12      0.00      0.00      1.40      0.60      0.00      6.00      5.60      0.60     43.60      0.00      4.80      0.00
13      0.00      0.00      0.00      0.00      0.00      0.00      0.00      0.00     20.00      0.00      0.00      0.00
14      0.00      0.00      0.00      0.00      0.00      0.00      0.00      0.00    241.80     42.60      0.00      0.00
15      0.00      0.00      0.00      0.00      0.00      3.60      0.00      0.00    150.40      0.40      0.00     33.80
16      0.00      0.20      0.00      0.00      0.00      0.00      0.00      0.00     53.20      0.00      0.00     15.20
17      0.00      1.00      0.00      0.00      0.00      0.40      2.40      0.00     29.80      0.00      0.00      0.00
18      3.20      5.20      0.00      0.00      0.00      0.00      0.80      0.00      0.00      0.00      0.00      0.00
19      1.40      0.20      0.00      0.00      0.00      0.00     13.00      0.00      0.00      0.00      2.40      0.00
20      0.00      0.00      0.00      0.00      0.00      0.00      1.00      0.00      0.00      0.00      4.00      0.00
21      0.00      1.00      0.00      0.20      0.00      4.80      0.00      0.00      0.00      0.00     43.20      0.00
22      0.00      0.20      0.00      0.00      0.00     41.00      0.00      0.00      0.00      0.00     11.00      0.00
23      0.00      0.20      0.00    138.40      0.00     24.20      0.00      0.80      0.00      0.00     42.20      0.00
24      0.00      0.20     24.80     24.20      0.00      4.80      0.00      0.00      0.00      1.40      1.40      0.00
25      0.00      0.00      1.40     35.40      0.00      0.00      1.00      0.00      0.00      0.40      2.00      0.80
26      0.00      0.00      1.60      0.60      0.00      0.00      4.00      0.00      0.00      0.40     18.40      0.20
27      0.00      0.00      1.00      0.00      0.00      0.00     11.20      0.00      0.00      0.00      1.60      0.00
28      0.00      0.00      0.00      0.20      0.00      0.00     14.00      0.00      0.00      0.00      0.20      0.00
29      0.00    -99.00      0.00      1.80      0.00      0.00      4.00      0.00      0.00      0.00      1.40      0.60
30      0.00    -99.00      0.00      1.80      0.00      0.00     15.20      2.00      0.00      0.20      0.20      2.20
31      0.00    -99.00      0.00    -99.00      0.00    -99.00      6.20      3.00    -99.00     27.40    -99.00      3.80
2016
01      2.20      0.80      0.00      0.00      0.00      0.00      0.00      0.00      6.20      0.00     49.00      0.00
02      0.00      0.20      0.00      4.60      0.00      0.00      0.00      0.00      0.00      0.00      0.60      0.20
03      0.00      0.00      0.00      0.00      0.00      0.00      0.00      0.00      2.00      1.60      0.20      0.00
04      0.00      0.00      0.00      0.00      0.00      0.00      0.00      0.00      0.00      0.60      0.00      0.00
05      0.00      0.80      0.80      0.00      0.00      0.00      4.20     22.20     17.80      2.00      0.00      1.60
06      0.00      1.00      3.20      0.00      0.00      0.00      1.20      0.00      1.00     82.40     17.60      0.20
07      0.00      0.00      0.20      0.00      0.00      0.00      0.00      0.00      0.00     14.40     17.20      0.40
08      0.00      0.00      0.00      0.00      0.00      0.00      0.00      0.00      0.40      0.00     17.60      0.00
09      3.80      0.00      0.00      0.00      0.00      0.00      0.00      0.00      0.00      0.00      2.60      0.00
10      0.00      0.00      0.40      0.00      0.00      0.00      0.00      0.00     17.40      0.00      0.00      0.00
11      0.00      0.00      0.40      0.00      0.00      0.00      0.00      1.00      0.20      0.00      0.00      0.00
12      0.00      0.20      0.00      0.00      0.00      0.00    -99.00      0.00     40.80     18.00      0.00     10.80
13      2.00      0.00      0.00      0.00     32.40      0.00      0.00      7.20    117.20     70.60      0.00     14.60
14      0.20      0.00      0.20      0.00      0.00      0.00      0.00     36.00      6.80    783.40      0.00     33.40
15      1.60      0.40      0.00      0.00      0.00      0.00    -99.00      7.80      0.00    170.40      0.00     49.00
16      9.80      0.20      0.20      0.00      3.60      4.80      0.00      0.80      0.00      0.00      0.00     17.80
17      0.60      0.00      0.00      0.00      0.00      1.60    -99.00      0.20      0.00      0.00      0.00      0.00
18      0.40      0.00      0.00      2.80      2.20      0.00      0.00      0.00      0.00      0.00      1.40      0.00
19      0.40      0.00      0.00      0.20      0.00      0.00      0.00      8.00     23.20      0.20      0.00      1.20
20      0.00      0.00      0.20      0.00      0.00      0.00    -99.00      1.80     27.20      0.00      4.60      6.40
21      0.00      0.00      0.00      0.00      0.80      0.00      0.00      4.00    110.00      0.00      3.40      0.00
22      0.20      0.00      0.00     18.40      0.00      0.00    -99.00      2.80     46.80      0.40     13.80      0.00
23      3.00      1.00      0.00     25.40      0.00      0.00      0.00      0.60     50.00      0.20     70.80      3.60
24     28.40      0.80      0.80      0.00     21.60      0.20    -99.00      0.20      7.40     25.80     62.20      0.20
25      0.60      0.20      1.60      0.00      0.00      0.00      0.00      0.00      6.00      5.20      0.00      0.60
26      0.00      0.00      0.00      0.00      0.00      0.00      5.40      6.20      2.20      2.60     10.00      0.20
27      0.00      0.00      0.40      0.00      0.00     30.20    -99.00      0.00      0.00      0.60      0.60      5.40
28      0.00      0.00      3.00      0.00      0.00     68.20    -99.00      7.20      0.00      0.00      0.20      0.00
29      0.40      0.00      0.20      2.20      0.00     11.80      0.00     24.20      0.60     14.80      0.80      6.80
30      0.20    -99.00      0.00      0.00      2.20      0.00    -99.00      0.00      0.00     38.00      4.40      0.20
31      0.00    -99.00      0.20    -99.00      0.00    -99.00      0.00      0.00    -99.00    168.80    -99.00      0.80
2017
01      0.20      1.60      2.00      0.00      0.00      0.00      0.00      0.00      0.00      0.00      1.60     10.80
02      3.00     13.80      0.00      0.20      0.00      0.00      0.00      0.00      0.00     45.60      0.00      7.80
03      5.80      4.00      0.00      2.60      0.00      0.00      0.00      0.00      0.00     10.00      0.00      0.40
04      0.80      0.40      0.00      0.00      0.40      0.00      0.00      0.00      0.00     49.40     43.00     27.40
05      0.80      0.20      0.00      0.20      0.60      0.00      0.00      2.80      0.00     39.40     58.80      1.00
06      0.00      0.20      0.00      0.00      0.00      0.00      0.00      0.00      0.00      1.80      0.20      0.00
07      0.00      0.00      0.00      0.00      0.00     21.60      0.00      0.00      0.00      7.40      8.60      0.40
08      2.40      0.00     21.20      0.00      0.00     17.80      0.00      0.00      0.00     30.00     10.80      5.80
09      1.00      2.20      0.00      0.00     10.80      1.20      0.00      0.00      0.00     91.00     16.60      1.60
10      0.20      3.80      0.00      0.00      4.80      0.00      0.00      0.00      0.00     76.60      8.20      0.00
11      0.20      8.20      0.00      0.00      0.20      0.00      0.00      0.00      0.00     63.40      1.80      0.00
12      4.00      0.00      0.00      1.60      0.00      0.00     23.80      0.00      0.00     74.40      0.00      0.00
13      1.40      0.00      0.00      0.40     16.00      0.00      0.00      0.00      1.00      0.00      0.00      0.00
14      0.00      0.00      0.00      0.00      0.00      0.00      0.00      0.00     75.60      0.00      7.20      0.00
15      1.00      0.20      1.60      0.00     23.80      0.00      0.00      0.00    276.40      0.20      2.20     14.80
16      3.80      0.00      0.60      0.00     40.20      0.00    159.20      0.00      0.00      0.20      0.00     29.00
17      0.40      0.00      0.60      0.00      0.00      0.00     10.80      0.00      0.00      0.00      0.00      0.00
18      0.00      0.20      4.60      0.00      0.00      0.00      0.00     23.00      0.00      2.80      0.00      0.00
19      0.20      0.00      4.40      0.00     23.20      0.00      0.00     12.20      0.00     34.60     56.60      0.00
20     13.20      0.00      1.20      0.00      0.00      0.00      0.00      0.20      0.00      0.00     57.00      0.00
21     47.00      0.00      0.80      0.00      0.00      0.00      0.00      0.00      0.00      0.60      5.20      0.00
22     36.60      0.00      0.00      1.20      0.00      0.00      0.00      0.00     17.20      0.00     19.20      0.00
23      3.60      5.40      0.00      0.00      0.00      0.00      0.60      0.00      6.80      0.00     19.60      0.00
24      0.00      1.60      0.20     18.80      0.80      0.00      0.00      0.00     28.80      1.00      0.20      6.60
25      4.00      2.60     31.40      0.00     11.20      0.00     64.00      0.20     11.00      4.40      0.00      0.00
26      1.80      3.20      1.60      0.00      0.00      1.20     21.20     16.00      6.00      0.00      0.00      2.60
27      6.20      0.00      0.20      0.00      0.20      0.00     57.40     91.40     13.20      0.00      0.00      0.60
28      0.00      0.00      0.00      0.40      0.00      0.00      3.40     22.40      0.40      0.40      1.60      0.00
29      0.00    -99.00      0.00      0.00      0.00      0.00      1.00      2.20      8.00      2.20      0.00      0.00
30      0.40    -99.00      0.00      0.00      0.00      0.00      0.00      0.00      3.80      0.20      1.00      2.00
31      0.00    -99.00      0.00    -99.00      0.00    -99.00      0.00      3.80    -99.00      0.40    -99.00      8.20
2018
01      0.00      0.00      0.00      0.00      0.00      0.00      0.00      0.00      0.00      0.00      0.00     14.60
02      0.00      2.00      0.00      0.00      0.00      0.00      0.00      0.00      0.00     22.20      0.00      0.00
03      6.00      0.40      0.00      0.00      0.00      0.00      0.00      0.00      0.00      0.60      0.00      0.00
04      2.00      0.00      0.00      0.00      0.00      0.00      0.00      0.00      0.00      9.40      0.00      0.00
05      2.80      0.00      0.00      0.00      1.80     17.00      0.00      0.00      0.00      9.20      0.00      2.20
06      0.80      0.00      0.40     10.00      0.20      0.00      0.00      0.00      0.00      0.00     13.60      0.00
07      0.00      0.00      0.00      2.80      0.00      0.00      0.00      0.00      2.20      2.20      0.20     16.60
08      2.60      0.00     11.40      0.00      0.00      0.00      0.00      0.00     21.80      0.00      7.40     91.40
09      4.00      0.00      0.00      0.00      0.00      0.00      0.60      4.40      1.80      0.00     48.20     47.40
10      0.00      0.00      0.40      0.00      0.00      0.00      5.20      0.00      1.20      2.80     16.60      2.60
11      0.00      0.60      0.00      0.00      0.00      0.00      3.00      0.00      0.00     18.80      0.00     46.60
12      0.00      3.20      0.00      0.00      0.00      0.40      0.00      0.00      0.40     18.60      0.00     37.80
13      0.00      0.00      0.00      0.00      0.00      0.00     21.60     21.80     23.00     11.60      3.00      0.00
14      0.00      0.00     16.60      0.00      0.00      3.00      2.60      0.00     15.60      5.40      1.20      0.00
15      0.40      0.00      0.00      2.20      0.00      0.00     12.60      0.00      3.80      0.00      0.00      0.00
16      0.00      0.00      0.00      0.20      0.00      0.00     20.80      5.00      0.00      0.00      0.00      5.40
17      0.00      0.00      0.00      0.00      0.00      0.00      5.80      0.80      0.00      0.00      0.00      0.00
18      0.00      0.20      0.00      0.00      0.00      0.00      9.00      0.00     25.60      5.80      0.00      0.00
19      0.00      0.00      0.40      0.00      0.00      0.00      0.80      0.00      3.20      9.40      0.00      0.00
20      0.20      0.20      5.60      0.00      0.00      0.00      0.20      0.00      0.80      3.20      0.00      0.00
21      0.00      1.40      0.00     20.40      0.00      0.00      4.00      0.00      0.00      4.20      0.00      0.00
22     10.20      4.20      0.00      0.00      0.00      0.00     57.80      0.00      1.60      0.00      7.60      0.00
23      1.20      0.80      0.00      0.00      0.00      0.00      0.00      0.00      2.00      0.00      3.20      0.40
24      0.20      0.00      0.60      0.00      0.00      0.00      0.00      0.00      0.00      0.20      0.00      0.00
25      2.20      1.80      0.00     26.00      0.00      0.00      1.60      2.00      0.00      0.00     32.40      0.00
26      0.00      2.00      0.00      0.00      0.00      0.00      5.00      7.20      0.00      0.00     13.00      0.00
27      1.40      0.20      0.00      0.00      0.00      0.40      4.00      0.00      0.00     31.20      2.80     11.00
28      0.40      0.00      0.00      0.00      1.20      0.00     10.60      2.00      8.40     15.20      0.00      3.40
29     21.20    -99.00      0.00     13.40      0.00      0.00     22.20      2.80     58.00      1.40      0.40     23.00
30      0.20    -99.00      0.00      1.20      0.00      0.00      0.00      0.00      0.00      0.00      3.20      8.00
31      2.00    -99.00      0.00    -99.00      0.00    -99.00      0.60      0.00    -99.00      0.00    -99.00      0.20
