HienVuong           
   107.64100       15.928000             495
2011
01      0.00      0.00      0.20      0.00      0.00      0.00      2.00      0.80      0.00    111.20     18.00      6.00
02      0.00      0.00      0.00      0.00      0.00      0.00      0.00     12.20      0.00      9.60     55.40      7.60
03      1.80      0.00      7.40      0.00      0.00      0.60      0.00     17.40      1.80    112.40      2.80      0.00
04      0.00      0.00      6.20      0.00      0.00      0.00      0.00      0.00     10.20      8.40      9.20      0.00
05      0.20      0.00      0.00      0.00      0.00      0.00      0.00      0.00     52.20     23.60     21.20      0.00
06      6.60      0.00      0.00      0.00      0.00      0.00      0.00      0.00      0.20      5.60     56.40      9.60
07     14.40      0.00      3.40      3.20      0.00      0.00      0.00     33.00      0.00      0.20     11.00      9.80
08      0.00      0.00      0.20      1.60      0.00      0.00      0.00      0.00      0.00     15.80     49.80     63.00
09     22.60      0.00      0.00      3.20      0.00      0.00      0.00      0.00     23.00     17.60      8.20     21.40
10      0.40      0.20      2.40      0.20      0.00      0.00      0.40      0.60    139.60      0.80      6.20     17.80
11      0.20      1.00      0.20      0.00      0.00      0.00      0.00      0.00     75.80      0.60      0.20      0.60
12      0.60     19.00      0.00      0.00      1.00      0.20      4.60      0.00     23.60     82.20      0.00      0.00
13      0.00      4.00      0.00      0.00      0.00      0.00      0.00      0.00      5.40     55.60      0.00      0.00
14      0.00      4.40      0.00      0.00      0.20      0.00      1.20      0.00      0.20     40.60      0.00      0.00
15      1.60      0.00      1.60      0.00      7.60      0.00     14.00      1.60     17.20     67.80      0.00      2.80
16      0.00      0.00      8.80      0.00     20.80      0.00      0.00      0.00      0.60    173.20      0.00      8.40
17      0.00      0.00      5.20      0.00      0.40      0.00      0.00      3.40      1.80     18.40      0.00      0.00
18      0.00      0.20      0.80     27.20      1.60      0.00      0.00      0.00     63.80      2.40      0.00      0.00
19      0.00      0.80      0.00      0.00      0.00      0.40      1.60      2.60      8.40      0.60      0.20      0.20
20      0.60      0.40      0.00      1.00      7.00      0.00      0.00      7.20      8.20      1.40      0.00      0.00
21      2.60      0.20      0.00      0.40      0.20      0.00      2.20      5.40      8.80      0.00      3.20      0.00
22      0.20      0.00      5.00      0.60      0.00      0.00      0.00      0.00     60.00      0.00     56.00      6.20
23      0.40      1.00      1.20      2.00      0.40      7.80      0.00      0.00     34.60      0.00     27.40      6.80
24      1.20      0.60      2.40      1.00      0.00      4.40      0.00      0.00      0.00      0.00      0.00      0.00
25      0.00      0.00      1.40      0.20      0.00      0.00      1.00      0.00      7.00     50.80      0.00      0.00
26      0.00      0.00      3.20      0.00      0.00      0.00      0.00      0.00     38.40      3.00     32.80      0.00
27      0.00      0.00      4.60      8.40      0.00      0.40      0.00     10.00    100.00      0.20     70.40      0.00
28      1.80      0.00      0.40      0.00      0.00      1.00      0.00      0.00      0.00      0.00      2.20      0.20
29      1.40    -99.00     10.40      2.80      0.00      0.60      0.00      0.00      4.00     15.40      4.60      0.00
30      0.20    -99.00     25.20      0.00      0.00      0.40     34.60      0.20    286.40      0.00      3.80      2.00
31      0.00    -99.00      1.00    -99.00      0.00    -99.00      0.80      0.00    -99.00      9.60    -99.00      0.40
2012
01      0.60      0.00      0.00      0.00      0.00      2.80     10.40      1.80      0.00      0.00      0.00      0.00
02      0.00      0.60      0.40      0.00      0.00     62.80      0.00     29.20     17.40      0.00      0.00      4.80
03      0.00      0.00      0.60      0.00      0.00      0.20     59.00      0.00      3.20      0.00      0.00      1.20
04      3.60      0.00      0.40      0.00      0.00      0.00     23.40      0.00     72.60      0.00      0.40      0.00
05      0.20      0.00      0.00     13.20      0.00      0.00      8.80      0.00     55.00      0.00     11.40     13.80
06      0.00      0.00      0.00      0.00      0.00      0.00      3.80      0.00     77.20      1.00     37.80      0.00
07      0.00      0.00      0.00      9.00     12.80      2.60      0.00      0.40      0.40     94.60      5.40      0.00
08      2.20      0.00      0.00      0.20      0.60      0.00      0.00      0.00      0.00      3.80      1.20      0.00
09      1.60      0.00      0.40      0.00      5.40      0.40      0.00      0.00      0.00      5.00      0.00      0.00
10      1.20      0.00      2.20      0.00      0.00      0.00      0.00      0.00      0.00      8.00      0.00      0.00
11      2.40      0.00      0.40      0.00      0.00      0.00      0.00      0.00      0.00      4.60      0.00      0.00
12      0.60      0.00      1.40      0.00      0.00      0.00      0.00      0.00      3.80      0.00     16.60     17.00
13      0.40      0.00      0.40      0.00      0.00      0.00      0.00      0.00     11.20      0.00      3.40     16.40
14      0.00      0.00      0.00      0.00      0.00      0.00      0.00      0.00    265.60      0.00      2.40      0.00
15      0.00      0.00      0.00      0.00     10.60      7.80      0.00     35.80     10.80      0.00      0.00      0.00
16      0.20      0.60      0.00      0.00      0.00     12.80      0.00      7.60     17.80      0.00      0.40      0.00
17      0.40      0.80      0.20      0.00      0.00      0.00      0.00      0.00      0.40     15.40     68.00      0.00
18      0.80      1.80      0.00      0.00      0.00      0.00      0.00      0.00     10.00     60.40      0.00      8.40
19      0.60      0.80      0.00      0.00      0.00      0.00      0.00      0.00      0.00     13.00      0.20      4.60
20      1.40      0.20      0.00      0.00      0.00      0.00      0.00      0.00      0.00      5.40      0.00      0.00
21      0.20      0.00      0.00     55.60      0.00      0.00      0.00      0.00      0.00      1.20      0.00      0.00
22      4.80      0.00      0.00      0.00      0.00      1.00      0.00      0.00      0.00      1.00      0.00     19.00
23      7.80      0.00      3.40      0.00      0.00      0.00      7.00      4.00      0.00      0.00      0.00     34.40
24      1.60      0.00      0.00      0.00      0.00      1.40      1.20      0.00      0.00      3.40     88.60      0.00
25      6.20      0.00      0.00      0.00      0.00      0.00      4.40      0.80     12.40      1.20      0.40      0.00
26      0.00      0.20      0.00      4.00     16.40      0.00      0.00      0.00     47.00      1.40     20.60      0.00
27      0.20      0.40      0.00      4.80      8.20      0.00      0.00     18.20     22.00     77.40      0.60      2.80
28      0.00      2.00      1.60      0.00     43.00      0.00      0.00      0.20     23.80     23.60      0.00      0.00
29      0.40      0.00      0.00      0.00      0.00      0.00      0.00      0.00      9.60      0.00      0.00      0.00
30      1.60    -99.00      0.00      0.00     43.60      0.00      0.00      0.00     17.60      3.60      0.00      7.40
31      3.60    -99.00      5.60    -99.00     20.40    -99.00      1.00      0.00    -99.00      0.00    -99.00      0.00
2013
01      0.00      0.00      0.00      0.80     12.60      0.00     37.40      0.00      0.00      5.00      0.00      0.00
02      0.00      0.00      0.00      0.20     17.60      0.00      0.00      3.20      0.00     47.00      0.00      0.00
03      0.00      0.20     22.00      0.00      2.20      0.80      0.00      0.00      0.00     43.20      0.00      0.00
04      0.00      0.00      2.20      0.00      0.20      0.00      0.00      0.00      0.00      4.80      0.80      0.00
05      0.40      0.00      0.00      0.00      0.00      2.60      0.00      0.00     42.80      6.60     11.20      0.00
06      0.00      0.00      0.00      0.00      0.00      0.00      0.00      0.00     14.80      0.00      4.80     14.20
07      0.00      0.00      0.00      0.00     10.00      0.00      0.00     57.40     37.20      0.00     42.40      0.00
08      0.00      0.00      0.00      0.60      0.00      0.00      0.00      1.60     19.80      0.00      5.20      0.00
09      0.40      1.00      0.00      0.40      0.00      0.00      0.00      0.20      1.00      0.00      0.40      0.00
10      0.00      0.00      0.00      0.80      0.00     10.80      0.00      0.00      6.40      0.00     23.80      0.00
11      0.00      0.00      3.40      5.40     42.60      0.60      0.00      0.00     20.00     59.80      0.00      0.00
12      0.00      0.00      8.40      1.60      0.00      0.00      0.00     18.80     22.00     23.00      2.40      0.40
13      0.00      1.40      5.40      0.00      0.00      0.00      0.00      0.20      0.20      0.00      5.20      7.40
14      0.00      0.00      0.20      0.00      0.00      0.00      0.00      0.00      0.00     32.60      7.00      0.20
15      0.00      1.00      0.00      0.00      0.00      0.00      0.00      0.00      0.00    124.80      7.40     15.60
16      0.00      0.40      0.00      9.80      0.00      0.00      0.00      0.00      0.00    185.20      5.80     24.80
17      0.80      0.40      0.00     10.60      0.00      0.00      0.00      0.00     14.00      3.80      1.60     10.40
18     26.40      0.00      0.00      0.20      0.00      0.00      0.00      1.00     74.40     74.00      1.60      0.00
19      6.20      0.00      0.00      0.00      0.00      0.00      0.00      0.00    199.80     36.20     38.60      0.00
20      0.00      0.00      0.00      0.00      0.00      0.00     46.80      1.80     89.40     30.00      0.00      0.00
21      0.00      0.40      0.00      0.00      0.00      0.00      0.00      2.20      0.40      0.60      0.40      0.00
22      0.00     16.20      0.20      0.00     15.40      9.60      1.20      0.00      0.00     61.80      5.20      0.00
23      0.00      9.60      0.00      0.80      0.00      1.00     35.00      0.00      0.00      0.20      0.00      0.00
24      0.00      0.00      0.00      0.00      0.00      0.00      3.40      0.00      6.20     31.80      1.60      0.00
25      0.20      0.00      0.00      3.80      0.00      0.40      5.80      0.00     15.60      0.40      1.80      0.00
26      0.00      0.00      0.00      0.00      0.00      0.00      0.00      0.00     78.00      0.00      0.00      0.00
27      0.20      1.60      0.00      0.00      0.00      0.00      8.20      0.00     56.00      0.00      0.00      0.00
28      0.00      0.00      0.00      0.00      0.00      0.00      1.40      0.00      4.40      0.00     13.60      0.00
29      0.00    -99.00      0.00      0.00      0.00      0.00      0.00      0.00     14.20      0.20      0.40      0.00
30      0.20    -99.00      0.60      0.00      0.00      0.00      0.00      0.00    293.60     20.20      0.00      0.00
31      0.00    -99.00     13.60    -99.00      0.00    -99.00      0.00      0.00    -99.00      0.40    -99.00      0.00
2014
01      0.00      0.20      0.20      0.00      0.00      0.00      0.00      0.00     17.40      0.00      1.80     34.00
02      0.00      0.00      0.00      5.60      0.00      0.00      0.00      0.00     14.40      0.00     32.20     46.00
03      0.00      0.00      0.20      0.20      0.00      0.00      0.00      0.00      0.20      0.00    145.40      0.40
04      0.00      0.00      0.00      3.00      0.00      0.00      0.00      0.00     49.20      0.00      0.40     36.00
05      0.00      0.00      1.80      0.00     82.00      0.00      0.00      0.20      0.00     53.80      3.80      0.20
06      0.00      0.00      0.20      0.00      0.00      1.60      0.00      0.00      0.00    210.20      1.80      0.00
07      0.00      0.20      0.40      0.20      2.80      0.00      0.00      0.60      0.00      0.00      0.00      5.60
08      0.00      0.20      1.00      0.20      3.80      0.00      0.00      0.00      2.40      3.20      0.00      0.60
09      2.60      0.80      2.20      0.00      2.20      0.00      0.00      0.00      0.00      0.00      0.00      0.00
10      0.40      5.60      0.00      0.00      0.00      0.00      0.00      0.00      0.00      0.00      0.00      7.80
11      4.00      1.20      0.00      0.00      0.00     14.40      0.00      0.00      0.00      0.00      3.20      0.40
12     10.00      0.00      0.00      0.00      0.00      8.80      0.00      0.00      3.00      2.20     13.40      1.20
13     11.40      4.40      0.20      0.00      0.00      2.00      0.00      1.00      0.00     56.00      3.00      1.20
14      2.60      0.20      0.00      0.00      0.00      0.60      1.40    -99.00      0.00      4.80      4.00      0.00
15      0.00      0.00      0.00      0.00      0.00      0.00      0.00    -99.00      0.00      0.00      1.60      0.00
16      0.00      0.20      0.40      0.00      5.40      0.00      0.00    -99.00     47.40      3.80     50.60      7.40
17      0.00      0.00      0.40      0.00      0.00      0.00      0.40      0.00      2.00     27.20     36.20      0.00
18      0.00      2.00      0.00      0.00      0.00      0.00     28.00      0.00      0.00      6.60     35.20      0.00
19      0.00      3.40      0.00      0.00      0.00      0.00      5.20      0.00      0.00      0.40     27.60      0.00
20      0.00      0.00      1.60      0.00      0.00      0.00    -99.00      0.00      5.20      0.40      2.80      0.00
21      0.00      0.00     12.60      0.00      0.00      0.00      3.40     18.60      0.00      0.00      0.00     14.60
22      0.00      0.00      0.20      0.00      0.00      0.40      0.00      0.00      8.80     12.20      0.00      0.00
23      0.00      0.20      0.40      0.00      0.00      8.60      0.00      0.00      0.60     22.40      0.00      0.00
24      0.00      0.00      0.80      0.00      0.00      1.60      0.00      0.00      0.00     11.60      2.40      0.00
25      0.20      0.00      0.00      0.00      0.00      0.00      0.00      0.00      1.60     33.60      3.20      0.00
26      0.00      1.00      0.00      1.60      0.00      0.00      0.00     94.40      0.00      7.80      0.00      1.00
27      0.00      0.00      0.00      9.40     13.40      0.00      8.60      4.20      0.00    100.60      0.00      0.20
28      0.00      0.00      0.00      0.80      0.00      0.00      0.40     10.40      0.00     59.60      0.00      8.80
29      1.20    -99.00      0.00      1.20      0.00     45.80     17.00      8.00      3.80      4.00      0.00      0.00
30      0.20    -99.00      0.00      0.00      0.00      7.40      0.20      9.40      0.00      0.00     23.20      0.20
31      0.00    -99.00      0.00    -99.00      0.00    -99.00     32.80     19.80    -99.00     51.80    -99.00      1.00
2015
01      0.00      3.20      0.00      0.00      0.00      0.00      0.00     22.20      1.00      0.00     24.40      0.20
02      0.00      3.80      0.00      0.00      0.00      0.00      0.00      0.00      0.00      0.00     52.80      0.00
03      0.00      1.20      0.20      0.00      0.00      0.00      0.00      0.60      0.00      8.00      0.00      0.00
04      0.00      3.20      0.40      0.00      0.00      0.00      0.00      4.80      0.00      0.00      0.00      4.60
05      0.20     15.80      0.20      0.00      1.20      0.00      0.40      1.60      0.00      0.80     51.40      0.00
06      0.20      5.80      0.00      0.00      0.00      0.00     19.00      0.00      0.00      0.00     91.60     18.60
07     36.20      0.00      0.20      0.00      0.00      0.00      4.00      0.00      0.00      2.60      4.60      0.00
08     52.40      5.00      0.00      0.00      0.00      0.00      0.00      0.00      9.80      4.00      0.00      0.00
09      0.40      0.00      0.00      0.60      7.20      0.00      0.80      0.00     11.00      1.60      0.80      0.00
10      0.00      0.00      0.20      0.40      0.20      0.00      0.00      0.00     56.40     21.00      0.00      0.00
11      0.40      0.20      0.00      0.00      0.00      1.00      9.00      0.00     11.80      0.00     14.00      0.00
12      0.00      0.20      2.60      0.60      0.00      7.00      4.40      4.60     35.60      0.00      4.00      0.00
13      0.00      0.00      0.00      0.00      0.20      0.00      0.00      0.00     24.80      0.20      0.00      0.00
14      0.00      0.00      0.00      0.00      0.00      0.00      0.00      0.00    228.40     39.20      0.00      0.00
15      0.00      0.00      0.00      0.00      0.00      2.20      0.00      0.00    172.80      1.80      0.00     36.20
16      0.00      0.20      0.00      0.00      0.00      0.00      0.00      0.00     63.20      2.60      0.00     21.80
17      0.00      2.20      0.00      0.00      0.20      0.00      4.00      0.00     37.40      0.00      0.00      0.00
18      3.00      7.20      0.00      0.00      0.00      0.00      1.60      0.00      0.00      0.20      0.00      0.00
19      1.20      0.20      0.00      0.00      0.00      0.00     12.80      0.00      0.00      0.00      2.80      0.00
20      0.20      0.00      0.00      0.00      0.00      0.00      1.20      0.00      0.00     17.80      3.40      0.00
21      0.00      1.00      0.00      0.00      0.00      1.80      0.00      0.00      0.00      0.40     47.00      0.60
22      0.20      0.20      0.00      0.00      0.00     41.00      0.00      0.00      0.00      0.00      4.00      0.00
23      0.00      0.80      0.00    154.20      0.00     26.40      0.00      0.00      0.00      0.00     48.00      0.00
24      0.20      0.20     29.20     20.00      0.00      6.60      0.00      0.00      0.00      0.60      1.00      0.00
25      0.00      0.00      1.00     62.00      0.00      0.00      1.00      0.00      0.00      0.20      1.80      1.20
26      0.20      0.00      3.20      0.40      0.00      0.00      7.20      5.20      0.00      0.20     28.40      0.00
27      0.00      0.00      1.40      0.00      0.00      0.00     10.80      0.00      0.00      0.00      1.80      0.00
28      0.00      0.00      0.00      0.80      0.00      0.00     16.00      0.00      0.00      0.00      0.00      0.20
29      0.00    -99.00      0.00      1.40      0.00      0.00      4.00      0.00      0.00      0.00      1.40      1.00
30      0.00    -99.00      0.00      2.00      0.00      0.00     16.60      1.80      0.00      0.00      0.60      2.60
31      0.20    -99.00      0.00    -99.00      0.00    -99.00      6.20      3.40    -99.00     23.80    -99.00      3.40
2016
01      2.00      1.60      0.00      0.00      0.00      0.00      0.00      0.00      5.80      0.00     64.00      0.00
02      0.00      0.40      0.00      6.20      0.00      0.00      0.00      0.00      0.00      0.00      2.20      0.40
03      0.00      0.00      0.00      0.00      0.20      0.00      0.00      0.00      0.40      4.40      0.00      0.00
04      0.00      0.00      0.00      0.00      0.00      0.00      0.00      0.00      0.00      0.40      0.00      0.00
05      0.00      1.00      0.60      0.00      0.00      0.00      6.80     22.20     27.40      1.00      0.00      1.80
06      0.00      0.80      3.40      0.00      0.00      0.00      1.60      0.00      6.40     78.20     23.40      0.60
07      0.00      0.00      0.00      0.00      0.00      0.00      0.00      0.00      0.00     11.00     28.40      0.40
08      0.00      0.00      0.00      0.00      0.00      0.00      1.00      0.00      4.40      0.00     24.60      0.00
09      3.80      0.00      0.00      0.00      0.00      0.00      0.00      0.00      0.00      0.00      2.40      0.00
10      0.00      0.00      1.40      0.00      0.00      0.00      0.00      0.00     48.60      0.00      0.00      0.00
11      0.20      0.00      1.00      0.00      0.00      0.00      0.00      1.00      0.00      0.00      0.00      0.00
12      0.00      0.20      0.00      0.00      0.00      0.00      0.00      0.00     50.80     43.80      0.00     12.80
13      1.80      0.00      0.20      0.00     36.80      0.00      0.00      7.20    141.80    101.40      0.00     11.60
14      0.40      0.00      1.00      0.00      0.20      0.00      0.00     36.00      7.60    830.20      0.00     41.40
15      0.80      1.40      0.00      0.00      0.00      0.00      0.00      7.80      0.00    180.40      0.00     85.80
16     15.20      0.40      0.00      0.00      4.60      4.60      0.00      0.80      0.00      0.00      0.00     31.60
17      1.40      0.00      0.20      0.00      0.00      6.80      0.00      0.20      0.00      0.00      0.00      0.00
18      1.00      0.00      0.20      4.60      1.20      0.00      0.00      0.00      0.00      0.00      1.40      0.00
19      1.00      0.00      0.00      0.80      0.00      0.00      0.00      8.00     13.00      0.00      0.00      1.40
20      0.40      0.00      0.00      0.00      0.00      0.00      0.00      1.80     38.40      0.00      5.20      6.40
21      0.20      0.00      0.00      0.00      1.00      0.00      0.00      4.00    189.80      0.00      4.60      0.40
22      0.20      0.00      0.40     18.60      0.00      0.00      0.00      2.80     54.40      0.20      7.60      0.00
23      8.40      1.60      0.00     24.80      0.00      0.00      0.00      0.60     42.60      0.20     48.80      3.40
24     41.60      2.80      4.00      0.00     28.60      0.00      0.00      0.20      7.80     23.80     97.00      0.20
25      0.60      0.00      3.80      0.00      0.00      0.00      0.00      0.00      4.60     15.60      0.20      0.80
26      0.00      0.00      0.00      0.00      0.00      0.00      0.00      6.20      6.40      4.00     16.00      0.00
27      0.00      0.00      0.00      0.40      0.00     36.20      5.60      0.00      0.00      0.80      0.80     13.20
28      0.00      0.00      1.00      0.00      0.00     66.20      0.00      1.00      0.00      0.00      0.00      0.20
29      0.60      0.00      0.80      6.00      0.00     18.60      0.60     27.20      0.00     11.40      0.80      5.20
30      0.20    -99.00      0.00      0.00      4.60      0.00      0.00      0.00      0.00     53.60      4.40      0.00
31      0.40    -99.00      0.40    -99.00      0.00    -99.00      0.00      0.00    -99.00    183.20    -99.00      1.20
2017
01      0.00      2.00      2.40      0.00      0.00      0.00      0.00      0.00      0.00      0.00      1.40     14.00
02      2.00      8.00      0.00      0.20      0.00      0.00      0.00      0.00      0.00     50.80      0.00     10.20
03      3.00      3.60      0.00      2.60      0.00      0.00      0.00      0.00      0.00      9.80      0.00      0.20
04      1.40      0.60      0.00      0.00      0.60      0.00      0.00      0.00      0.00     43.20     70.20     29.00
05      1.00      1.80      0.00      0.00      0.00      0.00      0.00      4.00      0.00     31.80     69.60      0.60
06      0.00      0.20      0.00      0.20      0.00      1.00      0.00      0.00      0.00      0.00      0.20      0.00
07      0.00      0.00      0.00      0.00      0.00     39.80      0.00      0.00      0.00     13.00      9.00      0.20
08      1.80      0.00     20.20      0.00      0.00     13.20      0.00      0.00      0.00     30.40     10.20     15.80
09      1.80      4.20      0.00      0.00     24.00      2.60      0.00      0.00      0.00     99.40     18.60      4.40
10      0.40      2.00      0.00      0.00      5.20      0.00      0.00      0.00      0.00     97.80      3.00      0.00
11      0.60      7.00      0.00      0.00      0.40      0.00      2.80      0.00      0.00     49.20      3.60      0.00
12      7.40      0.00      0.20      2.60      0.00      0.00     12.00      0.00      0.00     70.20      0.00      0.00
13      1.00      0.00      0.00      0.40      3.20      0.00     25.40      0.00      0.00      0.00      0.00      0.00
14      0.00      0.00      0.40      0.00      0.00      0.00      0.60      0.00     85.80      0.20     13.20      0.00
15      3.60      0.00      3.20      0.00     42.80      0.00      0.00      0.00    289.60      0.40      1.40     17.20
16      3.80      0.00      0.80      0.00     30.80      0.00    155.60      5.20      0.00      0.60      0.00     45.80
17      0.60      0.00      1.20      0.00      0.00      0.00     14.20      0.20      0.00      0.00      0.00      0.00
18      0.00      0.20      4.00      0.00      0.00      0.00      0.00     21.20      0.00      2.20      0.20      0.00
19      0.20      0.00      4.40      0.00     25.20      0.00      3.60     10.60      0.00     34.80     54.80      0.00
20     25.20      0.20      0.60      0.00      0.00      0.00      0.20      0.20      0.00      0.00     66.60      0.00
21     56.20      0.20      1.40      0.00      0.00      0.00      0.00      0.00      0.00      1.20      5.60      0.00
22     40.60      0.00      0.00      3.20      0.00      0.00      0.40      0.00     19.00      0.00     28.00      0.00
23      3.00      5.60      0.00      0.00      0.20      0.00      0.80      0.00      8.00      0.00     15.00      0.00
24      0.00      1.60      0.20     29.60      0.60      0.00      0.00      0.00     19.60      0.80      0.20      8.20
25      4.00      3.20     41.40      0.00     14.40      0.00     69.40      0.60     11.80      3.00      0.00      0.20
26      2.20      3.40      1.60      0.00      0.00      0.60     26.40     18.00      7.40      0.00      0.00      2.60
27      4.60      0.00      0.00      0.60      0.00      0.00     42.60     80.80      9.20      0.00      0.00      0.20
28      0.00      0.00      0.00      2.00      0.00      0.00      3.60      0.00      0.20      1.20      2.00      0.00
29      0.20    -99.00      0.00      0.00      0.00      0.00      2.00      0.00     35.00      9.40      0.00      0.00
30      0.60    -99.00      0.00      0.00      0.00      0.00      0.00      0.00     15.20      0.00      1.80      4.20
31      0.00    -99.00      0.00    -99.00      0.00    -99.00      0.00      0.00    -99.00      0.20    -99.00     13.60
2018
01      0.20      0.20      0.00      0.00      0.00      0.00      0.00      0.00      0.00      0.00      0.00     19.40
02      0.00      2.40      0.00      0.00      0.00      0.00      0.00      0.00      0.00     28.80      0.00      0.00
03      5.40      0.00      0.00      0.00      0.00      0.00      0.00      0.00      0.00      0.00      0.00      0.00
04      2.00      0.00      0.00      0.00      0.00      0.00      0.00      0.00      0.00     25.00      0.00      0.00
05      4.60      0.20      0.00      0.00      6.40     18.20      0.00      0.00      0.00     15.60      0.00      0.80
06      0.60      0.00      0.40     23.00      0.00      0.00      0.00      0.00      0.00      0.00      9.40      0.20
07      0.00      0.00      0.20      8.20      0.00      0.00      0.00      0.00      1.40      2.40      1.40     22.20
08      4.60      0.00     13.80      0.00      0.00      0.00      0.00      0.00     16.80      0.00      8.20     84.80
09      5.60      0.00      0.00      0.00      0.00      0.00      0.00      7.60      5.40      0.00     45.60     70.20
10      0.00      0.20      0.20      0.00      0.00      0.00      5.60      0.00      1.80      3.20     14.60      2.40
11      0.00      1.40      0.20      0.00      0.00      0.00      3.00      0.00      0.00     28.40      0.40     59.60
12      0.00      4.00      0.00      0.00      0.00      0.40      0.20      0.60     16.60     12.20      0.00     43.00
13      0.00      0.00      0.00      0.00      0.00      0.00     25.00     25.80     18.00      9.20      9.20      0.00
14      0.00      0.00     25.60      0.00      0.00      1.80      3.20      0.00     17.60      3.40      2.00      0.00
15      0.40      0.00      0.00      3.20      0.00      0.20     13.80      0.00      2.80      0.00      0.00      0.00
16      0.00      0.20      0.00      0.60      0.00      0.00     23.40      6.60      0.00      0.00      0.00      5.20
17      0.00      0.00      0.00      0.00      0.00      0.00      7.60      1.40      0.00      3.60      0.00      0.00
18      0.00      0.00      0.00      0.00      0.00      0.00      8.60      0.00     32.40      0.00      0.00      0.00
19      0.00      0.40      0.40      0.00      0.00      0.00      0.80      0.00      4.40      3.00      0.00      0.00
20      0.00      0.00      7.60      0.00      0.00      0.00      0.40      0.00      3.40      5.20      0.00      0.00
21      0.20      1.80      0.00     36.40      0.00      0.00      4.60      0.00      0.00      9.00      0.00      0.00
22     11.20      4.40      0.00      0.00      0.00      0.00     64.20      0.00      4.20      0.00     12.20      0.00
23      0.80      1.80      0.00      0.00      0.00      0.00      0.00      0.00      1.20      0.20      1.20      0.60
24      0.40      0.00      0.40      0.00      0.00      0.00      0.00      0.00      0.00      0.00      0.00      0.40
25      2.60      2.00      0.00     26.60      0.00      0.00      1.60      1.60      0.00      0.00     23.80      0.00
26      0.00      3.00      0.00      0.00      0.00      0.00      4.80      9.60      0.00      0.00     14.20      0.00
27      2.40      0.40      0.00      0.40      0.00      0.20      4.60      0.00      0.00      9.80      1.60      7.60
28      1.00      0.20      0.00      0.20      1.80      0.00      9.80      3.00     32.40     37.00      0.00      6.00
29     24.60    -99.00      0.00     15.40      0.00      0.00     28.40      4.20     65.20      0.40      0.40     24.20
30      0.00    -99.00      0.00      1.20      0.00      0.00      0.60      0.20      0.00      0.00      3.20      8.60
31      2.20    -99.00      0.00    -99.00      0.00    -99.00      0.80      0.00    -99.00      0.00    -99.00      0.20
