HiepDuc             
   108.10400       15.580000              32
2011
01      0.00      0.40      0.00      0.00      3.00      0.00      9.40      2.60      0.00     53.00      0.60      6.00
02      0.00      0.00      0.00      0.20      0.00      0.00      0.00     37.80      0.00      0.80      0.40      1.40
03      3.20      0.00      0.60      0.00      0.00      4.20      0.00      2.00      0.00     14.00      0.60      0.00
04      1.80      0.00      0.20      0.00      1.20      0.00      0.00      0.00     48.00      2.60     27.80      0.00
05      0.20      0.00      0.20      2.00     14.00      0.00      0.00      0.00      0.00     38.40     68.80      0.00
06      8.60      0.00      0.40      2.00      0.60      0.00      0.00      0.80      0.00      6.00     33.20      8.60
07      5.40      0.00      1.40      3.20      0.00      0.00      0.00      0.40      0.00      2.60    149.00      2.00
08      0.60      0.00      3.00      0.40      0.00      0.00      6.40      0.20      0.20     32.20     92.20     25.20
09      4.20      0.00      0.80      0.20      0.80      0.00      0.00      0.00     12.80     65.00      6.80     18.20
10      0.60      0.00      0.40      0.00      0.00      0.00      0.00      5.60     61.20      0.00      0.00     16.80
11      2.80      1.00      0.00      0.00      0.00      0.00      0.00      4.20     72.00      4.20      0.00      1.80
12      0.20      2.80      0.00      0.20      9.60      0.00      0.00      0.00     24.40     70.20      0.00      0.00
13      0.00      4.60      0.00      0.00      1.20      0.00      0.00     22.40     26.00     64.80      0.20      0.00
14      0.00      3.00      0.00      0.00     31.40      0.00      0.60      0.00      0.00     98.80      0.00      0.00
15     16.20      0.00      1.80      0.60      8.20      0.00      2.80     10.60     20.80     82.20      0.20      4.80
16      0.20      0.20     13.60      0.00     31.60      0.00      0.80     23.60      2.80    204.80      1.40     11.00
17      0.00      0.40      6.60      2.00      0.00      0.00      5.00    104.60      0.20      0.80      0.00      2.20
18      0.40      0.40      1.80     15.40      0.00      0.20      0.00     18.00      0.80      0.60      0.00      2.80
19      0.20      0.20      0.00      0.00      2.00      1.60      3.80      0.60     16.40      9.40      0.20      2.00
20      0.60      0.00      0.00      0.00      2.80      0.00      5.20      5.80      2.80      4.00      1.00      0.60
21      2.00      0.20      0.20      0.00      0.00      0.00      0.00      0.00      5.80      0.00      9.80      1.60
22      0.20      0.40      0.60      0.00      0.00      0.00      0.00     18.80    124.00      0.00     38.60      1.80
23      2.40      0.40      3.40      0.00      2.40      2.80      0.00      0.80      0.40      0.00     12.20      3.20
24      5.00      0.60      1.20      0.00      4.80     15.00      0.00      2.00      8.20      0.00      0.80      5.20
25      1.40      0.00      4.40      0.00      0.00      0.40      0.00      0.00      0.00     45.00      0.20      0.00
26      1.80      0.00      2.80      0.00      0.00      0.00      0.00      0.00     32.00     47.80      1.80      0.20
27      1.00      0.00      3.60      2.40      0.00      0.40      0.40      0.00    154.40      6.00      9.00      0.00
28      3.00      0.00      0.80      0.20      0.00     10.00      0.20      0.00      1.20      5.60      5.00      1.80
29      3.20    -99.00     14.00      2.80      0.00      0.00      1.00      0.00      1.60     10.60      0.20      0.20
30      0.80    -99.00     18.20      0.00      0.00      9.20     94.00      0.00    200.60      0.60      1.20      5.00
31      0.00    -99.00      0.00    -99.00      0.00    -99.00      1.00      0.00    -99.00     44.60    -99.00      1.40
2012
01      1.40      0.60      0.00      0.00      0.00      0.00      2.80      0.00      0.20      0.40      0.00      1.20
02      0.80      0.60      0.80      0.00      0.00      0.20      0.20     45.00     29.40      0.00      0.00     19.00
03      0.20      1.00      1.00      0.00      0.00      3.00     95.40      0.00      0.40      0.00      0.00      1.20
04      4.60      0.40      0.20      0.00     35.60      0.00      2.80      0.00     19.40      0.00     10.00      0.00
05      2.20      0.00      0.00      4.40     19.60      0.00     30.60      0.00    297.00      0.20      1.80      5.00
06      0.40      0.20      0.00      0.60      0.00      0.00      0.00      0.00     49.80      3.00      0.00      0.20
07      3.00      0.00      0.00     12.00     12.80     17.60      0.00      1.40      3.40     37.00      0.00      0.00
08      0.60      0.00     12.40      0.00      0.00      2.80      0.00      1.60      3.00     31.00      0.00      0.00
09      0.60      0.00      0.20      1.40      0.40      0.80      0.00      0.00     19.40      5.60      0.00      0.00
10      4.80      0.60      0.20      0.00      0.00      0.00      0.00      0.00      0.00     12.00      0.00      0.00
11      1.80      0.00      0.40      0.00     10.00      0.00      0.00      0.00      0.00      1.00     11.00      0.00
12     11.20      0.20      0.80      0.00      0.00      0.00      0.00      0.00      0.00      0.00      0.40     12.60
13      1.40      0.00      0.60      5.00      0.00      0.00      0.00      9.20     20.00      0.00      5.00      9.60
14      0.00      0.00      0.40      0.20      0.00      0.00      0.00      2.00     22.40      0.00      0.40      0.40
15      0.00      0.00      0.40      0.00     16.80     29.80      6.00      0.00      2.80      0.00      2.40      0.00
16      0.00      1.20      0.00      0.00     26.40      2.20      0.00     34.60      0.00      0.00      1.40      0.00
17      0.40      1.00      0.20      0.00      0.00      0.00      0.00      0.20      0.20      9.40      6.00      0.00
18      0.00      1.60      0.00      0.00      0.00      0.00      0.00      5.20      0.40     46.00      0.00      0.80
19      0.60      2.60      0.00      0.00      0.00      0.20      0.00      0.00      0.00      0.40      0.00      2.00
20      2.20      0.00      0.00      0.40      0.00      0.00      0.00      0.00      0.00      5.00      0.00      0.20
21      0.00      0.00      0.00     43.60      0.00      0.00      0.00     46.00      0.00      7.00      0.00      0.00
22      0.40      0.00      0.00      0.00      4.00      0.00      0.60     19.00      0.00      1.40      0.00      4.40
23      0.60      0.00      3.80      0.00      1.60      0.80     25.40     66.20      0.00      1.60     11.40     14.00
24      1.20      0.20      0.60      0.00      0.00      0.00      0.00      0.00      0.00     10.60     28.00      0.00
25      2.20      0.00      0.00      0.00      0.00      0.00      0.60      0.00      0.20      0.00      0.80      0.00
26      0.20      0.00      0.00     38.80      4.40      0.00      0.00      0.00     50.20      1.20      7.00      0.40
27      0.20      1.00      0.00      2.20     19.80      0.00      0.00      0.00     41.00    103.00      0.20      6.40
28      0.40      2.40      0.00      0.00      1.00      0.00      0.00      2.60     18.20     49.60      0.40      6.40
29      0.60      0.40      0.00      0.00      2.80      0.00      0.00      0.00      0.20      0.00      2.20      1.40
30      0.80    -99.00      0.00      0.00     18.40      0.00      2.00      0.00      1.80      4.20      0.00      7.40
31      1.80    -99.00      5.00    -99.00      8.60    -99.00      4.00      0.00    -99.00     13.00    -99.00      1.00
2013
01      0.00      3.80      0.00      0.80     17.60      0.00      3.00      0.00      0.00     11.00      0.20      0.00
02      0.00      0.00      5.80      0.00      6.80      0.00      0.40      0.20      0.00    317.40      0.00      0.00
03      0.80      0.20      4.40      1.80      3.20     16.20      4.80      2.40      0.00      0.00      0.00      0.20
04      0.20      0.20      1.00      1.00      4.20     32.80      5.80      0.00      0.00      0.00      0.40      0.00
05      0.00      0.00      0.00      0.00      0.00      0.80      5.00     47.40      0.00      0.00     37.80      0.00
06      1.40      0.00      0.00      0.00      7.80      0.20      0.00      0.00     19.40      0.20    105.40      3.00
07      1.60      0.00      0.00      0.00     22.80      0.00      0.00     68.80     22.40      0.20     49.40      0.00
08      0.60      0.40      0.00      0.00      0.20      0.00      0.00     25.20     17.80      0.00      3.60      0.00
09      2.80      4.20      0.00      0.20      0.00      0.00      0.00      5.60     33.60      0.00      2.60      0.20
10      1.40      0.20      0.00      1.20      0.60     33.00      0.00      6.80     27.40      0.00     50.20      0.00
11      0.40      0.00     20.20      2.60     17.60      0.80      0.40      0.00      7.00     22.40      0.20      0.00
12      0.40      0.00     14.40      3.80      0.00      0.20      0.00      0.00      4.60      0.00      0.40      0.60
13      0.00      0.40      0.40      0.80      0.00      0.00      3.40      0.00     15.60      0.20      0.20      2.00
14      0.60      0.00      0.00      0.20      0.00      0.00      0.00      0.00      0.20      3.40      4.00      1.20
15      0.40      0.00      0.00      0.00      0.00      0.00      0.00      0.00      0.40    227.00     25.20     10.60
16      0.00      1.60      0.00      4.00      0.00      0.00      0.00      0.00      0.40    291.80      8.40     27.60
17      8.00      0.00      0.00     57.80      0.00      0.00      0.20      0.00     21.00      0.60      5.40      3.80
18     14.60      0.00      0.00      0.20      0.00      0.00      8.40      2.20    149.60     12.20      2.00      0.00
19      1.60      0.20      1.40      0.00      0.00      0.00     22.80      0.80     88.40     40.00     15.20      0.00
20      0.00      0.80      0.00      0.00      0.00      0.00     72.80      6.80     63.20      9.40      1.80      0.00
21      0.00      0.80      0.00      0.00      5.20      0.00     40.80      1.20      9.20      2.80      3.40      0.00
22      0.20      4.80      0.00     34.00      1.80     45.20      1.60     55.80      0.00      5.20      5.40      0.00
23      0.00      1.60      0.00     11.40      6.00     71.20     27.40      0.00      0.20      1.40      5.00      0.00
24      0.00      0.40      0.00      0.20     10.00      0.00     22.00      0.00      0.00      2.20      1.40      0.00
25      0.40      0.00      0.00      7.20      0.00      1.40      1.20      0.00      0.40      0.20      6.20      0.00
26      0.40      0.00      0.00      0.60      0.00      0.20      0.00     12.40     40.40      0.00      0.00      0.00
27     13.40      0.60      0.20      2.00      0.00      0.00     20.20      0.00     59.00      0.00      1.40      0.00
28      0.40      0.00      0.00      0.00      0.00      0.00      5.00      0.20     19.20      0.00     14.20      0.00
29      0.60    -99.00      5.00      2.00     16.80      0.00      0.40      0.00      5.20      0.00      0.80      0.00
30      0.40    -99.00      1.20      5.60      0.00      0.00      0.00      0.00    200.20      1.60      0.20      0.00
31      8.40    -99.00      8.40    -99.00      0.00    -99.00      6.20      0.00    -99.00      0.60    -99.00      0.00
2014
01      0.00      0.00      0.00      0.00      0.20      0.00      0.00      0.00      9.60      0.40      8.20     50.40
02      0.00      0.00      0.00      0.80      0.00      0.00      0.20      0.00      4.80      0.00     11.60      3.60
03      0.20      0.00      1.20      0.60      0.00      0.00      0.00      0.00      0.20      0.00     11.00      0.40
04      0.00      0.00      0.00      0.00      2.20      0.00      0.00      0.60      3.40      0.60      0.20     19.40
05      0.00      0.00      0.20      0.00      1.00      0.20      3.60      7.40     18.20    179.60      0.00      1.00
06      0.00      0.00      0.80      0.00      0.40      0.00      0.00      0.00      0.00     49.60      0.00      0.20
07      0.00      0.00      0.40     13.20      0.20      0.20      0.00      2.00      0.00      0.40      0.00      3.00
08      0.40      0.00      1.60      0.00      3.40      0.00      0.00      0.00      0.00      0.40     13.40      4.60
09      0.80      0.00      0.40      0.00      5.80      0.00      0.00      5.40      0.00      0.00      0.20      0.00
10      1.60      1.00      0.20      0.00      0.00      0.00      0.00      0.00     11.00      0.00      0.00      7.60
11      3.20      3.60      0.20      0.00      0.00      3.60      0.00      0.00      0.20      0.00      0.00      2.20
12     16.60      0.20      0.00      0.00      0.60     35.00      0.00      0.00      9.60      1.00     65.80     14.20
13      3.00      2.60      0.00      1.20      0.00      2.00      2.60     14.00      0.00      2.20     12.80      7.80
14      0.40      1.60      1.20      0.00      0.00      2.80      1.60    -99.00      4.40      0.20      0.20      0.00
15      0.00      0.20      0.60      0.00      0.00      0.00      5.40    -99.00      1.40      5.80      1.20      0.00
16      0.00      0.20      0.40      7.20      0.00      0.00      0.00    -99.00     58.00      5.00     15.60     16.00
17      1.20      0.40      0.20      1.60      0.00      0.00     12.80      0.00     30.00      6.40     17.60      1.40
18      0.00      1.20      0.20    -99.00      0.00      0.00      0.00      0.00      0.00      1.00      1.60      0.20
19      0.00     14.00      0.20      0.00      0.00      0.00     20.20      0.00      0.00      4.20      0.40      0.00
20      2.60      0.00      0.80    -99.00      0.00      0.00    -99.00      0.00      0.40      0.00      0.00      0.00
21      0.20      0.00      6.60      0.60      0.00      0.00      1.40      0.20      9.00      0.00      0.00      0.00
22      0.00      0.00      1.80      0.60      0.00      6.40      0.00      0.00     18.80      8.00      0.00      0.00
23      0.20      1.20      1.80      0.00      0.00      4.40      0.00      0.00      1.00     21.20      0.00      0.00
24      0.00      0.20      1.00      0.00      0.00      0.80      0.00     14.00      0.00     38.60      0.00      2.60
25      0.00      0.00      0.00      0.00     12.60      0.00      0.00     11.20      0.40     10.60      2.40      0.00
26      0.00      3.20      0.00      0.00     22.00      0.00      0.00     19.60      0.00     24.60      0.00      1.80
27      0.00      0.00      0.00     13.40      1.40      0.00     53.60      6.00      0.00      1.60      0.00      7.80
28      0.00      0.00      0.00      0.00      0.00     22.40     39.80     29.80      0.00     27.40      0.00      6.00
29      0.00    -99.00      0.00      0.20      0.00      1.40      7.40      1.20      0.00      6.60      0.00      0.00
30      0.00    -99.00      0.00     33.20      0.00     10.40     29.40     17.40      2.20      0.20      1.00      0.00
31      0.20    -99.00      0.00    -99.00      0.00    -99.00      0.00     47.00    -99.00     41.00    -99.00      2.00
2015
01      0.20      2.80      1.20      0.00      0.00      0.00      0.00     13.20     10.00      0.00    221.60      0.20
02      0.00      4.40      0.20      0.00      0.00      0.00      0.00      0.60      0.60      0.00      7.40      0.00
03      0.00      0.40      0.00      0.00      0.00      0.00      0.00      7.60      0.00      0.40      0.00      0.00
04      0.00      1.00      0.80      0.00      0.00      0.00      0.00      3.00      0.00      0.00      0.40      3.60
05      0.00      8.20      0.40      0.00      0.00     12.40     15.40      1.20      0.00      3.80      3.00      0.80
06      0.00      1.60      0.20      0.00      0.00      0.20      3.60      8.20      0.00      0.00     70.20      7.00
07      4.60      0.20      2.00      0.00      0.00      0.00      2.20      2.40      0.00      8.40     12.40      0.60
08     23.40      2.60      0.00      0.00      0.00      0.00      0.00      0.00     40.60      0.00      0.80      0.00
09      5.00      0.00      1.40      0.20      1.80      0.00      0.80      0.00      8.40      3.60      2.00      0.00
10      3.20      0.00      2.00      1.40      0.00      0.00      2.40      0.00      2.80     40.00      1.40      0.00
11      7.60      0.00      0.80      1.40     10.40      0.00      9.40      0.00     24.20      0.20      0.00      0.00
12      9.80      0.40      0.60      3.20      2.00      0.00      0.00      3.00     15.00      0.00      0.00      0.00
13      0.00      0.00      0.00      0.00      0.00      5.40      0.00      0.00    118.80      0.00      5.40      0.00
14      0.00      0.00      0.20      0.00      0.00      0.00      0.00      0.00     61.40      0.20      0.00      0.00
15      0.00      0.20      0.00      0.00      0.00     62.20      0.00      0.00    220.40      0.00      0.00     11.00
16      0.00      3.00      0.00      0.00      0.00      1.40     13.60      0.00    145.20      0.00      0.00     21.00
17      0.00      9.60      0.00      0.00      0.00      2.80     10.60      0.00     69.60      0.00      0.00      3.80
18      5.00      5.60      0.00      0.00      0.00      0.00      0.40      0.00      0.00      0.00      0.00      0.00
19      0.00      3.20      0.00      0.00      0.00     10.80     30.60      0.00      0.00      0.00      0.60      0.00
20      0.00      1.80      0.00      0.00      0.00      0.00      9.00      2.80      0.40      0.00      0.00      0.00
21      0.00      0.00      0.00      4.20      0.00      3.80      1.60      0.00      3.80      0.00     30.60      0.00
22      0.00      0.40      0.00      0.40      0.00     25.80      1.00      0.00      0.20      0.00      2.40      0.00
23      0.00      0.00      0.00      0.40      1.60     21.20      0.00     27.80      0.00      0.00      6.80      0.00
24      0.00      0.00     16.40     56.80      0.00     21.60      0.00      0.00      0.00     13.80      6.20      0.00
25      0.00      0.00     16.60     61.20      0.00      0.00      1.80      4.00      0.00      0.60     34.40      8.40
26      0.00      0.00      2.80      0.80      0.00      0.00      4.40      1.60      0.00      0.00     19.00      0.80
27      0.00      0.00      0.60      0.20      0.00      0.00      9.20      0.00      0.00      0.00      0.60      1.00
28      0.00      0.00      0.60      0.00      0.00      0.00      9.20      0.00     20.60      0.00      0.00      2.00
29      0.00    -99.00      0.80      4.20      0.00      0.00      5.20      0.00      0.00      0.00     12.40      4.40
30      0.00    -99.00      0.00      1.00      0.00      0.00      1.40      1.40      0.20      0.00      2.40      2.00
31      1.00    -99.00      0.00    -99.00      0.00    -99.00      7.00     23.60    -99.00      0.20    -99.00      0.80
2016
01      0.60      1.80      0.00      0.00      0.00      0.00      0.00      0.00      3.00     29.80    417.20      0.20
02      0.40      4.80      0.00      0.20      0.00      0.00      0.00      0.00      0.00      1.80     51.20      0.00
03      0.00      0.60      0.00      0.00      5.40      0.00      0.00      0.00      1.20     11.40     22.20      3.80
04      0.00      0.40      0.00      0.00      0.00      0.00     13.80      0.00      0.00      5.00      0.00      3.40
05      0.00      0.60      0.20      0.00      0.00      0.00      0.80     13.40     52.40      0.40      0.00      0.60
06      0.40      6.00      0.40      0.00      0.00      0.00      1.80      0.00     21.40     47.20      9.40      0.80
07      0.00      0.00      0.20      0.00      0.00      0.00      0.00      0.00      0.20      3.80     98.60      0.00
08      0.00      0.00      0.00      0.00      0.00      0.20      0.00      0.00      0.00      0.00     94.80      0.00
09      0.20      0.00      0.00      0.00      0.00      0.00      0.00      0.00      0.00      0.00      7.20      0.00
10      0.00      0.00      0.60      0.00      0.00      0.00      0.00     21.00      0.20      6.60      0.00      0.00
11      1.80      0.00      0.20      0.00      0.80      0.00      0.00     22.40      7.60      0.00      0.00      0.00
12      1.20      0.20      0.00      0.00      0.00      0.00      0.00      0.20     22.20      5.40      0.00      0.20
13      0.80      0.00      0.00      0.00     33.40      0.00      0.00      8.40    266.40     87.20      0.00      4.00
14      0.60      0.00      0.00      0.00      0.00      0.00      2.40     21.60     20.60    552.20      0.00     35.20
15      0.40      1.40      0.00      0.00      0.00      0.00      0.00     11.40      3.00     86.40      0.20     11.00
16      1.00      0.80      0.00      0.00      6.00      0.00      0.00      1.00      3.40     44.20      0.20     16.80
17      0.40      0.80      0.00      0.00      0.00      0.00      0.00      0.60      0.00      1.00      0.60      0.20
18      0.60      0.20      0.00     39.40     17.60      0.00      0.00      3.40      0.00      0.00      0.00      0.20
19      9.20      0.60      0.00      0.20      0.00      0.00      0.00     12.20      3.80      1.00      0.00      1.40
20      0.00      0.40      0.20      0.40      0.00     36.60      0.00      0.00     97.60      2.20      0.40      6.80
21      0.80      0.00      0.00      0.00      0.80     23.40      0.00      1.60    165.40      0.20      0.00     15.40
22      4.40      0.20      0.00      7.60     10.80      0.00      0.00      2.40     92.80      0.00      0.00      1.00
23      6.40      1.60      0.00     23.60      4.40     11.40      0.00      3.80     45.60      6.00     44.20      1.60
24     35.40     13.00      1.40      0.00      0.00      0.20      2.40      0.20      5.20     17.60     12.40      0.00
25      7.00      5.00     10.20      1.40      0.00      9.60      0.00      0.00      5.80      0.40      3.40      0.80
26      0.00      0.40      0.00      0.00      0.00      0.20      0.00      1.00      0.00     11.80      5.80      1.20
27      1.60      0.00      0.00      0.00      0.00      8.00      4.80      0.00      0.00      0.20      0.00     10.60
28      0.20      0.00      2.80      0.00      0.00      5.60      5.80      4.40      0.00      0.20      0.00      0.40
29      0.80      0.00      1.00     51.60      0.00     38.60      0.20     64.00     16.00     15.00      0.20      0.20
30      1.20    -99.00      0.00      0.00      0.00      0.00     24.80      0.00      1.20    235.60      1.40      0.00
31      1.20    -99.00      0.20    -99.00      0.00    -99.00      0.00      0.20    -99.00    254.20    -99.00      2.20
2017
01      0.40      0.60      0.60      3.00      0.00      0.00      0.00      0.00      0.00     34.80      0.00     38.60
02      1.20      8.60      0.00      0.00      0.00      0.00      0.00      0.00      0.00     69.00      0.00     10.80
03      2.60      0.80      0.00      1.20      0.00      0.00      0.00      0.00      0.00    115.40      0.00      2.00
04      1.00      1.60      0.00      0.20      0.00      0.00      0.60     15.80      0.00     48.80      8.60      4.60
05      4.40      0.00      0.00      0.00      0.00      0.00      0.00     15.20      0.00     28.60     15.60      2.20
06      0.00      0.00      0.00      0.00      3.60      8.40      0.00      0.00      0.00     23.80      0.00      0.00
07      0.00      0.00      0.00      0.00      0.80     85.80      3.80      0.00      0.00      3.00      4.00      0.00
08      0.00      0.00     22.40      0.00      0.00     48.40      0.20      0.00      0.00      8.00      5.20      5.60
09      4.40     12.60      0.20      0.00     89.80     10.60      0.00      0.00      0.00    241.60      8.80      1.80
10      6.40      2.00      0.60      0.00      1.40      0.00      0.00      0.00      0.00     77.00     51.80      0.60
11      1.00      4.80      0.20      0.00      0.00      0.00      8.40      0.00     11.40      5.40      5.40      0.60
12      5.00      0.00      0.40      8.20     77.60      0.00     80.20      0.00      1.00     24.80      0.00      0.20
13      1.80      0.00      0.00      1.40      1.40      0.00      1.40      0.00      0.00     18.00      0.00      0.20
14      0.60      1.60      0.20      0.00     11.60      0.00      3.60      0.00     75.20      4.80     27.20      0.00
15      3.00      4.60      0.00      0.00     16.40      0.00      5.60      0.20    342.60      0.20     21.00      4.60
16      3.00      0.00      3.60      0.00     10.20      0.00    236.60      0.00      7.00      1.00      1.40     11.20
17      1.80      0.00      4.20      0.00      1.00      0.40     44.60      0.00     15.00      0.60      0.00      1.40
18      0.80      0.00     38.40      0.00      7.60      0.00      0.20      0.00      0.20      0.20      7.40      0.00
19      2.20      0.00      8.40      0.60     12.80      0.00      0.00      0.00      0.00      8.40     14.80      0.00
20      4.80      0.00      0.00      0.00      0.00     10.40     12.00      0.00     20.20      0.00     14.80      0.00
21     11.20      0.00     15.80      0.00      3.20      7.60     79.20      0.00      4.40      3.00      8.00      0.00
22      5.20      0.00      0.00      2.80      0.00      0.00      0.20      0.00     98.00      1.20      3.80      0.00
23      2.80      2.40      0.00      0.00      0.00      6.00     10.00      0.00     10.40      2.00      3.80      0.40
24      1.00      1.40      0.60     30.60      0.20      0.20      0.00      0.00      0.00      0.20      0.00      1.20
25      4.60      6.60     87.80      0.00     28.20      0.00    111.20      0.00      2.60      0.00      0.20      0.00
26      2.20      4.60     10.20      0.00      0.00      0.00     70.00      0.00     15.60      0.40      0.00      2.00
27     10.60      0.00      0.40      0.40      0.00      0.00     17.80      0.00      5.40      0.20      0.00      2.60
28      0.40      0.20      0.00      0.00      0.00     19.80     16.60      0.00      0.00      0.00      0.00      0.40
29      0.00    -99.00      0.40      0.00      0.00      0.00      2.40      0.00      0.00      0.00      1.60      1.00
30      3.20    -99.00      0.00      0.00      0.20      0.00      0.00      0.00     29.00     23.20      1.80     10.40
31      0.00    -99.00      0.80    -99.00      0.00    -99.00      0.00      0.00    -99.00      3.80    -99.00      4.20
2018
01      0.80      0.00      0.00      0.00      0.20      0.00      0.00      0.00      0.00      0.00      0.00      1.40
02      0.80      1.60      6.40      0.00     28.00      0.00      0.00      0.00      0.00      0.00      0.00      0.20
03      4.20      1.00      0.00      0.00      0.20      0.00      0.00      0.00      0.00      0.00      0.00      0.00
04      4.20      1.00      0.00      0.00      0.00      0.00      0.00      0.00      0.00      0.00      0.00      0.00
05      2.80      1.20      0.00      0.00     34.60      1.00      0.00      0.00      0.00      0.00      0.00      0.00
06      0.60      0.00      0.00     33.60      0.00      3.00      0.00      0.00      0.40      0.00     11.40      0.00
07      0.40      0.00      0.20     18.40      0.00      0.20      0.00      0.00      0.00      0.00      1.80     42.60
08      1.20      0.00      7.00      0.00      0.00      0.00     11.40      0.00      4.60      0.00     20.00     20.60
09      1.80      0.00      2.00      0.00      0.00      0.00     17.80     15.60     32.40      0.00     12.20     23.00
10      6.20      0.00      0.00      0.00     40.40      7.40     24.80      0.20      3.80      0.00      6.80      3.40
11      0.20      2.00      0.00      0.00      0.00      0.00     37.80      0.40      0.20      0.00      0.40     18.40
12      0.00      1.80      0.20      0.00      0.00      1.20      2.80      2.60      9.80      0.00      0.00      6.20
13      0.00      0.20      0.00      0.00     13.40      0.20      0.60      0.60      1.80      0.00      0.20      0.40
14      0.00      0.00     32.20      0.00     13.20      2.80     16.40      0.00      7.80      0.00      0.40      0.00
15      0.00      0.00      0.00     10.00      0.00      0.00      7.80      0.60     11.20      0.00      0.00      0.00
16      0.20      0.60      0.80      1.00      0.00      0.00    102.40      1.60      0.00      0.00      0.00      8.60
17      0.00      0.20      0.00      0.00      0.00      0.00     89.20      0.00      0.00      0.00      0.00      1.40
18      0.00      0.00      0.00      0.00     53.80      0.00     43.20      0.00     37.60      0.00      0.00      0.00
19      0.00      0.00      0.20      0.00      1.80      0.00      6.60      0.00      0.40      0.00      0.00      0.00
20      0.00      0.60     17.40      0.00      0.00      0.00     26.60      0.40     10.00      0.00      0.00      0.00
21      0.00      3.00      0.00      0.00      0.00      0.00     20.20      5.00      0.00      0.00      0.00      0.00
22      2.00     23.00      0.00      0.20      0.00      0.00     60.40      0.00      0.00      0.00     17.40      0.00
23      0.20      0.60      0.00      0.00      0.00      0.00      0.00      0.00      0.20      0.00      2.00      6.00
24      0.00      0.00      0.20      0.00      0.00      0.00      0.00      0.00      0.00      0.00      0.00      1.20
25      0.00      1.20      0.00      0.00     15.80      2.60      2.20      0.00      0.00      0.00      9.60      0.00
26      0.00      3.40      2.40      0.00      0.00      0.00      4.40      9.00     10.40      0.00      6.00      0.00
27      0.20      0.60      0.40      0.00      0.00      0.60      3.00      3.40     12.40     92.00      2.00      7.40
28      4.20      0.00      0.00      1.40     48.20      0.00     13.00      0.60     43.20     13.60      4.00      4.60
29      8.20    -99.00      0.20     85.20      2.60      0.80      1.20      6.40     89.20      0.40      0.00     44.00
30      1.40    -99.00      0.00     16.20      1.00      0.00      1.80      1.20      0.00      0.00      0.20      3.20
31      2.20    -99.00      0.00    -99.00      0.00    -99.00      5.00      0.00    -99.00      0.20    -99.00      0.80
