HoiAn               
   108.33500       15.877000               5
2011
01      0.20      4.40      0.00      0.60      0.00      2.00      0.00      1.00      0.40     27.40     87.00      6.20
02      0.00      1.40      0.00      0.20      0.00      3.00      3.20      0.00      0.00      9.20      2.00      5.60
03      0.00      2.00      0.00      0.00      0.00      1.80      4.20      7.00     19.60      0.60      0.80      0.80
04      3.80      0.40      5.20      0.00      0.00     11.40      0.00      0.00      3.20      1.60     15.20      0.00
05      3.00      0.00      2.00      0.00      2.60      7.00      0.00      0.00      4.80     29.80    134.40      1.60
06      2.00      0.00      0.00      0.00      0.00      1.00      0.20      0.00     21.80      9.80    105.80      4.00
07     25.00      0.00      3.40      0.00      9.80     24.60     12.40      0.00      0.00      2.80     75.20     24.00
08      8.80      0.00      1.80      0.80      2.80      0.20     20.20      0.00      3.20     10.60      6.80     28.80
09      2.20      0.00      0.00      0.00      0.00      3.80      0.20      0.00     21.20     55.80      0.00     23.20
10      3.20      0.00      1.20      0.00      0.00     42.20      1.20      0.00     19.80     57.20      0.20     12.40
11      0.00      3.40      0.40      0.00      0.00     34.20      9.40      0.00      3.00     12.80      0.00      1.00
12      0.00      7.20      0.00      0.00     32.60      1.60      2.60     11.00      1.60     18.80      0.00      0.00
13      0.00      3.60      0.00      0.00     11.20      0.80      0.00      0.00     17.60     43.40      0.00      0.00
14      0.00      5.60      0.00      0.00     39.40      6.80      3.40      1.20      0.00     29.00      0.20      9.40
15      2.80      1.40      0.00      0.00     53.40     11.20      1.60     10.80      0.80     46.60     35.60     33.40
16      0.20      0.00      5.20      1.20     35.60      0.00      0.00      0.20      0.00      0.20     29.20     63.60
17      1.00      0.00      1.20      2.80      0.20     19.80      0.00      0.00      0.20     49.60      0.20     23.00
18      1.20      0.00      0.40     55.60      9.20      0.00      2.00      0.00      5.40    102.60      0.00     16.80
19      0.40      0.00      0.00      0.00      0.00      0.00      0.00     13.60     47.60    304.80      0.00      1.40
20      0.00      0.00      0.00     12.20      0.00      0.00      0.00      0.60     51.00     28.20     10.20      3.00
21      0.60      0.00      0.00      0.00      0.00      0.00      0.00      0.40     40.00      1.80     38.00      3.60
22      2.60      0.00      0.20      1.20      0.00      0.00      0.20      0.00     15.00      0.00     35.60     28.20
23      4.00      0.00     57.60      1.00      2.40      0.00     22.60      0.00     25.60      0.00     91.80     16.20
24      4.20      0.00     18.00      0.00     11.00      0.40      0.40      0.00    102.00      3.00     24.00      7.20
25      1.40      0.00     20.80      0.00     10.40      0.00     35.60      0.00      8.20     10.60    181.40      0.00
26      6.20      0.00      2.80      0.00     21.60      0.00      0.20      3.00      0.80     40.40    105.80      0.00
27     10.00      0.00      3.60      0.00      1.40      0.00      0.00      0.40      3.00     65.40     12.00      7.80
28      2.80      0.00      4.00      0.00      0.00      0.00      0.00     21.40      0.00     76.20      0.40      6.40
29      0.80    -99.00      2.40      0.00      0.00      0.00      0.00      0.00      0.00      5.40      0.80      0.20
30      2.60    -99.00      0.20      0.00     17.20      0.00      0.20      0.00      0.00     27.60      0.00     16.60
31     15.80    -99.00      0.00    -99.00     61.80    -99.00      1.20      1.20    -99.00     55.60    -99.00     25.00
2012
01     16.20      5.00      0.00     60.80      3.60      1.60    -99.00    -99.00      0.00      0.00      9.80      0.00
02     16.40      6.60      0.00     10.60      0.00      0.00    -99.00    -99.00      0.40      5.40      7.20      0.00
03      0.00      8.60      0.00      9.20     12.80     11.20    -99.00      0.00      6.20      1.00      3.00      0.00
04      4.20      3.20      0.00      0.20      2.00      1.40    -99.00      0.00      0.60      7.40      8.40      0.00
05      5.20      0.00      0.00      0.00      0.00      0.00    -99.00      0.00     14.80      2.60      0.00      2.20
06      0.60      0.00      0.00      5.80     16.00     43.40    -99.00      0.00     31.40    153.00      8.40      0.00
07      4.60      0.00      0.00      1.40      0.20     10.40    -99.00      0.40     13.00     24.40     27.80      0.00
08      2.80      2.80      6.40      0.00      1.20      0.40    -99.00      0.00      2.40     46.80      1.20      0.00
09      0.60      1.60      0.20      0.00      2.20      0.00    -99.00      0.00      0.20      7.20      0.00      0.00
10      0.80      0.00      2.20      0.00      0.00      0.00    -99.00      0.00     12.60      1.40      0.00      0.00
11      4.20      0.20      1.40     31.20     11.40      0.00    -99.00      0.00     18.80      0.20     26.20      0.00
12     18.80      0.00      1.40      0.00      0.00      0.00    -99.00      0.00     16.00      1.20     45.20     20.80
13      5.20      0.00      0.00      0.00      0.00      0.00    -99.00      0.00     62.20      0.00     19.00     23.40
14      6.40      0.00      0.00      0.00      5.00      0.00    -99.00      0.00     28.00      0.00      1.40     13.00
15      0.40      0.00      0.00      0.00     15.00      0.00    -99.00      0.00     10.80      0.00     10.20      1.40
16      3.60     28.20      0.00      1.40     34.00      0.00    -99.00      6.60      5.20      0.20     22.00      0.00
17      4.00     53.20      0.00     39.60      9.40     10.00    -99.00      0.00      0.20      0.20     25.00      0.00
18      0.80      5.80      0.00     37.60      0.00      0.00    -99.00      0.00      0.00      2.80      3.60      7.00
19      0.00      6.40      0.00      0.60      0.00      0.00    -99.00      6.00      0.00      6.80      0.20     19.80
20      0.00      0.20     19.80      0.00      0.00      0.00    -99.00      3.00      0.00      0.00      0.40      8.20
21      0.00      1.00      0.20     35.80      0.00      0.00    -99.00      2.00     19.60      1.80      0.00      0.00
22      0.00      1.40      0.00      0.20      0.00      0.00    -99.00     45.40      1.20      2.40      0.00      6.20
23     18.00      0.00      0.00      5.60      0.00      0.00    -99.00     21.00      1.60     41.80      0.00     34.20
24      3.80      0.00      0.00      0.20      0.00      0.00    -99.00     36.80      0.20      4.40      1.80      3.20
25      1.20      0.00      0.00     26.60     48.20      0.00    -99.00      1.00      0.00      0.60      0.00      5.00
26      0.40      0.00      0.00      0.20      0.60      0.00    -99.00      0.00     21.40     11.80      0.00     31.60
27      0.00      0.60      0.60      0.00      0.80      0.00    -99.00      4.00     38.80     10.40      0.40     29.20
28      0.00      0.00      0.00      0.00      0.00      0.00    -99.00      0.00      2.60     28.00      0.20      3.80
29      2.20      0.00      0.00      0.00      6.60      5.20    -99.00      0.00     14.00      6.20      0.00     13.80
30      3.80    -99.00      0.00      0.60      0.80    -99.00    -99.00      2.80      0.20      0.20      0.00     17.80
31      7.40    -99.00     99.00    -99.00     54.20    -99.00    -99.00      3.00    -99.00     12.00    -99.00      0.00
2013
01      0.00      0.00      0.00      0.00      7.60     13.80      7.40     19.20      1.00     39.60      0.00      2.20
02      0.00      0.00      0.00      0.00     18.40      0.60     31.00      0.20      0.20    104.40      0.00      0.00
03      0.00      0.00     39.60      0.00     13.00      0.00     21.20      0.00      0.00    153.00      0.20      0.00
04      6.60      0.00     69.60      0.00      3.40     26.40      0.20      0.00      9.00     96.00      0.00      9.80
05      2.00      0.00      0.60      0.00     54.80      0.00      0.00      0.80      8.80      4.00     90.80      0.20
06     17.20      0.00      1.60      8.00      6.40      0.00     14.80      0.20     69.20      0.00    196.80      0.20
07    -99.00      0.00      1.80      1.60     17.20      0.00     18.00      0.00      3.80      0.00    192.80      0.20
08     14.20      0.00      0.00      2.40     11.80      0.00      0.00      0.00      0.00      0.00     25.80      0.00
09      0.60      0.00      0.00     12.20     27.00      0.00      1.60     36.40     12.00      1.00     23.80      0.00
10      4.20      7.00      0.00      0.00      0.20      9.60      1.60      5.80      9.40      0.00     27.40      0.00
11      0.20      0.00      0.00     33.80     46.40      7.20      9.80      4.60      6.40      8.60      0.20      0.00
12      0.00      0.00      0.00      9.00     17.80     53.00      1.00      2.20      2.80      0.00      0.00      2.20
13      0.00      1.40      1.80     16.40      0.40     14.60      5.60      3.80     57.20      0.20      7.20      0.20
14      0.20      2.20      0.00      0.00      1.40     20.80      0.40      0.00     87.40     20.80     13.00      0.00
15      0.80      0.20     49.40      0.00      3.40      1.60     19.60      0.00    128.60      9.60    473.60      0.40
16      0.60      2.20      0.00     21.80     15.00     11.60     55.80      0.00     23.60      0.00     78.60      1.00
17      4.40      0.00      0.00     52.60      1.40     11.60      0.40      0.00     47.40     34.60    175.80      6.20
18      2.20      0.00      0.00     11.00      0.00      4.00      5.60      0.00     19.20     14.60      9.60      0.80
19      1.80      0.00     15.40     11.20      0.00      0.00      3.20      0.00      0.00     22.60     28.00      0.00
20      0.00      0.00     10.40      7.40      0.00     20.80      5.00      0.20      0.20     40.80      2.80      0.00
21      0.00      2.40      2.20      0.00      0.00      1.20     45.60      0.20     13.00     23.60     21.20      0.00
22      0.00      2.60      0.00      0.00      0.00      1.60     33.00      0.20     10.60     31.60     27.40      0.00
23      0.00     10.60      0.00      3.20      0.00      1.20      5.00      0.00     17.40      1.40     33.00      0.20
24      1.80     27.00      0.00      0.00     16.40      0.00      0.20      0.00      1.20      1.00      0.20      0.20
25      0.40      0.80     27.80      0.00      0.00      0.00      0.00      0.80     44.00      0.20      7.20      0.00
26      0.00      0.00      2.60     11.40      0.00      0.00      0.00     14.20     11.00      0.60     10.00      0.00
27     10.40      0.00      3.20     43.60      0.00      0.00      1.20      0.00      8.20      0.40     12.60      0.40
28      3.40      0.00      5.40      0.00      3.20      2.20      0.20      0.00      2.40      0.00     24.00      0.00
29      0.00    -99.00     17.60     29.80      3.20      2.40      0.40      0.00      0.00      2.80     39.60      0.00
30      3.20    -99.00      0.00      2.00      6.80      5.00     29.60      0.00      0.00      2.20      2.60      0.00
31      0.00    -99.00     60.00    -99.00     10.40    -99.00     17.20      0.00    -99.00      0.00    -99.00      0.00
2014
01      0.20      0.00      0.00      0.00      1.40      1.40      0.00      0.20      1.00      0.00     15.80    115.80
02      0.00      0.00      0.00      0.00      2.20     13.40      3.80      0.00      2.20      0.20      0.00      2.60
03      0.00      0.00      0.00      0.80     69.80      0.00     48.80      1.40      0.20      0.00      0.00      1.20
04      0.00      0.20      0.00     40.40     35.40      0.00      7.60      0.00      0.00      5.20      1.60      0.20
05      0.00      0.00      0.00     34.20      4.00      0.00      2.40      0.20      0.00     26.20     29.20     10.60
06      0.00      0.00      0.00      0.60      0.00      0.00     47.60      0.00      0.00     13.60      9.60     32.40
07      0.00      0.00      0.00     53.00     17.00      0.00      0.20      0.60      1.80     74.40      0.40     14.60
08      0.00      0.00      0.00     14.80     49.20      0.00     30.60      0.00      7.00     20.20      0.00     20.20
09      1.20      0.00      0.00      2.20      0.00      0.00      4.80      0.00     83.00      0.00     11.40     34.60
10      7.60      0.00      0.60      0.00      1.20      0.00      0.00      0.00      0.00      0.00      0.00      1.20
11     17.80      1.20      0.00      0.00      0.00      0.40      0.00      0.00      1.60      0.00      0.00     10.20
12     10.60      0.00      0.00      0.00      9.00      6.60     36.80      0.00      0.20     32.00      2.80     16.80
13      7.40      0.00      0.00      0.00      0.00      0.80     33.40     55.00      0.80     40.80     79.00     19.80
14      3.80      0.20      0.00      0.00      0.00      0.00      0.20    -99.00      5.60      1.60    138.40     11.80
15      0.00      0.00      3.00      0.00      0.00      0.00      0.20    -99.00      0.00      0.00    107.00      0.80
16      2.40      0.00      0.00      0.00      0.00      0.00     27.00    -99.00      1.60      5.80     36.00     14.80
17      6.20      0.00      0.00      0.00     19.40      0.00      0.00      0.00      0.00      6.80      3.80      5.80
18      6.60      0.00      0.00      0.00      0.20      0.00      6.00      2.80      0.00    124.60      2.20      1.20
19      2.00      5.20      0.00      0.00      0.60      0.00      0.00      5.20      9.40     38.20      4.20      0.40
20      4.00      0.00      0.00      0.00      0.20      0.00    -99.00      0.80     27.60     24.20     11.20      0.20
21      0.00      0.00      6.80      0.00      0.00      0.00     11.60     19.40      0.00      9.80      5.60     17.00
22      0.00      0.00     26.40      0.00      0.00      0.00      2.00      0.80      0.00     38.20      0.20      7.20
23      0.00      1.00      5.60      0.00      2.00      0.00      0.00      0.00     19.60     29.60      0.20      0.60
24      0.00      0.00      0.00      0.00      2.00      0.00      0.00      0.00     29.60     24.60      2.60     11.00
25      0.00      0.00      0.20      0.00      0.00      0.00      0.00      0.20      2.40     34.60      6.00     17.40
26      0.00      0.00      0.00      0.00      0.00      0.40      1.20     48.80      2.40    128.60      0.00     17.60
27      0.20      0.00      0.00      0.00     13.40      0.00      4.80     17.00      0.20      0.20      0.00     35.00
28      0.00      0.00      2.20     32.80      0.00      8.20     51.80     28.80      0.00      6.00      0.20     19.40
29      0.00    -99.00      0.00     25.60      7.40      8.00     33.00     22.60      0.00      4.00      4.20      3.80
30      0.20    -99.00      2.40     19.80      0.60      0.00     20.60      0.00      0.00      4.40     56.80      0.00
31      0.00    -99.00      0.00    -99.00      0.00    -99.00     14.60     27.00    -99.00     16.00    -99.00      0.00
2015
01      2.60     23.00      0.00      0.00      0.00      5.20      0.00      1.20      0.00      0.00     36.40      6.00
02      1.60     22.60      0.00      4.00      0.00      0.00      0.00     14.20      0.00     28.20    218.00      0.00
03      2.20     10.60      0.00      0.00     17.80      0.00      0.00      0.40      0.00      8.40     38.40      0.00
04      1.60      2.40      0.00      0.00      5.60      0.40     10.40      0.00      7.00      6.60     53.60      1.60
05      0.00      3.60      0.00      0.00      0.00      0.00      0.00     12.00      8.40      0.00    102.80      0.00
06      0.00      4.40      0.00      0.00      0.00     16.00      0.00     30.20     13.40     39.60     15.60      8.00
07      8.20      2.00      0.00      0.00      3.60      4.40      7.60      0.20     39.00      0.00      0.00      6.60
08     51.80      2.20      0.00      0.00      0.40      6.20      1.40      0.60      0.00     34.20      4.40      3.80
09     32.00     10.60      0.00      0.00     17.80      0.00     19.40      0.00      2.60      1.20      1.80      1.60
10     38.60      3.00      0.00      0.00      4.80      0.00     27.20      3.00      7.00     13.00      7.00      0.40
11      5.60      0.00      0.00      0.00      0.00      0.00      8.20      5.60     26.40      0.00     14.20      0.00
12      0.00      0.00      0.00      9.80      0.00      0.00      0.00      0.20     17.00      0.00     14.60      0.00
13      0.00      0.00      0.00      0.00      0.00      0.00      0.00      0.00     10.20      0.00      0.00      0.00
14      0.00      0.00      0.00      0.00      0.00     16.60      0.00     16.80     99.20      3.00      0.20      0.00
15      0.00      0.00      0.00      0.00      0.00     34.60      0.00      0.20     21.40     12.00      0.00      9.40
16      0.00      0.00      0.00      0.00     16.60     29.60      0.40      8.80      5.40      0.00      0.00     38.80
17     10.00      0.00      0.00      0.00      0.00      0.40      0.40     17.00      0.00      0.00      0.00      5.60
18      9.80      0.00      0.00      0.00      0.00     22.60      0.40      2.40     40.20      0.00      0.60      1.40
19      5.40      1.00      0.00      0.00      0.20      0.20      0.20      0.00      0.80      0.00     10.80      6.40
20      0.00      0.00      0.00      0.00      0.00      7.20      0.40      0.00      0.00      0.00      9.60     12.80
21      0.00     17.40      0.00      1.40      0.00     19.20      0.00     21.40      0.00      0.00      4.20     21.40
22      0.00     17.80      0.00     80.60      5.20      0.80      0.00      0.00      0.60      0.40      5.20      7.00
23      0.00      0.20      0.00      0.00      0.00      1.60      0.00      0.00      1.00      0.00     17.40      0.00
24      0.00      0.40     16.00      0.00      0.00      3.40      0.00     45.60      0.00      0.00     54.20      0.00
25      0.00      0.00    346.40      3.80      0.00      0.00      0.00     12.40      0.00      0.00     34.60     11.20
26      0.00      0.00     74.20      3.60      0.00      0.00      0.00      0.00     52.80      9.00     53.00      0.20
27      0.00      0.00     30.40      0.00      0.00      0.00      0.00      2.80      0.20      0.20     58.80      0.00
28      0.00      0.00      0.80      0.00      0.00      0.00      0.00      0.00      0.00      0.20     77.20      0.00
29      0.00    -99.00      0.00      0.00      0.00      0.00      0.40      2.00     36.80      0.00     12.20     13.20
30      0.00    -99.00      0.80      0.40      0.00      0.00      0.00      4.40      0.00      3.40     22.80     19.20
31      7.80    -99.00      0.00    -99.00     15.00    -99.00      0.20      0.00    -99.00     25.20    -99.00     21.40
2016
01     13.20      0.40      0.00      0.00     32.00      0.00      0.00      0.00      0.00      0.00    203.40     69.60
02      0.40      0.00      4.00      0.00      0.00      0.00      0.00     19.20      0.00     12.80    117.80    128.60
03      1.20      0.80      1.20      0.00      0.00     24.60      0.00      0.20      0.00      2.20     57.40     49.60
04      0.00      3.00      0.00      0.00      0.00      0.20     14.80      0.00      0.00      3.80      5.60    200.60
05      0.00      0.60      0.00      0.40      4.40     24.80      0.60      0.00      0.00     13.80      4.00    126.20
06      0.00      0.00      0.00      0.20      0.00      0.20      0.00     38.60      0.00      7.00      1.80     84.00
07      0.00      0.00      0.00      0.00      0.20      0.00      0.00      0.20      0.00     35.20     14.20    116.00
08      0.00      0.00      0.00      0.00      0.00      0.00     12.60      0.00     15.80     14.40      3.80     80.60
09      4.60      0.00      0.00      0.00      0.00      0.00      0.00      0.00      0.00      0.00     28.20      0.00
10      0.00      0.00      0.80      0.00     30.00      0.00      0.00      0.00     29.60      0.00      1.80      0.00
11      0.00      0.00      2.00      0.00      0.00      0.00      0.00      0.00     15.40     31.40     22.40     30.80
12      0.00      0.00      0.00      0.00      0.00      0.00      0.00      0.00    106.00      1.20     13.00    137.80
13      0.00      0.00      0.00      0.00     14.60      0.00      0.00      0.00     14.60      2.00      9.00     68.40
14      5.80      0.00      0.00      0.00      0.00      0.00      0.00      3.60      0.80      9.80      0.00     64.60
15      0.20      0.00      0.00      0.00      0.00     36.60      0.00      0.00      0.60     65.80      0.00    416.00
16      0.00      1.20      0.00      0.00      0.00     10.80      0.00      0.00      4.60     24.80      0.00    241.40
17      0.00      0.00      0.00      0.00      0.40     52.40      0.00      0.00      0.20      0.20     21.00     19.00
18      1.00      0.00      0.00      0.00     20.80      6.60      0.00      0.00     35.00      0.00      2.80     13.60
19      0.00      0.00      0.00      0.00     17.80      0.00      0.00      0.20      8.60      5.00     23.40     53.00
20      0.00      3.40      0.00      0.00      0.20      1.60      0.00      0.20      7.80     35.80      8.00     11.20
21      0.00      0.00      0.00      0.00     13.00     18.20      0.00     26.60     13.40     14.80      5.60      2.00
22      0.00      0.00      0.00      0.00     47.60      6.60      0.00      7.80     27.00      0.00      0.40      3.60
23      0.60      0.00      0.00     47.20      5.00     73.00      0.00     29.20      5.80      0.00      0.00     12.20
24      0.00      1.60      3.60      0.00      5.00      9.20     21.40      8.20      4.00      0.00      0.00     10.00
25      0.00      3.00      1.00     24.80      3.40      6.60     14.60     30.40     17.60      5.20      1.00      0.40
26      0.00     12.60      1.60      0.00      0.00     18.60     13.80     84.40      0.20     14.00      1.20      0.00
27      2.40      0.00      2.60     11.60      0.00     39.80     62.40     33.00      0.00      2.40      0.00      6.20
28      0.80      0.00      0.00     59.00      0.00      0.00      6.60      9.20      0.00      3.80      1.00      0.00
29      0.00      0.00      0.00      0.00      0.00      0.00     14.80      0.00     25.20     22.40     23.40      1.80
30      0.00    -99.00      0.00      0.00      0.00      0.00     29.20      0.00      9.60     30.80    144.20      7.60
31      0.00    -99.00      0.00    -99.00      0.00    -99.00      0.20      0.20    -99.00     18.00    -99.00     53.60
2017
01     42.40     58.40      1.60      0.00      9.40      0.00      0.00      0.00      8.40     35.00     71.80     26.40
02     30.60     49.00      0.40      1.80      0.20      0.00      0.00      0.00      0.80     41.00      2.00    157.20
03      3.40     50.60      0.00      4.80      0.00      0.00      7.00      0.00      0.00     15.80     51.00    135.20
04      0.40      3.00      0.00      0.20      0.00      0.00      0.00      0.00      1.00     19.80    246.20    115.40
05      0.00      0.00      0.00      1.60      3.80      0.00      0.00      0.00     32.40      9.00    388.60     17.40
06      2.00      0.00      0.00     13.40      0.00     20.20      0.00     54.40      1.80     19.00    298.60      1.40
07      6.20      0.00      0.00      0.00     22.20      2.60      0.00     13.00      8.80      0.20      5.80      6.00
08      1.20      0.00      0.00      0.00      4.60     14.40      1.20      0.20     25.20     39.00     53.40      4.60
09     12.00      1.40      0.00      0.00     22.80      0.20     15.00      0.00      0.00      3.00     41.00      0.00
10      7.40     10.40      0.00      0.00      3.20      0.00      2.60      0.00      0.00      9.60     20.80      0.00
11      2.20     19.40      0.00     22.00      2.20      0.20     24.40      0.20      0.00      0.00     12.40      0.00
12      0.00      5.60      0.00      4.20      4.20      0.00     13.00      4.40      0.00      5.60      0.80      0.40
13      2.00      1.60      0.00      3.40      0.00      0.00     21.00      0.00      2.80     13.60      0.00      0.20
14     14.20     18.20      0.00      0.00      0.00      0.00      0.60      0.00      8.00      0.40      0.00      0.00
15     16.40      2.60      0.00      0.00     24.20      0.00      0.80      3.20      1.20      0.00     17.20      8.60
16     31.40      0.80      0.00      0.00     20.80      0.00      2.00      0.20      0.00      0.00      2.40     14.40
17     13.60      0.00      0.00      0.00     14.60      0.00      0.40      6.00      2.20      0.00      0.00      5.60
18      0.00      0.00      7.40     12.60     21.60      0.00      9.60     12.80      1.20      5.00      0.20      0.40
19      0.00      0.00      8.00      0.00      0.60      0.00     36.80      3.80      0.00    134.00    190.00      0.00
20      4.80      0.00      0.00      0.00      0.40      0.20      0.20      5.80      0.00      0.20      6.80      0.00
21     20.80      0.00      0.00      0.00     23.20     18.60      1.20      1.40      7.60      0.00     36.20      0.00
22     34.00      0.00      0.00     13.60      0.20      1.20      0.40      0.00     10.80      0.00    116.00      3.80
23      3.20      0.00      0.00      2.20      0.60      1.40     13.40      0.00      3.20     16.80    155.60      3.20
24      4.80      4.00      0.00     40.00      0.40      3.60      1.40      0.00      0.00      9.00     37.40      1.20
25     51.00     11.20     14.40      0.20     16.20      0.00      6.00     13.80      0.00     70.20     22.20      1.20
26     25.40      0.20      1.80     15.00      6.20     18.20      0.40      0.20      0.20      2.60     33.60     50.80
27      0.40      1.20     12.60      0.00     34.80      0.00     10.40     13.40      4.20      0.80     10.00     63.00
28      0.00      5.20      0.60     10.00     84.00      2.20      1.80      0.20      0.00      0.60     26.80     15.00
29      0.00    -99.00     17.20     17.00     22.20     22.60      0.00      3.00     35.00      0.60     11.20     29.00
30      0.00    -99.00      2.00      8.20      1.80      4.00      0.00      6.40      1.20     16.00      1.40     23.00
31      0.00    -99.00     18.00    -99.00      0.20    -99.00      0.00      1.20    -99.00    188.80    -99.00      9.00
2018
01      2.80      0.00      0.00      0.00      2.80      0.20      0.00      0.00      9.60     10.00      0.00      0.00
02      3.00      0.00      0.00      0.00      0.60     80.60      0.00      3.60     53.60     53.60      0.00      0.00
03      2.80      0.00     18.60      0.00      0.00     65.60      0.00      0.20      0.20     49.40      0.00      0.00
04     18.80      0.00      0.00      0.00     16.80      7.20      0.00      3.00      0.00    114.40      0.20      0.00
05      4.00      0.00      0.00      0.00      6.80      0.00      0.00      3.00      6.00      0.20      0.00      0.00
06      0.00      0.00      0.00      4.00     39.40      0.00      0.00      2.20     14.80      0.00      0.60      0.00
07      0.00      0.00      0.00     25.80      4.20      0.00      0.00      4.00     24.00      0.00     92.40     12.40
08     12.40      0.00      0.00      6.20      3.80      0.80      0.60      3.40      0.00      0.00     90.60     24.40
09      9.00      0.00      2.20      0.00      1.20      0.00     20.60      7.40      0.00      0.00      7.80     98.20
10      0.00      0.00      1.60      0.00      8.40      0.00      0.20      0.80     50.40      7.60      2.20     18.40
11      0.00      5.20      0.20      0.00      0.20      0.00      0.00      0.00      3.60      5.80      3.00     40.20
12      2.00      7.60      2.20      3.00      0.00      0.00      0.00      0.00     65.60     28.40      0.00     34.00
13      6.40      3.20      0.00      0.00      0.00      0.00      0.00      0.60     30.60     25.40      0.00     31.00
14      4.60      0.00      3.20      0.00      0.00      0.00      0.00      1.00      0.80      0.00      0.00     78.80
15      3.80      0.00     13.80      0.00      2.20      0.00      7.80      0.40      2.80      0.00      0.00     98.20
16      4.80      0.00     18.20      0.00      0.20      0.00      0.00      0.00     73.00      0.00      0.00     36.60
17      3.00      0.00      0.00      0.00     21.80      0.00      0.00      0.00     17.40      0.00      0.00      3.20
18      0.00      0.00      0.00      0.00      1.40      0.00      3.20      0.40      0.20      0.00      1.00      0.00
19      2.40      0.00     23.80      1.20      0.00      0.00      0.40      0.00      2.20      4.40     16.40      0.00
20      5.20      0.00      7.40      0.00      0.00      0.00      0.00      0.00      2.20     24.20      0.00      0.00
21      0.20      0.00      7.20      0.00      0.00      0.00      0.00      0.00     12.60      0.20      0.00      0.00
22      2.40      0.00      1.00      0.00      0.00      8.00      0.80      1.40      7.00     14.00     32.40      0.00
23      6.00      1.80      0.00      0.00      0.00      1.80      4.60      0.60      0.20      2.40     23.00      0.00
24      8.20      0.00      0.00      0.40      0.00      0.00      0.00      0.00      0.00      3.20      9.80      9.20
25      6.40      0.00      0.00     52.20     21.80      7.60      0.00      0.00      0.00      0.00     81.20      2.60
26      0.40      1.00      0.00     82.60      0.00      3.60      0.40      1.00      0.00      0.00      9.60      2.20
27      4.40      1.80      0.00      0.40      0.00     20.80      0.60      1.60      0.00     22.00      7.40     11.80
28      0.40      0.80      0.00     30.40      0.40      0.00      4.20      0.00     15.40     16.00      4.00     57.80
29      6.80    -99.00      0.00     16.60      0.60     39.80      0.00      0.00      0.20      1.80     43.60    202.20
30      0.60    -99.00      0.00      1.80      0.00      9.80      0.00      0.00      2.80      0.00      0.60     38.60
31      7.40    -99.00      0.00    -99.00      0.00    -99.00      0.00      0.00    -99.00      0.00    -99.00     15.80
