HoaBac              
   108.05000       16.129999              10
2011
01      1.00      0.20      0.00      0.00      0.00      0.00      0.00     13.40      0.00     13.40     39.40      6.80
02      3.00      0.00      4.60      0.20      0.00      0.00      0.00      0.00     10.20    174.80      0.40     43.80
03      0.60      0.00      3.80      0.00      0.00      0.00      0.00      0.40      0.00     51.60      1.00      2.20
04      5.60      0.00      0.20      0.00      0.00      0.00      0.00      0.00      0.00      5.80    159.40      1.40
05      1.40      0.00      0.00      0.00      0.00      0.00      0.00      0.00      0.00      1.00      4.00      3.60
06      5.40      0.00      0.00      0.00      0.00      0.00      0.00      0.00      6.20      0.60     13.00      4.60
07      8.80      0.00      0.00      0.00      0.00      0.00      0.00      0.00      3.80      1.00     74.00     41.00
08      3.80      0.00      1.40      0.00      0.00      0.00      0.00      0.00     64.00      0.20     16.00      1.40
09      6.00      0.00      0.00      0.00      0.00      0.00      0.00      1.20     19.00     22.80      2.60      6.40
10      2.20      0.00      0.00      2.40      0.00      0.00      0.00      0.00     14.40      3.60      0.80      0.80
11      0.20      0.00      0.00      0.00      0.00      0.00      0.00      0.00      8.40      1.20      0.00     17.20
12      0.00      0.00      0.00      0.00      0.00      0.00      0.00      0.00      0.60     54.40      0.00     18.60
13      0.00      0.00      0.00      0.00      0.20      0.00      0.00      0.00     24.60      0.20      0.00      2.80
14      0.00      0.20      0.00      0.00      0.00      0.00      0.00      0.00     19.60      4.80      0.20      1.00
15     29.40      0.00      0.00      0.00      0.00      0.00      0.00      0.20      0.40      0.80    130.60     20.00
16     23.20      0.00     39.40      0.00      0.00      0.00      0.00      2.80      0.00     96.00      2.40      6.00
17      3.00      0.00      0.40      0.00      0.00      0.00      0.00      0.00      0.00    134.60      0.00      0.60
18      1.00      0.00      0.00     28.00     16.20      0.20      0.00      0.00      0.00      8.20      0.00      0.20
19      0.40      0.00      0.00      0.00      0.00     13.20      0.00      0.60      4.60      2.00      0.00      0.80
20      2.40      0.00      0.00      0.00      0.00      5.20      0.00      8.80     15.60      5.20      0.80     57.80
21      0.40      0.40      0.00      0.00      0.00      0.00     15.00      0.00      9.20      0.60      8.60     35.60
22      0.00      0.00     11.00      0.00      0.00      0.00      0.00      0.00     15.40      0.60      1.20     12.00
23      0.20      0.00     38.80      0.00      0.00      0.00      0.00      0.00    193.60      0.20      5.60      1.60
24      0.00      0.00      6.00      0.00      0.00      0.00      5.60      0.00    213.40      0.20      5.20      0.40
25      0.40      0.00     22.60      0.00      0.00      0.00      5.00      0.00     17.00     10.00     73.00      0.00
26     16.20      0.00      5.00      0.00      0.00      0.00      0.00      0.00     19.00      2.20      9.20      4.60
27     18.60      0.00     11.00      0.00      0.00      0.00      0.00      0.20     80.60      7.20     20.00      2.60
28      3.40      0.00      3.60      0.00      0.00      0.00      0.00      0.00      0.00      0.00      0.20      1.80
29     43.20    -99.00     19.00      0.00      0.00      0.00      0.00      0.00      0.00      0.00      0.00      0.60
30     63.40    -99.00      9.80      0.00      0.00      0.00      0.80      0.00      0.00      0.60      0.00     39.40
31     32.20    -99.00      0.00    -99.00      0.00    -99.00      3.60      7.20    -99.00      2.40    -99.00     29.20
2012
01     13.00      0.00      0.00      6.00      0.00      0.00      0.20      0.00      0.20      8.20     12.80      0.00
02      2.40      2.40      0.00      1.20      0.00      0.00      0.00      0.00     84.80      0.00     36.60      0.00
03      0.00      0.20      0.00      0.00      0.00      0.00      0.00      0.00      2.80      5.20      0.00      0.00
04     12.00      0.00      0.00      0.00      0.00     12.60      0.00      0.00     47.00      0.00      0.20      0.00
05      0.20      0.00      0.00      0.00      0.00     21.40      1.00      0.00      3.40      3.40      2.60     15.80
06      0.00      0.00      0.00      0.00      0.00      0.00      0.00      0.00      8.80     78.80      3.40     83.20
07      4.40      0.00      0.00      0.00      0.00     12.80      0.00      0.00      0.20      0.20      8.80      6.40
08      0.20      0.00      0.00      0.00      0.00      1.20      0.00      0.00      0.00     18.00      2.80      6.80
09      0.00      0.40      0.00      0.00      0.00      0.00      0.00      0.00      0.00      2.20      0.00      9.80
10     13.20      0.00      1.80      0.00      0.00      0.00      0.00      0.00     20.80      0.40      0.00      0.00
11     72.20      0.00      0.20      0.00      0.00      0.00      0.00      0.00      4.80      0.00      2.40      0.00
12     92.00      0.00      0.00      0.00      0.00      0.00      0.00      0.00      9.20      0.80     18.40     11.60
13      2.20      0.00      0.00      0.00      0.00      0.00      0.00      0.00     23.40      0.80      1.80      2.80
14      0.20      0.00      0.00      0.00      0.00      0.00      0.00      0.00      9.20      0.00      0.00      1.20
15     13.00      0.00      0.00      0.00      0.00      0.00      0.00      0.20     48.00      0.00     14.20      0.00
16     11.20     23.60      0.00      0.00      0.00      1.60      0.00      8.60      0.00      0.00    102.00      0.00
17      7.40    104.80      0.00      0.00     11.20     11.60      0.00      0.20      0.00      0.00     45.00      0.00
18      3.20     25.00      0.00      0.00      0.00      0.80      0.00      0.00      0.00      0.00      5.40      0.00
19      0.20     10.00      0.00      0.00      0.00      0.00      0.00      0.00      4.80      6.60      0.00      2.60
20      0.00      7.00      0.00      0.00      0.00      0.00      0.00      0.00      0.00      0.20      0.00      0.00
21      0.00      0.60      0.00      0.00     20.00      0.00      0.00      0.00      0.00      3.80      0.00      0.00
22      0.00      0.00      0.00      0.00      0.00      0.00      0.00      0.80      0.00      8.60      0.00      0.00
23      5.00      0.20      0.00      0.00      0.00      0.00      0.60     10.40      0.00      6.60      0.00      0.80
24      5.20      0.00      0.00      0.00      4.60      0.00      0.80     17.40      0.00      3.40      0.00      0.40
25     19.20      0.00      1.00      0.00      0.20      0.00      0.00      0.00      0.00      2.60      0.00     18.80
26      0.20      1.40      6.40      0.00      0.00      0.00      0.00      0.40     47.00     44.80      0.60      0.80
27      0.00      0.20      0.60      0.00     17.60      0.00      0.00      0.00     76.80     81.00      6.00      9.20
28      0.00      0.00      0.00      0.00     25.40      0.00      0.00      0.00      2.80      0.00      4.00      6.60
29      2.20      0.00      0.00      0.00      0.20      2.00      4.80      0.00     21.60      0.00      0.00      0.00
30     21.00    -99.00      0.00      0.00      0.00     17.80      0.20      0.00     69.40      6.20      0.00     17.20
31     15.20    -99.00      0.60    -99.00      0.00    -99.00      0.00      3.00    -99.00    113.40    -99.00     16.80
2013
01      0.00      0.00      0.00      0.00     10.60      0.00      0.00      0.00      0.00     61.40      0.40      0.00
02      0.00      1.20      0.00      0.00      0.00      0.00      0.00      0.60      0.00     64.60      0.00      0.20
03      2.80      1.60     28.20      0.00      0.40      0.00      0.00      0.00      0.00     53.40      0.00      0.00
04      6.40      0.00      1.40      0.00      0.00      0.00      0.00      0.00      0.00     16.40      4.20      3.40
05      6.20      0.00      0.40      0.00      0.60      0.00      0.00      0.00      0.00      0.00     64.60      0.00
06      8.60      0.00      3.20      0.00      0.00      0.00      0.00     15.60      0.00      0.00      4.40      0.00
07     36.20      0.00      0.00      0.00      0.00      0.00      0.00      0.00      2.00      0.00     16.80      0.00
08     15.60      0.00      0.00      0.00      0.00      0.00      0.00      0.00      0.20      0.00      0.40      0.00
09      4.20      3.20      0.00      0.00      0.00      0.00      0.00      0.00     11.60      0.00     21.60      0.00
10      6.20      0.60      0.00      0.00      0.00      0.00      0.00      0.00    124.00      0.00     28.40      0.00
11      0.60      0.00      0.00      0.00     14.40      0.00      0.00     48.20     82.40      4.60      0.00      0.40
12      0.00      0.00      0.00      1.60      0.00      0.00      0.00      5.00     15.40      4.40      0.00      3.20
13      0.00      0.00      0.00      1.40      0.00      2.40      0.00      0.60     16.20      1.60      0.80      1.40
14      0.00      5.40      0.00      0.00      0.00      0.00      0.00      0.60     11.60    130.20      3.20      1.40
15      0.00      0.00      0.00      0.00      0.00      0.00      0.00      0.00      6.40     53.40     43.20      0.60
16      8.60      0.00      0.00      0.00      0.00      0.00      0.00      0.00     10.20     10.60      4.60      0.00
17      0.00      0.00      0.00      0.00      0.00      0.00      0.00      0.00     58.20      0.40      1.40      1.40
18      0.00      0.00      0.00      0.00      0.00      0.00      0.00      0.00    171.00      0.80      0.00      0.60
19      5.40      0.00      0.00      0.00      0.00      0.00      0.00      0.00      9.20      0.60      7.40      0.00
20      0.80      0.00      0.00      0.00      0.00      0.00      0.00      0.00      0.00      0.80      0.00      0.00
21      0.00      0.20      0.00      0.00      0.00      0.00      1.00      5.80     21.60      0.60      2.00      0.00
22      0.00      1.20      0.00      0.00      0.00      2.80      4.80      0.00      0.40      9.20      0.00      0.20
23      0.00     22.60      0.00      0.00      4.20      0.00     17.00      0.00      0.60      0.20      0.00      0.20
24      0.00     51.00      0.00      0.00      0.40      0.00      0.00      0.00      0.00     38.40      0.00      7.80
25      7.80      0.20      0.00      0.00      0.00      0.00      0.00      0.00      1.40      0.60      8.00      0.00
26      0.00      0.00      0.00      0.00     14.60      0.00      0.00     28.00      2.60      4.20      0.40      0.00
27      1.80      0.00      0.00      0.00      0.00      1.60      0.00      1.00      5.60      0.00      2.40      3.60
28     19.60      0.00      0.00      1.00      0.00      0.00      0.00      0.20     27.00      0.00     12.20      0.00
29      0.80    -99.00      0.00      0.00      0.00      0.00      0.00      0.00      0.20      8.80      2.60      0.40
30      0.20    -99.00      0.00      0.00      0.00      0.00      1.20      0.20      6.60      5.00      2.20      0.00
31      0.00    -99.00      0.80    -99.00      0.00    -99.00      5.80      0.00    -99.00      0.40    -99.00      0.00
2014
01      0.00      0.20      0.00      0.00      0.20      0.00      0.00      0.00      0.20      0.00      5.40     24.40
02      0.00      0.00      0.00      0.00      0.00      0.00      0.00      0.00      0.00      0.00      0.00     43.80
03      0.00      0.00      0.00      0.20      0.00      0.00      0.00      0.00      0.00      0.00      6.00      4.80
04      0.00      0.00      0.00      5.80      3.80      0.00      0.00      0.80      0.00      0.00     11.00     25.80
05      0.00      0.00      0.00      0.00      0.20      0.00      0.00      0.00      0.00     30.40      5.80    274.20
06      0.00      0.00      0.00      0.00      0.00      0.00      0.00      0.00      0.00     25.60      9.00     78.60
07      0.00      0.00      0.00      0.20      0.00      0.00      3.80      0.00      1.40      9.20      0.20     24.80
08      0.00      0.00      0.00      0.00      0.60      0.00      0.00      0.00      0.00      6.00      1.40     51.80
09      1.80      0.00      0.00      0.00      0.00      0.00     24.40      0.00      0.00      0.20     18.20      2.40
10      0.60      2.80      0.20      0.00      0.00      0.00      0.00      0.00      0.00      0.00      0.00     13.40
11      0.00     22.00      0.00      0.00      0.00      0.00      0.00      0.00      2.40      0.80      0.00     12.80
12      0.00      0.00      0.00      0.00      0.00      0.00      0.00      0.00     29.80    101.60      0.00     29.40
13      5.60      0.00      0.00      0.00      0.00      0.00      0.20      0.00      0.00      7.40      0.00     30.60
14      6.80      0.00      0.00      0.00      0.00      0.00      0.00    -99.00      0.00      4.40      0.00     83.40
15      0.20      0.00      0.00      0.00      0.00      0.00      0.00    -99.00      0.00     17.00      0.00      3.60
16      1.20      0.00      0.00      0.00      0.00      0.00      0.00    -99.00      0.00      1.80      0.00      5.20
17     31.60      0.00      0.00      0.00      0.00      0.00     18.40      0.00      0.00      0.00      0.00      3.60
18     11.20      0.00      0.00      0.00      0.00      0.00     14.80      0.00      0.00     90.20      0.00     22.80
19      0.20      0.00      0.00      0.00      0.00      0.00      0.20      0.00      0.00     11.60      0.00      2.60
20      0.00      0.00      0.00      0.00      0.00      0.00    -99.00      2.60      0.00      8.80      0.00      0.40
21      6.20      0.00      6.80      0.00      0.00      0.00      0.00      0.20     13.00      0.20      0.00     13.80
22      0.00      0.00     20.80      0.00      0.00      2.00      0.00      0.00      0.00     53.20      0.00      7.00
23      0.00      0.00      0.00      0.00      0.00      0.20      1.40      0.00      0.00    129.40      0.00      2.20
24      0.00      0.00      0.00      0.00      0.00      0.00      0.00      0.00      0.80     21.00      0.00      3.40
25      0.00      0.00      0.00      0.00      0.00      0.00      0.00      0.00     42.40     45.60      0.00      5.40
26      0.80      0.00      0.00      0.00      0.00      0.00      2.20      4.80      0.40      4.20      0.00      6.20
27      0.00      0.00      0.00      0.00      0.00      0.00      5.40      0.00      0.00      5.00      0.00      4.00
28      1.00      0.00      0.00      0.80      0.00      0.80      1.60     24.80      0.00     18.60      0.00     37.60
29      0.00    -99.00      0.00      0.20      0.00      1.00      0.20      0.20      0.00      0.00      0.00     27.60
30      0.00    -99.00      0.00      1.80      0.00      0.00      0.00      5.00      8.00     17.20      0.00      0.00
31      0.00    -99.00      0.00    -99.00      0.00    -99.00      0.00     23.40    -99.00    100.20    -99.00      1.20
2015
01      0.00     11.60      0.00      0.00      0.00      0.00      0.00      0.00      0.40      4.00     76.60      1.60
02      8.00      0.00      0.00      0.00      0.00      0.80      0.00      0.00      0.20      5.20     17.60      0.00
03     19.80      0.00      0.00      0.00      0.00      0.00      0.00      0.00      0.00      0.60     12.60      0.00
04      0.40      1.00      0.00      0.00      0.00      0.00      0.00      0.00      0.00      8.60     13.00      2.00
05      0.00      3.40      0.00      0.00      0.00      0.00      0.00      0.00      0.00      0.00    288.20     14.20
06      0.00      0.00      0.00      0.00      0.00      0.00      8.20      0.00      0.00      0.00     35.00     12.00
07      0.00      7.60      0.00      0.00      0.00      0.00     54.80      0.00      0.00      0.00      1.40     23.60
08     23.20      6.60      0.00      0.00      0.00      0.00      8.40      0.00      0.00      0.00      3.40     82.20
09      1.00     12.00      0.00      2.00      0.40      0.00      0.00      0.00      0.00      0.00      2.40      1.60
10      6.00      1.20      0.00      0.00      0.00      0.00      0.00      0.00      1.20      0.00      7.80      0.00
11      0.00      0.00      0.00      7.60      0.00      0.00      0.00      1.20      1.00     11.60     14.40      0.40
12      0.00      0.00      0.00     20.60      0.00      0.00      0.00      0.00     48.20     34.00      9.20      0.00
13      0.00      0.20      0.00      2.00      0.00      0.00      0.00    -99.00     63.40     18.00      0.00      0.00
14      0.60      0.00      0.00      0.00      0.00      0.00      0.60      0.00    202.00     34.60      0.00      0.00
15      0.00      0.00      0.00      0.00      0.00      0.00      0.80      0.00     13.80    162.00      0.00     13.40
16      0.20      0.00      0.00      0.00      0.00      0.00      0.00      0.00     33.40      0.00      0.00      1.80
17     13.40      0.00      0.00      0.00      0.00      0.00      0.20    -99.00      6.20      0.60      0.00      0.00
18      4.00      0.00      0.00      0.00      0.00      0.00      0.00      0.00      0.00      0.00      0.00     27.00
19      0.00      0.00      0.00      0.00     17.00      0.80      2.20      0.00      0.00      0.00      2.00     57.20
20      0.00      0.00      0.00      0.00      0.00      6.20      0.20    -99.00      0.00      0.00      2.00     98.80
21      0.00      0.00      0.00      0.00      0.00     40.60      0.00      0.00      0.00      0.00     20.80     38.40
22      0.00      0.00      0.00      0.00      0.00      2.00      0.00      1.00      0.00      0.00      3.80      1.60
23      0.00      0.00      0.80      0.00      0.00      0.00      1.60      0.00      0.00      0.00      0.60      0.00
24      0.00      0.00      0.80      0.00      0.00      0.00      0.00    -99.00      0.00      0.20     18.40      0.00
25      0.00      0.00      5.00     28.80      0.00      0.00      0.00     10.20      0.00      0.00     24.00      0.00
26      0.00      0.00      0.00      0.20      0.00      0.00      0.00      0.40      0.00      9.80      0.00      0.00
27      0.00      0.00      3.80      0.00      0.00      0.00      0.00      1.00      0.00      0.20     40.80      0.00
28      0.00      0.00      0.20      0.00      0.00      0.00      0.00    -99.00      0.00      0.00      3.60     46.00
29      0.00    -99.00      0.00      0.00      0.00      0.00      0.40      0.00      0.00      0.00      0.00     10.20
30      0.00    -99.00      0.00      0.00      0.00      0.00      3.60      0.00      0.00      0.00      8.40      8.20
31      5.60    -99.00      0.00    -99.00      0.00    -99.00      1.20      0.00    -99.00     69.40    -99.00      6.20
2016
01      3.80      0.00      0.00      0.00      0.00      0.00      0.00      0.00      0.00      0.00     97.80     27.80
02     12.40      2.60      1.80      0.00      0.00      0.00      0.20      0.00      0.00      0.00      1.00    182.60
03      5.20      0.20      0.00      0.00      0.00      0.00      4.80      0.00      0.00      1.60      2.80     19.80
04      0.00      2.20      0.00      0.00      0.00      0.00      3.60      2.60      0.00      0.20      0.00     12.80
05      0.00      0.00      0.00      0.00      0.00      0.00      0.00      0.20     17.40     56.60      5.60    125.80
06      0.00     11.20      0.00      0.00      0.00      0.00      0.00      0.00      1.20     31.60      0.00     37.20
07      1.00      7.20      0.00      0.00      0.00      7.40      0.00      0.00      0.00      1.20      4.00    112.20
08      2.00      0.20      0.00      0.00      0.00     11.40      0.00      1.40      0.00     21.40      7.00      0.00
09      0.60      1.60      0.00      0.00      0.00      0.20      0.00      0.00      0.00     18.60      0.00      0.00
10      0.60      0.20      0.00      0.00      0.00      0.00     11.00      0.00      0.00     84.80     14.80      0.00
11      0.00      0.00      0.00      0.00      0.00      0.00      0.00      0.00      3.60     28.20     38.80      0.00
12      0.00      0.00      0.00      0.00      0.00      0.00      0.00      0.00    162.60     23.20     32.80      0.00
13     46.20      0.00      0.00      0.00      5.20      0.00      0.00      0.00      1.20      0.00      0.60      0.00
14      0.00      0.00      0.00      0.00      0.00      0.00      0.00      0.00      0.00     72.20      0.00      0.00
15      0.00      1.80      0.00      0.00      0.00      0.00      0.00      0.00      0.00     51.60      0.00      0.00
16      0.00      5.40      0.00      0.00      0.00      0.00      0.00      0.00      0.00     50.00      1.00      0.00
17      0.00      0.00      0.00      0.00      0.00      0.00      0.00      0.00      0.00      3.20      7.20      5.60
18      0.20      0.00      0.00      0.00      0.00      0.00      0.00      5.20      1.40      0.00      0.00     17.20
19      0.00      0.00      0.00      0.00      0.00      0.00      0.00      1.40     23.40      0.00      9.40     26.40
20      0.00      0.00      0.00      0.00      0.00      0.00      0.00      0.00      5.80      0.00     12.80      5.40
21      0.00      0.00      0.00      0.00      0.60      0.00      0.00      0.40      0.00      0.00      0.00      0.00
22      0.00      0.00      0.00      0.00      0.00      0.00      0.00      0.40     30.20      0.00      0.00      6.60
23      9.60      0.00      0.00      0.00      0.00      0.00      0.00      3.40      3.80      0.40      0.00     13.00
24    121.60     28.20      0.40      0.00      0.00      0.00      0.00     10.80      6.20      0.20      0.00     11.00
25     66.20     50.20     14.20      0.00      1.00     18.00      0.00      0.00      0.20      9.60      0.00      0.00
26      2.20      1.60      2.00      0.00      0.00     15.60      0.00      0.00     11.80      3.20      0.00      0.20
27      0.20      0.00     21.80      0.00      0.00     16.00      3.20      0.00      0.00      0.80      0.00      3.80
28      0.80      0.00      0.20      0.00      0.00      0.00      0.00      0.00      0.00      0.00      0.00      4.60
29      0.00      2.20      0.00      0.00      0.00      0.00      0.00      6.20      0.00      1.60      1.20     44.20
30      0.00    -99.00      0.00      0.00      1.20      0.00      0.00      0.20      5.00     44.80      9.00     50.00
31      0.00    -99.00      0.00    -99.00      0.00    -99.00      0.00      0.00    -99.00      6.20    -99.00     72.20
2017
01      3.40     20.20      3.40      0.00      0.00      0.00      0.00      0.00      0.00      0.00      0.60      7.00
02      6.80     14.00      1.60      4.20      0.00      0.00      0.00      0.00      0.00     15.80      0.00     15.80
03      0.20      2.40      0.00      9.00      0.00      0.00      0.00      0.00      0.00      9.40    155.80      4.60
04      8.40      0.20      0.00      0.00      0.00      0.00      0.00      0.00      0.00      1.40    206.80      3.00
05      0.20      0.00      0.00      0.00      0.00      0.00      4.00      0.00      0.00      0.00    106.40      0.60
06      1.00      0.00      0.00      0.00      0.00      0.00      1.40      0.00      0.00      1.40     35.80      0.60
07      0.20      0.00      0.00      0.00      0.00      0.00      0.00      0.00      0.00      9.40      1.20      0.80
08      0.00      0.00      0.00      0.00      0.00      0.20      0.00      0.00      0.00      7.60    212.60      0.60
09      8.00      1.80      0.00      0.00      0.40      0.00      0.00      0.00      0.00     29.80     50.00      0.00
10      3.40     52.60      0.00      0.00      0.00      0.00      0.00      0.00      0.00      0.00      2.00      0.00
11      0.00      8.40      0.00      0.00      0.20      0.00      0.80      0.00      0.00      0.00      4.20      0.00
12      0.00      3.40      0.00      0.00      0.00      0.00      1.40      0.00      0.00      0.00      0.20      0.20
13      0.20      0.20      0.00      0.00      0.00      0.00      1.20      0.00      6.20     18.20      0.00      0.00
14      0.00      2.20      0.00      0.00      0.00      0.00      1.00      0.00     47.60     31.20      0.80      0.00
15      0.00      2.00      0.00      0.00      0.00      0.00      4.80      0.00      5.20      0.00      9.60      1.00
16      0.00      0.20      0.00      0.00      8.00      0.00     12.80      0.00      0.00      0.00      0.20      1.80
17      0.00      1.00      0.00      0.00      0.40      0.00      0.20      0.00      0.00      0.00      0.00     18.80
18      0.00      0.20      0.00      0.00     39.20      0.00      0.80     51.60      0.00     33.60      0.20      4.80
19      0.00      0.20      0.00      0.00      2.40      0.00      0.00      3.40      0.00     98.40     16.20      0.00
20      0.00      0.00      0.00      1.00      1.40      0.00      0.00      0.00      0.00     14.60      7.80      1.60
21      0.00      0.00      0.00      0.00      0.00      0.00      0.00      0.00      0.00      3.60     50.80     14.60
22      0.00      0.00      0.00      0.00      0.00      0.00      6.00      0.00      0.80      2.40    115.20      0.00
23      0.00      0.00      0.00      0.00      0.00      0.00      3.80      0.00     15.40      8.60      4.40      0.00
24      0.00     41.00      0.00      1.60      0.00      0.00     16.20      0.20      0.00     21.80     70.60      1.00
25     14.00      3.80      0.00      0.00      1.40      0.00      6.80      0.00     60.20      7.60     58.00     13.40
26      0.60     10.20      5.60      0.00      0.00      0.00      1.00     19.00      1.40     10.40     65.20     44.60
27      0.20     12.20     16.40      0.00      0.00      0.00     14.40     30.60      0.00      1.80     39.60     14.60
28      0.00      3.20      1.20      1.60      0.00      0.00      4.60      0.00      0.00      0.00      6.00     17.60
29      0.00    -99.00      0.00     23.60     12.40      0.00      0.00      0.00      0.00      0.00      0.20      5.80
30      0.00    -99.00      0.20      0.00      0.00      0.00      0.00      0.00      0.20      0.40      1.60     18.40
31     17.20    -99.00      1.00    -99.00      0.00    -99.00      0.00      0.20    -99.00     97.80    -99.00      2.80
2018
01      0.60      0.00      0.00      0.00      0.00      0.00      0.00      0.00      0.00     36.20      0.00     36.80
02      0.40      0.00      0.00      0.00      0.00     21.40      0.00      0.00      0.00     13.00      0.00     22.00
03      0.40      0.80      0.00      0.00      0.00    153.80      0.00      0.00      0.00     77.80      0.00      0.00
04     51.20      0.00      0.00      0.00      0.00     24.00      0.00      0.20      0.00      7.40      8.00      0.60
05      5.60     13.60      0.00      0.00      0.00      0.20      0.00      3.20      0.00      0.20      0.00      0.00
06      0.00      0.00      0.00      0.00      4.40     28.80      0.00      0.80      0.00      0.00      0.40      5.40
07      0.00      0.00      0.00      0.80      0.20      0.40      1.60      3.40      0.00      0.00      2.40     12.20
08      0.00      0.00      0.00      0.60      0.00      0.00      6.40      7.40      0.00      0.00      0.80      0.00
09      0.60      0.00      2.20      0.00      0.00      0.00     14.20     11.00      0.20      0.00      7.20    113.00
10      0.00      0.00      0.20      0.00      0.00      0.00      7.00      6.80      0.80      0.20      1.20    132.80
11      3.80      5.40      0.40      0.00      0.00      0.00      1.00      0.00      2.80     16.60      5.20      7.40
12     53.20      3.00      0.40      0.00      0.00      0.20     12.80      0.00      9.00      8.20      0.00      7.00
13     11.20      0.60      0.00      0.00      0.00      0.00      0.00      0.00      1.80     55.80      0.00      9.40
14     90.20      0.00      0.00      0.00      0.00      0.00      0.00      0.00      2.40      2.20      0.20     57.20
15      1.40      0.00     34.60      0.00      0.00      0.00      2.40      0.00     23.00      0.00      0.00     16.00
16      0.20      0.00      0.20      0.00      0.00      0.00      0.20      0.00     14.20      0.00      0.00      0.40
17      0.00      0.00      0.00      0.00      0.00      0.60      6.40      1.60      3.00      0.00      0.80      0.00
18      0.00      0.00      0.00      0.00      0.00      0.00     16.20      0.00      0.20      0.00      0.00      3.40
19      0.00      0.00      0.00      0.00      0.00      0.00      0.00      0.00      8.20      0.00      0.00      2.20
20      2.00      0.00      0.00      0.00      0.00      0.00      0.00      0.00      0.80      1.80      0.00      0.00
21      0.40      0.00      0.00      0.00      0.00      0.00      0.40      0.00     17.20      0.00      0.00      0.00
22      0.00      0.00      0.40      0.00      0.00     18.00      0.80      1.20      3.20      9.20     28.60      0.00
23      0.00      2.20      0.00      0.00      0.00      0.00      0.00      1.20     17.20      3.40      0.00      0.00
24      0.00      0.20      0.00      0.00      0.00      0.60      0.00      0.00      0.00      3.60     37.00      0.00
25      0.20      0.00      0.00      0.00      0.00      0.00      2.40      0.00      0.00      0.20     52.20      0.00
26      0.00      0.00      0.00      0.00      0.00      0.00      2.40      0.00      0.00      0.00     73.40      0.00
27      7.60      0.00      0.00      0.00      0.00      0.00     34.40      0.00      0.00     20.20      7.80      0.00
28      0.00      0.00      0.00      0.40      0.00      0.00      0.80      0.00      0.00     13.80     24.40      0.00
29      1.80    -99.00      0.00      0.00      0.00      3.00      0.00      0.00      1.60      0.00      0.00      0.00
30      0.00    -99.00      0.00      0.00      0.00      0.00      0.00      0.00      9.60      0.00     25.60      0.00
31      0.00    -99.00      1.00    -99.00      0.20    -99.00      0.00      0.00    -99.00      0.00    -99.00      0.00
