HoiKhach            
   107.91000       15.820000             404
2011
01      0.20      1.40      0.20      0.00      0.00      0.00      0.00      7.40      0.00     83.40     42.60     29.00
02      0.20      0.00      0.00      0.00      0.00      0.20      0.00      0.00      6.40     25.20      2.20      6.80
03      0.00      0.00      0.20      0.00      0.00     35.40      0.00     12.80     35.60      8.20      2.20      0.80
04     39.20      0.00      7.00      0.00      0.00      0.20      0.00      0.00     11.80     14.60    104.00      1.20
05      1.60      0.00      0.00      0.00      0.00      0.00      0.00      0.00     46.00      0.20      3.40      3.80
06      6.80      0.20      0.00      0.00      0.60      0.00      0.00      0.00     50.60      0.00     17.40      2.80
07     27.60      0.20      0.00      0.00      0.20      0.00      0.00      0.00     44.00      2.80    264.40      1.20
08      2.00      0.00      0.00      0.00      0.00      0.00      0.00      1.60     35.00      3.60     24.40     10.80
09      0.60      0.00      0.00      0.00      0.00      0.00      0.00      0.00     32.20     72.60      1.80      8.20
10      0.80      0.00      0.00      0.60      0.00     16.60      0.00      0.00     34.00      3.20      0.00      7.20
11      0.00      0.00      0.00      0.00      0.00      9.00      6.00     35.60     29.00     22.20      0.00     10.40
12      0.00      0.00      0.00      0.00      3.80      0.00     22.20      0.20     10.80     19.40      0.00      0.00
13      0.00      1.00      0.00      0.00     12.80     11.20     16.60      0.00      5.20     33.00      2.40      0.00
14      0.00      0.00      0.00      0.00      0.00     35.60      0.00      0.00      3.60     14.20      0.40      0.40
15      0.00      0.00      0.00      0.00      0.20      8.60      0.00      0.00      0.00     75.60     18.40     28.40
16      0.00      0.00      0.40      0.00      6.00      0.00      0.00      7.60      2.60     70.40     58.80     20.40
17      0.00      0.00      0.00      0.40      0.80      9.00      0.00      3.40      0.00    123.40      0.00      3.20
18      1.00      0.00      0.00     33.40     31.80      1.20      0.20      0.40      9.20     19.80      0.00      0.60
19      1.00      0.00      0.00      0.60      0.00     13.00      0.00      8.80      0.20      8.60      0.00      0.20
20      0.00      0.00      0.00      4.20      0.00      4.00      0.00     26.80      0.00      0.80      3.20     13.00
21      0.00      0.00      0.00      1.20      0.00      0.00      0.00      0.00     35.40      4.40      7.80      1.40
22      0.00      0.00      0.00      0.00      0.00      0.00      0.00      0.00     11.60      0.20      7.20      6.80
23      0.00      0.00      4.20      0.00      0.00      0.00      0.00      0.00    148.40      0.00      5.60     20.20
24      0.00      0.00      0.80      0.00      1.00      1.20      0.00      0.00    136.60      3.40     26.40      5.80
25      0.60      0.00      4.40      0.00      0.00      0.60      0.80      2.00     10.60     57.00    278.00      2.60
26      0.40      0.00      0.80      0.00      0.00      0.00      0.00      0.00     48.80      2.00      9.80      0.40
27      0.80      0.00      0.00      0.60      0.00      0.00      0.00      0.00     11.60     14.40      2.00      2.00
28      3.80      0.00      0.80      0.00      0.00      0.00      0.00      0.00      0.00     17.60      1.40      1.40
29      2.60    -99.00      1.00      0.00      0.00      0.00      0.00      0.00      0.00      0.60      0.20      0.00
30      1.80    -99.00      0.00      0.00      0.00      0.00      1.40      6.40      0.00      3.00      3.00      5.20
31      3.00    -99.00      0.00    -99.00      0.00    -99.00      4.00     13.60    -99.00      3.60    -99.00      2.60
2012
01      4.00    -99.00      0.00      2.20      0.00      0.00    -99.00      0.00      0.00      4.40      6.20      0.00
02      1.00    -99.00      0.00      3.60      0.00      0.20    -99.00      0.80      4.40      0.00      3.60      0.00
03      0.00    -99.00      0.00      0.00     17.60     15.20      0.00      0.40      0.00      0.00      0.80      0.00
04     17.80    -99.00      0.00      0.00      0.80      0.00      0.00      0.00     63.40      0.00      1.20      0.00
05      1.60    -99.00      0.00      5.40      0.00      0.00     10.80      0.00     21.80      1.20      0.00      0.00
06      0.00    -99.00      0.00      0.60      0.00      0.00     34.20      0.00     14.20     91.20     28.00      0.00
07      9.80    -99.00      0.00      5.20      0.00      4.40      0.00      0.40      0.00     45.60     28.40      0.20
08     23.80      0.00      0.00      0.00      0.00      0.60      3.60      0.00      0.00     23.20      0.20      0.20
09      1.80      0.00      0.00      0.00      0.00      0.00      0.80      0.00      0.00     19.80      0.00      1.00
10      0.40      0.00      0.20      0.00      0.00      0.00      0.00      0.00      1.20      5.00      0.00      0.00
11      3.40      0.00      0.00      0.00      0.00      0.00      0.00      0.00      2.40      7.60      4.00      0.00
12      7.80      1.00      0.00      0.00      0.00      0.00      0.00      0.00      8.00      0.20     11.80      3.80
13      0.60      0.00      0.00      0.00      0.00      0.00      0.00      0.00      9.80      0.00      4.60      4.80
14      0.00      0.00      0.00      0.00      0.00      0.00      0.00      8.60      4.00      0.00      2.60     14.40
15      0.80      0.00      0.00      0.00      0.00      0.40      0.00      4.60     34.00      0.00     10.00      0.20
16      2.60      4.00      0.00      0.00     23.60      8.60     21.80      0.00      0.00      0.00      3.60      0.00
17      0.60     10.80      0.00      0.00      1.00     18.60     14.80      0.80      0.00      0.00      1.80      0.00
18      0.20     10.00      0.00     59.00      0.00      0.20      0.20      0.00      0.20      0.00      2.40      4.80
19      0.00      1.40      1.40      0.20      0.00      0.00      4.40     15.80      0.00      0.00      0.40     55.20
20      0.00      0.00      0.60      0.00      0.00      0.00      0.00      0.20      0.00      0.00      0.40      0.20
21      0.00      0.00      0.00      0.00      0.40      0.00     24.00      0.00      0.00      0.00      0.00      0.00
22      0.40      0.00      0.00      0.00      0.00      0.00      0.00      0.00      0.00      0.00      0.00      0.00
23     10.20      0.00      0.00      0.00      0.00      0.00      1.40      3.60      0.00      0.00      0.00     23.80
24      0.60      0.00      0.00      0.00     11.00      0.00      0.00     25.40      0.00      0.00      0.00      0.60
25      0.00      0.00      0.00      0.00      2.80      0.00      0.00      0.00     22.00      0.00      0.00      3.40
26      0.20      0.00      0.00      0.00      7.40      0.00      0.00      5.00     57.80      0.00      0.60      7.00
27      0.00      0.00      0.40      2.00      6.60      0.00      0.00     38.80    132.80      0.00      1.00     18.60
28      0.00      0.00      0.00      0.00     26.80      0.00      0.00     28.20     35.40      0.00      0.00      4.40
29      2.00      0.00      0.00    -99.00      1.20      4.20      1.40      0.00     14.20      0.00      0.00     38.00
30      6.20    -99.00      0.00    -99.00      0.00      0.00      0.00      0.00      0.60      0.00      0.00      0.60
31      3.40    -99.00      0.20    -99.00      0.00    -99.00      0.00     12.20    -99.00      0.00    -99.00      0.00
2013
01      0.00      0.20      0.00    -99.00    -99.00    -99.00    -99.00    -99.00      0.00      1.20      0.00      4.60
02      0.00      0.00      0.00    -99.00    -99.00    -99.00    -99.00      5.40      0.20     23.20      0.00      0.00
03      2.40      0.00      9.40    -99.00    -99.00    -99.00      0.20      0.00      0.00     36.40      0.00      0.00
04      0.40      0.00      6.80    -99.00    -99.00    -99.00    -99.00      0.00      3.60     55.40      0.20      3.40
05      0.60      0.00      0.40    -99.00    -99.00    -99.00    -99.00      0.00      0.20      0.00     33.20      0.40
06      8.60      0.00      0.00    -99.00    -99.00    -99.00    -99.00      0.80      0.60      0.00     19.40      0.20
07      2.60      0.00      0.00    -99.00    -99.00    -99.00    -99.00      0.20      2.20      0.00      6.20      0.20
08      0.60      0.00      0.20    -99.00    -99.00    -99.00    -99.00      0.00      0.00      0.00      7.00      0.00
09      1.40      0.00      0.00    -99.00    -99.00    -99.00    -99.00      0.00      7.20      0.00     15.60      0.00
10      0.00     13.60      0.00      0.80    -99.00    -99.00    -99.00      0.00     16.00      0.00     41.20      0.00
11      1.60      0.60      0.00      6.40    -99.00    -99.00    -99.00      0.00      2.80      1.00      0.20      0.00
12      0.00      0.00      0.00      5.60    -99.00    -99.00    -99.00      9.40     10.20      2.60      0.00      1.20
13      0.00      1.60      0.00      0.20    -99.00    -99.00    -99.00      0.00     26.60      0.00      0.40      1.20
14      0.00      0.80      0.00      0.00    -99.00    -99.00    -99.00      0.00     19.60     77.00     18.80    -99.00
15      0.00      0.00      0.20      0.00    -99.00    -99.00    -99.00      0.00      7.20     84.80    211.60    -99.00
16      0.00      5.00      0.00      3.40    -99.00    -99.00    -99.00      0.00      0.00      6.60    131.40    -99.00
17      0.00      0.00      0.00      3.00    -99.00    -99.00    -99.00      0.00     39.20      9.20      7.00    -99.00
18      0.20      0.00      0.00      0.40    -99.00    -99.00    -99.00      0.00    294.00     41.80      3.80    -99.00
19      3.40      0.00      0.00      0.00    -99.00    -99.00    -99.00      0.00      8.40     11.20      3.80    -99.00
20      0.20      0.60      0.00      0.00    -99.00    -99.00    -99.00      0.00     72.20      7.40     10.00    -99.00
21      0.00      3.60      0.00      0.00    -99.00    -99.00    -99.00      0.00      4.60      1.20     28.20    -99.00
22      0.00      0.00      0.00      0.00    -99.00    -99.00    -99.00      1.00     15.60     12.20      9.40    -99.00
23      0.00      5.40      0.00      0.00    -99.00    -99.00    -99.00      0.00      0.00      0.20     13.00    -99.00
24      0.20     15.60      0.00      0.00    -99.00    -99.00    -99.00      0.00      0.80      0.00      0.20    -99.00
25      5.20      0.00      0.00    -99.00    -99.00    -99.00    -99.00      0.00     51.60      0.40      7.00    -99.00
26      0.00      0.00      0.00    -99.00    -99.00    -99.00    -99.00     38.80      1.00      1.80      0.40    -99.00
27      0.00      0.00      0.00    -99.00    -99.00    -99.00    -99.00      0.00      9.60      3.00      0.40    -99.00
28      0.00      0.00      0.00    -99.00    -99.00    -99.00    -99.00      1.80      4.00      0.00     40.00    -99.00
29      0.20    -99.00      0.00    -99.00    -99.00    -99.00    -99.00      9.40      0.60      5.60     15.80    -99.00
30      0.00    -99.00      0.00    -99.00    -99.00    -99.00    -99.00      0.00     21.20     12.40      0.00    -99.00
31      9.20    -99.00      0.00    -99.00    -99.00    -99.00    -99.00    -99.00    -99.00      0.00    -99.00    -99.00
2014
01      0.00      0.00      0.00      0.00      0.20      0.00      0.00      0.00     24.00      0.00      1.40     98.20
02      0.20      0.20      0.00      0.00      0.40      0.00      0.00      0.00      0.00      0.00      0.20     77.20
03      0.00      0.20      0.20      2.80      1.20      0.20      0.00      0.00      0.00      0.00     13.00      2.60
04      0.00      0.00      0.00      4.40      4.60      0.00      0.00      0.00      0.00      0.00     23.00      0.40
05      0.00      0.00      0.00      0.00      1.20      0.00      0.00      0.00    -99.00     76.80      6.20      5.80
06      0.00      0.00      0.00      0.00      0.00      0.00      0.00      0.00    -99.00     26.00      0.20      6.40
07      0.00      0.00      0.00      2.40      0.00      0.00      0.00      0.00    -99.00     45.40      0.00      1.20
08      0.20      0.20      0.00      1.60      0.00     12.60      0.00      0.00    -99.00      1.00      0.00     33.60
09      0.00      0.00      0.40      0.00      0.00      0.00      0.00      0.00    -99.00      0.00      0.40     13.80
10      5.80      0.00      0.00      0.00      0.00      0.00      0.00      0.00    -99.00      0.20      0.00      8.20
11      1.80      0.00      0.00      0.00      0.00      0.00      0.00      0.00    -99.00      0.00      0.20      7.00
12      5.40      0.00      0.00      0.00     34.00      0.00      0.00      0.00    -99.00     27.60     16.60     22.40
13     13.00      0.00      0.00      0.00     27.60      0.00      0.00      0.80    -99.00     22.40     40.60      5.60
14      0.20      0.00      0.40      0.00      0.00      0.00      0.00    -99.00    -99.00      6.00      3.80      0.20
15      0.00      0.00      0.00      0.00      0.00      0.00      0.00    -99.00    -99.00      6.20      8.20      0.20
16      0.00      0.00      0.00      0.00      0.00      0.00      0.00    -99.00    -99.00      2.80      7.20     16.20
17      1.20      0.00      0.00      0.00      0.00      0.00      0.00      0.00    -99.00     17.20      1.80     10.80
18      1.80      0.00      0.00      0.00      0.00      0.00      0.00      0.00    -99.00    221.20      0.00      0.20
19      1.20      0.00      0.00      0.00      0.00      0.00      0.00      0.00    -99.00      0.20      1.80      0.00
20      1.00      0.00      0.00      0.00      0.00      0.00    -99.00      8.80    -99.00      6.00     38.40      0.00
21      0.00      0.00      0.00      0.00      8.00      0.00      0.00      5.40    -99.00      0.60      2.80      7.80
22      0.20      0.00      0.00      0.00      0.00      0.00      0.00      0.00    -99.00    108.20      2.60      9.20
23      0.00      0.60      0.00      0.00     26.60      0.00      0.00      0.00    -99.00     40.40      0.40      0.00
24      0.00      0.00      0.00      0.00      0.00      0.00      0.00      0.00    -99.00      9.80      1.20      0.20
25      0.00      0.00      0.00      0.00      0.00      0.00      0.00      0.00    -99.00     80.00      0.20     13.60
26      0.00      0.00      0.00      0.00      0.00      0.00      0.00      1.00    -99.00     14.80      0.00      4.80
27      0.00      0.00      0.00      0.00      0.00      0.00      0.00      0.00    -99.00      3.60      0.00      5.40
28      0.00      0.00      0.00      0.00      0.00      0.00      0.00      1.00    -99.00     56.60      0.00      7.20
29      1.40    -99.00      0.00      0.20      0.00      0.00      0.00      2.00    -99.00      0.20      0.00      0.40
30      0.20    -99.00      0.00      8.20      0.00      0.00      0.00      1.00    -99.00     21.80    125.20      0.00
31      0.20    -99.00      0.00    -99.00      0.00    -99.00      0.00      5.60    -99.00     44.60    -99.00      0.20
2015
01      0.60    -99.00      0.00      0.00      0.20      0.00      0.00      0.00      0.00      6.60     68.00      3.40
02      4.20    -99.00      0.00      0.00     15.40      0.00      0.00    -99.00      0.80      1.20      3.20      0.00
03      2.00    -99.00      0.00      0.00      0.00      0.00      0.00    -99.00     17.60      7.20      0.60      0.00
04      0.00    -99.00      0.00      0.00      0.00      0.00      5.00    -99.00      7.60      0.00    192.40      6.60
05      0.00      0.00      0.00      0.00      0.00      0.00     62.40    -99.00      0.00     42.60     85.60      0.00
06      0.40    -99.00      0.00      0.00      1.40      0.00     11.80    -99.00      0.00     42.20     14.60      0.40
07      2.00    -99.00      0.00      0.00      0.00      1.60      5.20    -99.00      0.00      0.00     14.40      1.00
08      9.00    -99.00      0.00      0.00      0.00      8.80    -99.00    -99.00      0.00      0.00      4.40      1.80
09      3.60    -99.00      0.00      0.00      1.60      0.00    -99.00    -99.00      0.00      0.00      0.20      0.00
10      0.80    -99.00      0.00      0.00      0.20      0.00    -99.00    -99.00      0.60     14.00      1.40      0.00
11      1.20    -99.00      0.00      0.00      0.00      0.00    -99.00    -99.00      0.40      2.20      4.60      0.00
12      0.00    -99.00    -99.00     13.60      0.00      0.00    -99.00    -99.00      1.00     44.60      9.40      0.00
13      0.00    -99.00      0.00      0.00      0.00      0.00    -99.00    -99.00     16.00      1.40      0.00      0.00
14      0.00      0.60      0.00      0.00      0.00      0.00      1.40    -99.00    178.80     93.00      0.00      0.00
15      0.00    -99.00      0.00      0.00      0.00      0.00    -99.00    -99.00     15.60    166.80      0.00     20.40
16      0.00    -99.00      0.00      0.00      0.00      0.00    -99.00    -99.00      5.60      0.00      0.00     41.20
17      3.00    -99.00    -99.00      0.00      0.00      0.00    -99.00    -99.00      0.00      0.00      0.00     13.40
18      4.60      0.00      0.00      0.00      0.00      0.00    -99.00      0.00      0.00      0.00      0.00      0.20
19      0.20      0.00      0.00      0.00      0.00      0.00    -99.00      0.00      0.00      0.00      0.00      0.80
20    -99.00      0.00      0.00      0.00      0.00      0.00    -99.00      0.00      0.00      0.00      2.60      1.80
21    -99.00      0.00    -99.00      0.20      0.00     16.80    -99.00      1.00      0.60      0.00      8.40      3.40
22    -99.00      0.00      0.00     15.60      0.00      2.40    -99.00      3.00      0.00      0.00     19.40      2.80
23    -99.00      0.60      0.00      2.00      0.00      4.60    -99.00     27.40      0.00      0.00      9.60      0.00
24    -99.00      0.00     33.40      8.80      0.00      0.80    -99.00      0.00      0.00      0.00      2.40      0.00
25    -99.00      0.00     18.00     20.80      0.00      0.00    -99.00     11.40      0.00      0.00      9.00      0.00
26    -99.00      0.00     40.40      0.20      0.00      0.00    -99.00      0.40      0.00      0.00     19.40      0.00
27    -99.00      0.00    102.40      0.00      0.00      0.00    -99.00      0.00      0.00      0.00     13.40      0.00
28    -99.00      0.00      0.40      0.00      0.00      0.00    -99.00      0.00      0.00      0.00     34.80      0.00
29    -99.00    -99.00      0.00      0.00      0.00      0.00    -99.00     40.60      0.00      0.00      2.80      5.20
30    -99.00    -99.00      0.00      0.00      0.00      0.00    -99.00      0.00      0.00      0.40      2.80      1.00
31    -99.00    -99.00      0.00    -99.00      0.00    -99.00    -99.00      0.00    -99.00     50.80    -99.00     15.40
2016
01      1.20      0.00      0.00      0.00      0.20      0.00      0.00      0.00      0.00      7.80     53.40     24.80
02      1.40      0.00      2.60      0.00      5.40      0.00      0.00      0.00    -99.00      3.00     22.00     35.20
03      0.40      0.00      0.20      0.00      1.40      7.80      0.00      0.00      4.20      0.80      4.00     35.40
04      0.80      3.40      0.00      0.00      1.40      3.20      7.00      0.00    -99.00      0.00      2.60     11.00
05      0.00      0.00      0.00      0.00      0.00      0.00      2.20      0.00    -99.00     48.80      2.00      9.20
06      0.00      0.00      0.00      0.00      2.60     15.40     10.60      0.00    -99.00      0.80      0.80      0.80
07      0.40      1.00      0.00      0.00      0.00     13.80    -99.00      0.00     18.80     12.80     39.00      9.60
08      1.20      0.00      0.00      0.00      0.00      0.00      0.40     10.20    -99.00      0.00     33.20      1.80
09     12.00      0.00      0.00      0.00      0.00      0.00      0.00      0.00    -99.00      0.00      5.80      0.00
10      0.00      0.00      0.00      0.00      0.00      0.00    -99.00      0.00      3.00      0.00      0.20      0.20
11      0.00      0.00      0.00      0.00      0.00     15.00      0.00      0.00     21.80    110.00     10.20     32.20
12      0.00      0.00      0.00      0.00      0.00      0.00      0.00      0.00    -99.00      0.80      1.20     21.80
13      2.20      0.20      0.00      0.00      0.00      0.00      0.00      2.80    224.40      4.40      0.00    171.40
14      0.00      0.00      0.00      0.00      0.00      0.00    -99.00     17.80    -99.00     23.60      0.00     64.00
15      0.40      0.00      0.00      0.00      0.00      0.00      0.00      0.00      0.40     44.20      0.20     89.00
16     11.00      0.00      0.00      0.00      0.00      0.00      0.00      0.00      0.00     25.00      0.00     44.80
17      1.00      0.00      0.00      0.00      0.00     15.60    -99.00      0.00      0.20      0.20     70.00      1.40
18      0.20      0.00      0.00      0.00      0.00      0.00      0.00      0.00      0.00      4.00     30.60     10.20
19      0.00      0.00      0.00      0.00      0.60      0.00      0.00      0.00      9.60      0.00     11.80     10.40
20      0.00      1.00      0.00      0.00      0.00      0.00    -99.00      0.00     16.60      5.60     17.40      5.60
21      0.00      0.00      0.00      0.00      0.00      0.00      0.00      9.00    101.80     12.20      0.00      0.60
22      0.00      0.00      0.00      0.00      7.60      0.00      0.00      0.00      2.40      0.00      0.60     16.80
23      0.00      0.20      0.00      0.00      6.40      0.00    -99.00      0.00     18.00      0.00      0.20      5.00
24      0.00      0.00      1.00      0.00      6.80      0.00      0.00      0.80      3.40      0.00      1.20     21.40
25      0.00      0.00      0.00      0.00     17.80     29.80      0.00      9.00      7.20      0.00      4.60      0.20
26      0.00      0.00      0.00      0.00      0.00      7.40    -99.00     24.40      0.00      4.40      1.00      0.00
27      0.00      0.00      0.80      4.00      0.00      7.20      9.40     14.40      0.00     24.20      0.00     20.00
28      1.40      0.00      0.40      0.00      2.00      0.20      0.00     15.60      0.00      0.20      2.40      2.20
29      0.00      0.20      0.20      0.00      0.00      0.20      0.00      2.00      0.00      0.60      6.60      1.00
30      0.20    -99.00      0.00      0.00      2.20      0.00    -99.00      0.40      1.00     34.60     22.00      2.40
31      0.00    -99.00      0.00    -99.00      1.00    -99.00      0.00     57.60    -99.00    115.00    -99.00     86.40
2017
01      7.20     19.40      0.00      0.00      0.00      0.00     13.20      0.20      0.00      0.40     59.80      0.60
02      8.20      3.60      0.20      3.60      0.00      0.00      0.00      0.00      0.00     36.20      0.20     16.00
03     36.00     10.20      0.00      7.20      0.00      0.00      0.00      0.00      0.00      3.40     13.60      2.80
04     14.60      1.60      0.00      0.60      0.00      0.00      2.60      0.00      0.00      1.00    130.40      4.20
05      2.20      0.00      0.20      0.00      0.00      0.00     41.00      1.60      0.40      0.00    111.40      1.00
06      3.60      0.00      0.00      0.00      0.00      0.00      0.80     19.80      2.20      0.40     42.60      0.00
07      0.20      0.20      0.00      0.20      0.00      9.20      0.00      0.00      0.00     12.60     16.80      0.00
08      2.80      0.00      0.20      0.00      0.40     54.00      0.00      0.40      0.00     15.80    101.40      3.80
09      5.40     15.40      7.00      0.00      0.60     19.40      4.40      2.80      0.00     58.00     27.40      2.20
10      7.60      0.00      0.00      0.00      0.00      4.80      3.00      0.00      0.00      0.00      3.60      0.00
11      4.20     14.40      0.00      0.00      1.20      0.00      4.40      6.80      0.00     30.80      1.20      0.00
12      0.00      0.00      0.00      0.40      0.00      0.00      0.40      0.00      0.00      5.00      0.00      0.00
13      0.00      8.20      0.00     12.80      2.80      0.00     50.40      0.00      2.20      0.40      0.00      0.00
14      0.00      3.80      0.00      0.00      0.20     14.00     88.00      0.00    101.00      2.80      0.00      1.60
15      3.20      2.00      0.00      0.00      1.40      0.00     26.60      0.00     14.20      0.00     24.60      3.80
16      6.00      0.20      0.00      0.00     18.80      0.00     28.80      0.00      0.00      0.00      4.20      6.20
17      1.60      0.00      0.00      0.00      3.60      0.00      0.00      0.00      2.20      0.00      0.00      6.20
18      0.00      0.00      0.00      0.00      0.20      0.00     12.60     20.40      0.00      6.80      0.00      2.00
19      0.00      0.20      0.00      0.00      6.80      0.00      9.00      1.60      0.00     60.40     31.00      3.80
20      1.80      0.00      0.00      0.00      2.20      0.00      0.00      0.00      0.00      0.00     73.20      0.00
21      0.60      0.00      0.00      0.00      0.00      8.60      0.00      0.00      0.00      0.00    122.60      0.00
22      1.80      0.00      0.00      0.00      0.00      0.00     19.80      0.00      0.00      0.00     15.20      0.00
23     15.40      0.00      0.00      0.00      0.00      0.00      0.00      0.00      3.20      0.00     10.00      2.80
24      7.00      8.40      0.00      0.00      3.60      0.00      0.40      0.00      0.00     11.20      7.00      0.60
25     38.20      0.00      1.40      5.80      1.40      0.00     29.80      0.00      0.00     16.20      1.40      0.40
26      1.60      0.00      0.20      0.00     13.80      0.00      1.00     49.20      0.00      1.40      2.00     26.40
27      0.80      0.00      2.60      0.00      0.60      0.00     26.80     28.00      0.00      0.80      0.60     27.40
28      0.00      0.00      0.00     11.00      1.60      0.00      2.60      0.80      0.20      0.00     12.40      2.60
29      0.00    -99.00      7.00     12.40     26.80      0.00      0.00      0.00      0.20      1.20      2.60      2.40
30      0.00    -99.00      0.00      0.00      2.60      1.00      0.00      0.20      0.00     12.00      0.20      0.20
31      0.00    -99.00      5.60    -99.00      0.00    -99.00      0.00      0.00    -99.00     59.00    -99.00      3.40
2018
01      1.20      0.00      0.00      0.00      0.00      0.00      0.00      0.00      0.20      0.40      0.00     10.60
02      9.60      0.00      0.00      0.00      0.00      0.00      0.00      0.00      0.00     12.40      0.00      0.00
03     25.80      0.00      1.20      0.00      0.00     53.40      0.00      0.00      0.00     64.60      0.00      0.00
04      2.60      0.00      0.20      0.00      0.00     13.20      0.00      5.40      0.00     65.00      0.00      8.00
05     10.60      0.00      0.00      0.00      0.00      0.00      0.00     40.40      0.00      0.00      0.00      0.00
06      0.00      0.00      0.00      0.40     11.60      1.20      5.80      0.00      0.00      0.00     10.00      0.00
07      0.00      0.00      0.00     35.40      0.00      0.60      1.60      0.00      0.00      0.00     30.80      6.80
08      0.00      0.00      6.00      7.00      0.00      0.00     43.60      0.00      0.00      0.00      2.40     28.00
09      0.40      0.00      0.00      0.00      1.20      0.00     35.00      5.60      0.00      0.00    107.20    233.20
10      0.00      0.00      0.00      0.00     44.60      0.00     21.40      0.00     10.00      2.00      7.80    180.20
11      0.00      1.40      0.00      0.00      0.20      1.40      0.40      0.00     81.40     31.20      0.20    121.60
12      1.60      0.00      0.00      0.00      0.00      1.60     23.00      0.00      0.20     36.00      0.00     31.60
13      5.40      0.00      0.00      0.00      0.00      0.00      0.00      0.00     10.20     19.00      0.00      1.00
14      3.80      0.00      2.60      0.00      0.00      0.00      0.00      2.60      0.60      0.80      0.00      5.80
15      0.00      0.00     18.20      0.00      0.00      0.00      0.00      0.00     28.80      0.00      0.00     32.80
16      0.00      0.00      0.00      0.00      0.00      0.00      0.00      0.00      0.00      0.00      0.00      8.00
17      0.00      0.00      0.00      0.00      0.00     32.80      0.00      0.00      4.20      0.00      0.00      8.80
18      0.00      0.00      0.00      0.00      0.00      0.20      0.00      0.00      0.00      0.00      0.00      0.20
19      0.00      0.00      1.80      0.00      0.00      0.00      0.00      9.80      0.40      4.60      0.00      0.20
20      1.40      0.00      0.00      0.00      0.00      0.00      0.00      0.00      3.60     33.80      0.00      0.00
21      0.20      0.00      0.00      0.00      0.00      0.00      0.00      2.40      5.20      0.00      0.00      0.00
22      1.20      5.20      0.00      0.00      0.00      8.00      0.00      0.00      0.00      5.80     26.80      0.00
23      0.00      5.40      0.00      0.00      0.00      0.00      0.00      0.00      0.20      2.20      1.40      0.00
24      8.80      0.00      0.00      0.00      0.00      8.80      0.00      0.00      0.00      2.80      5.00      8.60
25      7.20      0.00      0.00      1.60      0.60     10.80      0.00      0.00      0.00      3.20     17.80      0.80
26      1.80      0.00      0.00     13.20      0.20      4.60     24.40      4.20      0.00      0.00     12.00      2.80
27      7.20      0.20      0.00      0.20      0.00      0.00      0.00     11.40      0.00      0.40      0.20      5.20
28      4.00      0.00      0.00      0.00      0.00      0.00      1.00      0.60      0.00     33.20     20.80      1.20
29      2.60    -99.00      0.00      0.00      0.00      1.00      0.00      0.00      0.00      0.00     63.00     37.20
30      0.00    -99.00      0.20      0.00      0.00      0.00      0.00      0.00      0.40      0.00     10.00      2.40
31      0.00    -99.00      0.20    -99.00      0.00    -99.00      0.00      0.00    -99.00      0.00    -99.00      5.40
