HoaPhu              
   108.07500       15.985000              14
2011
01      0.20      0.00      0.00      0.00      0.00      0.00      1.60      1.80      0.00     79.80      3.60     20.00
02      0.00      0.00      0.00      0.00      0.00      0.00      0.00      2.80      0.00      8.20     26.20      1.60
03      0.00      0.00      1.60      0.00      0.00     30.20      0.00     16.00      0.00     50.80      0.40      0.20
04      6.60      0.00     16.00      0.00      0.00      2.60      0.00      0.00     16.60     32.40     17.00      0.60
05      2.60      0.00      0.00      0.00      2.20      0.00      0.00      0.00      4.40      0.20     60.40      0.20
06     10.00      0.00      0.20      0.00      0.00      0.00      0.00      0.00      0.00      1.20     70.00     10.20
07      8.60      0.20      7.00      0.00      0.80      0.00      0.00      0.80      0.00     10.60     51.60      2.00
08      0.40      0.00      1.40      0.20      0.00      0.00      0.00      0.00      2.40      7.80    123.80     29.20
09     33.00      0.20      1.20      0.00      0.00      0.00     21.00      0.00      1.40    180.20      7.00     23.40
10      0.80      0.20      1.80      0.00      0.00      0.00      0.00      0.00     72.80     38.80      1.60     33.80
11      0.00      1.40      0.40      0.80      0.00      0.00      0.00      0.00      6.80      8.00      0.00      1.20
12      0.60      0.40      0.40      0.00     29.80     19.20     16.40      0.00     76.60    115.00      0.20      0.00
13      0.00      1.60      0.00      0.00      4.40      6.40      0.00      0.40      3.20      6.40      0.00      0.00
14      0.00      2.40      0.00      0.00      2.00      0.20      4.80      0.00      0.00     29.00      6.40      0.00
15     13.20      0.00      3.40      0.00      0.80      0.00      7.60      0.00      0.00     67.40      0.20      9.60
16      0.00      0.00      7.20      0.00     45.00      0.00      2.60      0.80      0.00    210.80      0.00     27.40
17      0.20      0.80      5.80      0.00     29.00      0.00      0.40      7.00      0.40    102.40      0.20      7.20
18      1.20      0.60      0.00     39.60      1.00      0.00      0.00      1.00      0.00      3.40      0.20      9.20
19      0.20      1.40      0.00      1.20      1.40      0.00      0.20      7.40     32.20     10.80      0.20      7.20
20      0.60      0.60      0.00      0.60      5.20      0.00      0.40      0.40     11.20      0.40      0.00      0.00
21      6.60      0.20      0.20      0.20      0.00      0.00      0.00      7.80     37.20      6.40     12.80      0.00
22      0.00      1.20      7.40      0.00      0.00      0.00      0.00      0.40     96.80      0.20      6.00     18.20
23      1.80      1.00      5.20      1.80     75.20      1.20      0.00      0.00     36.60      0.00     12.20     22.20
24      1.80      0.00      3.20      3.40      0.00      0.40      0.00     11.60      1.80      2.40     20.80      2.40
25      0.00      0.00      5.20      2.60      0.00      0.40      0.00      1.20     20.20      3.00      1.20      2.00
26      0.60      0.00      1.40      0.00      0.00      0.00      0.00      0.00     36.40      5.20      8.80      1.00
27      0.40      0.00      3.60      2.80      0.00      2.80      0.00      0.00    109.20      2.80     87.20      0.20
28      2.00      0.20      0.20      0.40      0.00      0.20      0.00      0.00      0.00      9.00      0.20      4.00
29     11.40    -99.00      2.20      0.00      0.00      4.00      0.00     41.20      1.60      1.00      0.20      1.00
30      0.20    -99.00      8.00      0.20      0.00      0.00      5.40      0.20     16.80      2.60      1.80     12.60
31      0.80    -99.00      7.40    -99.00      0.00    -99.00      3.40      0.00    -99.00      2.60    -99.00      2.20
2012
01      2.80      0.00      0.60      0.60      0.00    -99.00    -99.00    -99.00      0.40      0.20      4.80      0.00
02      1.20      1.20      0.40      0.00      0.00    -99.00    -99.00    -99.00      2.80      0.00      0.00      0.00
03      0.00      1.60      0.40      0.20      0.00    -99.00    -99.00    -99.00      7.40      0.00      1.80     13.20
04     11.20      0.00      0.00      0.00      0.00    -99.00    -99.00    -99.00     80.20      0.00      0.00     16.60
05      0.80      0.00      0.00     17.80      0.00    -99.00    -99.00    -99.00    137.00      0.00     16.80     14.40
06      0.00      0.00      0.00      0.00      0.00    -99.00    -99.00    -99.00     11.40     38.80      0.80      0.20
07      1.60      1.20      0.00     74.40      0.00    -99.00    -99.00      3.20      3.00    158.20      1.00      0.00
08      9.40      0.20     10.00      0.00      0.00    -99.00    -99.00      0.00      0.20    109.80      0.20      0.00
09     11.40      0.20      1.40      0.00      3.00    -99.00    -99.00      1.00      0.00      0.00      0.00      0.00
10      0.40      0.80      2.20      2.20      0.00    -99.00    -99.00      1.00      1.60      1.60      0.00      0.00
11      1.80      0.00      3.60      0.20      4.60    -99.00    -99.00      0.00      7.80      2.40      5.40      0.00
12      0.40      0.00      1.40      0.00     30.60    -99.00    -99.00      0.00      0.80      0.20     59.60      8.20
13      0.20      0.20      0.80      1.00      0.00    -99.00    -99.00      0.00      2.40      0.00      8.20      5.80
14      0.20      0.00      0.00      0.00      0.00    -99.00    -99.00      0.00    207.00      0.00     13.00      1.00
15      0.00      0.00      0.00      0.00      4.60    -99.00    -99.00     17.00    177.40      0.20      5.60      0.40
16      0.60      1.00      0.00      0.00      0.00    -99.00    -99.00      0.00     13.80      0.00      8.80      0.00
17      0.60      4.20      0.60      0.00      0.00    -99.00    -99.00      0.00      0.40      0.20     99.20      0.00
18      1.60      9.80      0.00      0.00      0.20    -99.00    -99.00      0.00      2.40      0.20      0.20     57.00
19      0.40      7.20      0.00      0.00      0.00    -99.00    -99.00      0.00      0.00      7.60      3.00     27.20
20      0.20      0.20      0.00      0.00      0.00    -99.00    -99.00      0.00      0.00      0.80      0.00      0.00
21      0.40      0.20      0.20     45.80      0.00    -99.00    -99.00      0.00      0.00      0.00      0.20      0.00
22     23.00      0.00      0.00      0.00      3.60    -99.00    -99.00     53.20      0.00      0.00     10.60      9.20
23      2.60      0.00      3.60      0.00      0.00    -99.00    -99.00      3.00      0.00      4.80      0.00     87.20
24      0.60      0.00      0.60      0.00      0.00    -99.00    -99.00     52.20      0.00      0.00      0.00      2.60
25      2.20      0.00      0.00      0.00      0.00    -99.00    -99.00     19.00      0.40      0.00      0.00      1.00
26      0.40      2.80      0.00      0.00     26.60    -99.00    -99.00      0.00     39.80      6.40      2.20     13.60
27      0.40      0.80      0.00      0.00      2.20    -99.00    -99.00      0.00     45.60     38.60      1.40      5.00
28      0.00      2.60      0.00      0.00     24.40    -99.00    -99.00      1.20     36.20     21.60      0.00      3.60
29      4.00      0.20      0.00      0.00      4.60    -99.00    -99.00      0.00     44.40      0.20      0.00      5.40
30      5.00    -99.00      0.00      0.00     90.60    -99.00    -99.00      0.00     43.40      3.00      0.00     11.00
31      2.00    -99.00      9.80    -99.00     44.00    -99.00    -99.00      0.00    -99.00      9.40    -99.00      0.80
2013
01      0.00      0.00      0.00      0.00     18.80      0.00     15.60      0.00      0.00      0.20      0.20      1.60
02      0.00      0.00      1.00      0.00      5.40      0.00      0.00      6.80     27.20     58.60      0.20      0.00
03      0.00      0.00     16.60      0.00      3.60     31.20      0.00      5.00      0.20      4.00      0.00      0.00
04      1.40      0.00      1.60      0.00      0.00      0.40      6.00      0.00      0.00     14.00      0.40      1.40
05      2.40      1.00      0.00      0.00      0.00     32.60      0.00      0.00     48.60      0.20    109.80      0.60
06      6.40      0.00      0.20      0.80      0.00      0.20      0.00      0.00     33.20     10.40     22.00      5.60
07      0.00      0.00      1.20      0.00      0.80      0.00     72.20     27.80     27.40      0.60      3.60      0.20
08      1.40      0.20      0.00      0.00      0.00      0.00      5.80      0.00      1.60      0.00      0.20      0.00
09      0.60      4.20      0.00      1.20      2.20      0.00      0.20     15.00     12.80      0.00      4.40      0.00
10      0.00      0.40      0.00      0.60      0.00     54.80      0.00      0.00     26.00      0.00     36.20      0.00
11      0.00      0.00      0.00      7.40      8.20     38.20      0.00      0.00      1.20     32.00      0.00      0.00
12      0.20      0.00      5.20      8.40      0.20      0.00      0.00      2.00     23.80     10.60      0.60      0.40
13      0.00      0.00      1.40      0.80      0.00      0.00     23.20      0.00     50.20      0.00     30.20      1.40
14      0.00      0.00      0.80      0.00      0.00      0.00      0.00      0.00      0.00     34.20     12.60      0.40
15      0.00      7.60      0.00      0.00      0.00      0.00      0.00      0.00      0.00    126.80     95.00      0.00
16      0.00      1.00      0.00     23.60      0.00      0.00      0.00      0.00      0.40     42.20      0.00     10.60
17      0.40      0.20      0.00     20.20      0.00     24.00      0.00      0.00     16.40     31.60      5.80      6.00
18      2.80      0.20      0.00      3.20      0.00      0.00      0.00      0.00    127.20     31.40      0.00      0.80
19      1.80      0.00      0.20      0.00      0.00      0.00      4.20      0.40     42.80     22.20      0.00      0.00
20      0.00      0.00     12.80      0.00      0.00      0.00     38.20      1.00     32.20     19.80      0.00      0.00
21      0.40      1.40      0.20      0.20      0.00      0.00      7.00      3.20      2.00     13.40      0.00      0.00
22      0.20      2.60      5.00      0.00      1.40     13.60      4.00      1.00      0.00     16.80      0.00      0.00
23      0.20     20.00      0.00      5.00      0.20      7.80     10.20      0.00      0.00      3.40      0.00      0.00
24      0.00      2.20      0.20      0.00      0.00      0.00      9.00      0.00      0.00      0.40      0.00      0.00
25      2.20      0.60      1.60     13.40      0.00      2.20      1.60      0.00      2.00      1.00      0.00      0.00
26      0.00      0.00      0.00      0.60      0.00      0.20      0.20      0.80     61.00      0.00      0.00      0.00
27      8.80      0.60      0.00      0.00      0.00      0.00      0.20      0.00     20.80      0.00      0.00      0.20
28      0.00      0.40      2.20      0.00      0.00      0.00      8.20      0.00      7.80      0.00      0.00      0.60
29      0.00    -99.00      1.00      1.20      4.40      0.00      0.60      0.00      7.80      3.20      0.40      0.00
30      0.20    -99.00      0.20      0.00      0.00      0.00      0.20      0.00     71.40      6.60      0.60      0.00
31      3.00    -99.00      2.60    -99.00      0.00    -99.00      0.00      0.00    -99.00      0.00    -99.00      0.00
2014
01      0.00      0.00      0.00      0.00      1.00      1.20      0.00      0.20     11.20      0.20      2.40     43.80
02      0.00      0.00      0.00      9.60      0.00      0.00      0.00      0.00      3.60      0.00      0.00     32.80
03      0.00      0.00      0.00      0.00      0.00      0.00      0.00      0.00     23.80      0.60     91.60      6.00
04      0.40      0.00      0.00      1.40      4.40      0.00      0.00      0.00      0.20      0.00     67.60      4.20
05      0.00      0.00      0.00      0.00      0.20      0.00      0.00      0.00      0.00     43.20      1.80      1.00
06      0.00      0.00      0.00      0.00      0.00      0.00      0.00      0.00      0.00    120.00      3.40      0.00
07      0.20      0.00      0.00      0.00      0.60      0.20      0.00      0.00      0.00      6.60      0.00     21.00
08      0.00      0.00      0.00      6.00     79.60      8.20      0.00      0.00      0.00      6.80      0.20      0.20
09     11.80      0.00      0.00      0.00      0.20      0.00      0.00      0.00      0.60      0.20      1.60      0.00
10      3.00      0.00      0.00      0.00      0.60      0.00      0.00      0.00      0.40      0.00      0.00      5.20
11      1.60      0.00      0.00      0.00      0.00     18.00      0.00      0.00      0.00      0.00      1.00      0.20
12      0.80      0.00      0.00      0.00      0.20     17.60      0.00      0.00      0.00     11.60     66.60      9.60
13      4.20      0.00      0.00      0.00      0.00      0.20      0.00     18.00      0.00     15.00    126.00      6.60
14      0.20      0.00      0.00      0.00      0.00      0.00      0.00    -99.00      0.00      3.40      8.20      0.00
15      0.00      0.00      0.00      0.00      0.00      0.00      0.00    -99.00      0.00      6.40      1.80      4.20
16      0.00      0.00      0.00      0.00      7.00      0.00      0.00    -99.00     13.60      0.40      4.20     14.80
17      0.20      0.00      0.00      0.00      0.00      0.00      0.00      0.00      0.00     49.80      7.00      3.20
18      0.00      0.00      0.00      0.00      0.00      0.00      1.20      1.00      0.00     25.60      4.20      0.00
19      0.20      0.00      0.00      0.00      0.00      0.00      7.40      0.00      0.00      0.00      6.40      0.00
20      0.00      0.00      0.00      0.00      0.00      0.00    -99.00      2.60      0.00      3.40      0.40      0.00
21      0.00      0.00      0.00      0.00      0.00      0.00      0.00      0.40      0.00      0.20      0.00      5.20
22      0.00      0.00      0.00      0.00      0.00      0.00     30.60      0.00      0.00     21.80      0.20      3.40
23      0.00      0.00      0.00      0.00      0.00      0.40      9.20      6.80      0.00     13.80      1.20      0.00
24      0.00      0.00      0.00      0.00      0.00      0.00      0.00      0.00      2.40     13.20      5.00      2.60
25      0.00      0.00      0.00      0.00      0.00      0.00      0.00      0.00      6.40      2.20      0.00      0.20
26      0.00      0.00      0.00      0.00      0.00      0.00      0.00     33.40      0.00     10.60      0.80      0.80
27      0.00      0.00      0.00      0.20      0.00      0.00      0.00      4.00      0.00      9.00      0.00     13.00
28      0.00      0.00      0.00      0.00      0.00     22.40      0.00     18.60      0.00      6.80      0.60     19.00
29      0.00    -99.00      0.00      1.20      0.00      5.60     65.40      0.00      1.00      0.20      0.00      0.20
30      0.00    -99.00      0.00      0.60      0.00      1.20     39.00      5.80      0.00     14.60     34.00      0.00
31      0.00    -99.00      0.00    -99.00      0.00    -99.00      7.00     30.80    -99.00     10.00    -99.00      0.00
2015
01      1.20      0.40      0.20      3.60      0.00      0.00      0.00      0.00      0.00      0.00      0.00      0.40
02      0.60      6.00      0.00      0.00      0.00      0.00      0.00      0.40      0.00      0.40      0.00      0.00
03      0.00      0.00      0.00      0.00      0.00      0.00      0.00      0.00      0.00      0.00      0.00      0.00
04      0.00      0.00      0.00      0.00      0.00      0.00      0.00      0.00      0.00      0.00      0.00      0.40
05      0.00     32.20      0.20      0.00      0.20      1.00      0.00      0.00      0.00      0.00      0.00      0.00
06      0.00     10.40      0.00      0.00      0.00      0.00      0.20      0.40      0.00      0.00      0.00     13.60
07      4.80      0.00      0.00      0.00      0.00      5.80      0.20      0.00      0.00      0.00     24.80      0.60
08      1.40      8.80      0.00      0.00      0.00      0.00      0.00      0.00      0.20      0.00     14.80      0.00
09     21.00      0.00      0.40      0.40     40.60      0.00      0.00      0.00      0.00      0.00      0.00      0.00
10      1.40      0.00      0.00      1.00      0.00      0.00      0.40      0.00      0.00      0.00      0.20      0.00
11      0.00      0.00      0.00      1.80      0.00      0.60      0.00      0.00      0.00      0.00      1.60      0.00
12      0.20      0.60      3.40      3.20      2.60      0.00      0.00      0.60      0.00      0.00      0.00      0.00
13      0.00      0.00      0.20      0.00      0.20     21.80      0.00      0.00      0.00      0.00      0.40      0.00
14      0.00      0.00      0.00      0.00      6.80      0.00      0.00      0.00      0.00      0.00      0.20      0.00
15      0.00      0.00      0.00      0.00      0.00     21.80      0.00      0.00      0.00      0.00      0.00     27.60
16      0.00      0.00      0.00      0.00      0.00      0.00      0.00      0.00      0.00      0.00      0.00     32.60
17      1.20      0.00      0.00      0.00      0.00      0.00      0.20      0.00      0.00      0.20      0.00      1.60
18      2.40      3.20      0.00      0.00      0.00      0.00      0.00      0.00      0.00      0.00      0.00      0.80
19     14.00      1.00      0.00      0.00      0.00      0.00      0.00      0.00      0.00      0.00      0.00      1.20
20      0.00      0.00      0.00      0.00      0.00      0.00      0.00      0.00      0.00      0.00     13.60      0.20
21      0.00      6.60      0.00      0.00      0.00      0.40      0.00      0.00      0.40      0.00     33.80      0.20
22      0.00     16.40      0.00      0.00      0.00      0.00      0.00      0.00      0.00      0.00     11.60      0.40
23      0.20      0.00      0.00     95.80      0.00      0.00      0.00      0.00      0.40      0.00     27.80      0.00
24      0.00      0.80      3.40     77.00      0.00      0.00      0.00      0.00      0.00      0.20      1.60      0.00
25      0.20      0.00      0.40      3.40      0.00      0.00      0.20      0.00      0.00      0.00      0.80      0.00
26      0.00      0.00      6.00      0.40      0.00      0.00      0.00      0.00      0.00      0.00    123.20      0.40
27      0.00      0.00     15.20      0.00      0.00      0.00      0.00      0.00      0.00      0.00     51.00      0.00
28      0.00      0.20      0.20     11.40      0.00      0.00      0.00      0.00      0.00      0.00     12.20      1.60
29      0.20    -99.00      1.80      3.80      0.00      0.00      0.00      0.00      0.00      0.00     21.80      2.20
30      0.00    -99.00      0.00     22.60      0.00      0.00      0.00      0.00      0.00      0.00      0.40      1.20
31      0.20    -99.00      0.00    -99.00      0.00    -99.00      0.00      0.00    -99.00      0.20    -99.00     50.80
2016
01     26.00      6.60      0.00      0.00      0.00      0.00      0.00    -99.00    -99.00      0.00    168.00     12.80
02      0.60      5.80      1.00      1.20      0.00      0.00    -99.00    -99.00    -99.00     54.20     28.60      2.20
03      0.00      0.00      0.00      0.20      0.20      0.00      0.00    -99.00    -99.00      8.40      6.80      3.40
04      0.00      0.40      0.00      0.00      0.20      0.00    -99.00    -99.00    -99.00      1.20      7.80      6.20
05      0.00      0.40      0.80      0.00      0.00      0.00    -99.00    -99.00    -99.00      0.60      0.00     15.60
06      0.00      1.60      1.60      0.00      0.00      0.00      0.00    -99.00    -99.00     15.60     45.40     13.20
07      0.00      0.00      0.00      0.00      0.00      0.00    -99.00    -99.00    -99.00      3.60     12.40      6.20
08      0.00      0.00      0.00      0.00      0.00      9.20    -99.00    -99.00    -99.00      0.20     33.00      4.80
09      0.60      0.00      0.00      0.20      0.00      0.00      0.00    -99.00    -99.00      0.00      0.40      0.00
10      0.00      0.00      2.20      0.00      0.00      0.00    -99.00    -99.00    -99.00      0.00      4.60      0.00
11      6.20      0.00      1.40      0.00      0.40      0.00    -99.00    -99.00    -99.00      7.20      0.20      2.60
12      1.20      0.00      0.80      0.00      0.00      0.00    -99.00    -99.00    -99.00      7.40      0.00      8.80
13      2.40      0.00      0.20      0.00      0.00      0.00    -99.00    -99.00    -99.00     70.00      0.00      7.00
14      0.00      0.00      0.80      0.00     16.60      0.00    -99.00    -99.00    -99.00    276.40      0.00    112.80
15      5.60      2.60      0.00      0.00      0.00      0.00    -99.00    -99.00    -99.00    135.20      0.00    114.80
16      2.80      0.60      0.00      0.00      2.60      0.00    -99.00    -99.00    -99.00     32.60      0.00     58.40
17      1.20      0.00      0.20      0.00      0.00      3.40    -99.00    -99.00    -99.00      6.80      1.00      1.80
18      2.80      0.00      0.00      4.20      0.00      0.00    -99.00    -99.00    -99.00      0.00     15.80      2.80
19      0.20      1.60      0.00      0.20     45.00      0.00    -99.00    -99.00    -99.00      0.00      0.80      4.60
20      0.00      0.80      0.00      0.00      0.00      0.00    -99.00    -99.00    -99.00      0.00     24.60      2.00
21      0.00      0.00      0.00      0.20      2.80      0.00    -99.00    -99.00    -99.00      0.00      1.40      0.00
22      1.20      0.00      0.20     40.80      0.00      0.00    -99.00    -99.00    -99.00      0.00     17.40      8.80
23     18.00      5.60      0.00     18.80      0.00      0.00    -99.00    -99.00      0.00      9.00     11.60     35.00
24     27.20     12.40      2.60      0.00      0.00      0.20    -99.00    -99.00    -99.00      0.00     74.20      0.40
25      2.20      4.20      5.60      0.00     14.80      0.00    -99.00    -99.00    -99.00      0.00      0.20      0.20
26      0.00      0.60      0.80      0.00      7.80      0.00    -99.00    -99.00    -99.00      3.00     16.60      0.00
27      0.00      0.00      1.40      0.00      0.00      0.00    -99.00    -99.00      0.00      0.20      1.20      1.00
28      0.00      0.00      0.40      0.00      0.00     33.80    -99.00    -99.00    -99.00      0.00      0.00      3.20
29      0.40      0.00      0.60      0.00      0.00     17.00    -99.00    -99.00      1.60     50.40      9.40      4.80
30      2.80    -99.00      0.00      0.00      0.00      0.00    -99.00    -99.00    -99.00    114.20     18.80      2.60
31      0.40    -99.00      1.60    -99.00      5.80    -99.00    -99.00    -99.00    -99.00     41.20    -99.00      4.00
2017
01      5.00     24.80      1.00      0.20      0.00      0.00      0.00    -99.00      0.00      0.00      9.40      8.80
02      4.60     15.20      0.40      1.60      0.00      0.00      0.00    -99.00      0.00     16.00      8.40     34.20
03      1.20     13.20      0.00      0.20      0.00      0.00      0.00    -99.00      0.00      3.00      0.00     10.60
04      4.00      0.20      0.00      0.20      0.00      0.00      0.00    -99.00      0.00      7.20     26.00     41.40
05      2.80      0.00      0.00      0.20      2.00      0.00      0.00      0.00      0.00     12.00     47.80     15.60
06      0.00      0.20      0.20      0.20      0.00      0.00      0.00      0.00      0.20      0.40      4.80      0.00
07      0.00      0.20      0.20      0.00      2.80     37.60      0.00      0.20      2.60     15.00     27.00      0.40
08      0.40      0.00      4.60      0.00      0.00     24.60      0.00      0.00      0.20     20.20     35.60     43.80
09      5.00      7.40      0.20      0.00      0.20     27.40      0.00      0.00      0.00    117.00     43.60      4.80
10      0.80      1.40      0.00      0.00      0.40      0.20      7.40      0.00      0.00      8.00     75.80      0.20
11      1.00      8.20      0.00      0.00      0.00      0.00      2.80      0.00      0.00     20.80     15.80      1.20
12     14.40      5.20      0.00      3.60      0.40      0.20     15.00      0.00      0.00      6.80      0.20      0.00
13      2.20      4.00      0.00      1.00      7.80      0.00      3.20      0.00     19.00      9.20      0.00      0.00
14      1.00      0.00      0.40      0.00      2.00      0.00      2.20      0.00    152.80      0.00      7.40      0.00
15      2.80      0.00      3.60      0.00     39.00      0.00      2.20      1.20    131.40      2.40      2.40      9.00
16      6.80      0.20      6.00      0.00      5.60      0.00     57.60      0.20      0.20      0.20     34.00     62.00
17      0.60      0.00      0.40      0.00      0.00      0.00      5.60      0.00     15.60      0.00      0.00      0.20
18      0.00      1.60     10.80      0.00      0.20      0.00      0.20      6.80      0.00     10.60      0.20      0.00
19      1.00      0.00      0.20      0.00     42.60      0.00      0.00      1.20      0.00     29.60     32.40      0.00
20      9.40      0.00      0.40      0.00      2.80      1.80     37.80      0.20      0.00      0.00    201.80      0.00
21      1.60      0.00      8.40      0.00      0.00      0.00      1.80      0.00      0.00      1.00     16.60      0.00
22     35.20      0.00      0.00      0.80      2.40      0.00      3.00      0.00      0.00      0.80     26.60      0.00
23      4.60      2.20      0.20      0.00      0.00      0.00      0.20      0.00     10.40      5.40     32.80      0.60
24      0.00      8.40      0.00      4.20     67.60      6.40      0.20      0.00      2.60     11.00      1.80     21.80
25     31.80      3.20      0.20      0.00     49.80      0.20     23.40      3.20      5.00      8.60      0.00      0.20
26      0.60      4.20      2.00      0.60      2.40      2.20    -99.00     37.80      0.20      1.00      0.00      7.20
27      0.00      0.00      0.60      3.00      0.00      0.00    -99.00     14.20      0.00      8.00      1.40      5.20
28      0.20      0.20      0.00      1.60      0.00     45.20    -99.00     31.20      2.60      5.40     18.00      0.00
29      0.20    -99.00      0.20      0.00      0.60      0.00    -99.00      4.80      0.00      3.00      6.00      4.80
30      0.20    -99.00      0.00      0.00      1.60      0.00    -99.00      0.40      0.00      2.80      4.20      5.40
31      0.00    -99.00      0.40    -99.00      0.00    -99.00    -99.00      1.00    -99.00     12.40    -99.00     13.60
2018
01      0.60      2.20      0.80      0.00      0.00      0.00      0.00      0.00      0.00      1.80      0.00     18.00
02      4.80      3.00      0.00      0.00      0.00      0.00      0.00      0.00      0.00      0.20      0.00      0.00
03     11.20      0.60      2.80      0.00      0.00      0.40      0.00      0.00      0.00      0.40      0.00      0.00
04     10.00      0.00      0.00      0.00      0.00      6.80      0.00      0.00      0.00     17.80      0.00      0.00
05      3.60      0.60      0.00      0.00      4.60      1.20      0.00      0.00      0.00      0.60      0.00      0.00
06      0.20      0.00      0.00      1.20      0.80      0.80      0.00      0.00      0.00      0.20     11.40      0.00
07      0.00      0.00      0.00     15.80      0.00      0.00      0.00      0.00      4.80      0.20      6.40     13.40
08      2.80      0.20     15.00      0.60      0.00      0.00      0.00      0.00      0.80      0.00      5.80    181.60
09      3.00      0.00      0.80      0.00      0.40      0.00     29.00      2.60      0.20      0.00     80.60     87.20
10      0.40      0.40      0.80      0.00      5.40      0.00      5.40      0.00      0.00    154.00      3.20     56.80
11      0.00      2.60      0.00      0.00      0.20      0.00      2.00      0.00      0.00    146.80      0.00     35.40
12      0.00     13.80      0.20      0.00      0.00      0.40      5.80      0.40      0.00     27.60      0.00     45.60
13      0.00      1.60      0.00      0.00      1.00      0.00     26.80      2.40      0.20     41.00      2.80      2.80
14      0.40      0.00     22.80      0.00      0.00      2.40      0.80      0.40      0.00      0.60      0.00      1.20
15      0.00      0.00      3.00      2.40      0.00      0.00      3.20      0.00      0.00      0.00      0.00      1.80
16      0.00      0.20      0.20      2.00      0.00      0.40     11.40      0.00      0.00      0.00      0.00      9.00
17      0.00      0.00      0.00      0.40      3.20      0.00      7.40      7.00      0.00      0.00      4.00      3.00
18      0.00      0.00      0.00      0.00      0.00      0.00      2.60      0.00     14.80      5.00      0.00      0.20
19      0.00      0.20      0.40      0.00      0.00      0.00      1.00      0.00      0.60      8.60      0.20      0.00
20      0.40      0.60      1.80      0.00      0.00      0.00      0.40      0.00      2.20      6.20      0.00      0.00
21      0.20      1.60      0.00      3.80      0.00      0.00     11.40      0.00      0.00      0.00      0.00      0.00
22      0.40      6.00      0.00      0.00      0.00      0.00     23.80      0.00      0.00      0.20     58.60      0.00
23      0.00      2.20      0.80      0.00      0.00      0.00      0.00      0.00      7.60      0.00      8.40      0.00
24      0.00      0.00      0.20      0.00      0.00      0.00      0.00      0.20      0.00      0.00      3.80      0.00
25      0.40      3.60      0.00      0.20      0.00      1.80      0.00      7.00      0.00      0.00      1.80      0.20
26      1.40      1.80      0.00      3.40      0.00      0.00      1.80      8.80      0.00      0.00      0.80      0.00
27      5.20      0.00      0.00      0.00      0.00      5.60     10.80      0.00      0.00      0.00      2.80      2.40
28      1.20      0.00      0.00     11.00      2.20      0.00      5.80      2.60      0.00      0.00      0.00      0.00
29     13.80    -99.00      0.00      3.20      0.00      0.00     11.40      0.80     69.80      4.80     11.40     31.60
30      0.40    -99.00      0.00      7.40      0.00      0.00      0.60      0.00      1.40      0.40     18.20     16.20
31      3.80    -99.00      0.00    -99.00      0.00    -99.00      3.80      0.00    -99.00      0.00    -99.00      1.20
