Hue                 
   107.57800       16.422001               6
2011
01      0.00      0.00      0.00      0.00      0.00      0.00      0.40      3.80      0.00     70.00      1.60     18.20
02      0.20      0.00      0.00      0.00      0.00      0.00      0.00      1.20      0.00      6.60     29.80      1.20
03      0.00      0.00      2.80      0.00      0.00     19.80      0.00     11.40      2.20     56.40      0.00      1.80
04      6.60      0.00      6.00      0.00      0.00      0.20      0.00      0.00      1.40     16.20     28.60      0.00
05      1.60      0.00      0.00      0.00      0.00      0.20      0.00      0.00      0.00      1.20     38.60      0.40
06      5.00      0.00      0.20      0.00      0.00     12.20      0.00      0.00      0.00      0.00     66.00      5.00
07      5.60      0.20      2.20      0.00      0.60      0.00      0.00      0.20      0.00      7.60     35.00      0.40
08      0.20      0.00      0.60      0.00      0.00      0.00      0.00      0.00      0.20      5.20     81.00     12.80
09     25.80      0.00      0.00      0.00      0.00      0.00      4.40      0.00      0.20    130.80      8.20      8.00
10      1.40      0.20      0.20      0.00      0.00      0.00      8.20      0.00    115.00     43.40      2.00     26.80
11      0.80      0.00      0.00      0.00      0.00      0.00      0.00      0.00     86.40     12.20      0.00      0.00
12      0.00      0.00      0.00      0.00      2.60      0.00      2.20      0.00     44.40     40.00      0.20      0.00
13      0.00      0.00      0.00      0.00      0.00     19.60      0.00      0.00      2.00      1.80      0.80      0.00
14      0.00      0.60      0.00      0.00      0.20      0.00      3.20      0.00      0.00      8.20      2.40      0.00
15      0.20      0.00      0.60      0.00      0.20      0.00      5.80      0.00      0.00     42.20      0.00      6.60
16      0.00      0.00      0.60      0.00      2.00      0.00      0.60      5.80      3.60    177.40      0.00     17.20
17      0.00      0.00      2.40      0.00      9.20      0.00      0.00      3.80      1.60    167.60      0.00     16.00
18      1.60      0.20      0.00     51.20      0.00      0.00      0.00      0.60      0.00      7.40      0.00      9.40
19      0.00      0.00      0.00      4.00      0.00      3.60      0.00      7.60      3.60      6.00      0.20      5.80
20      0.20      0.20      0.00      2.00      1.60      0.00      0.00      0.40      9.80      0.00      0.00      0.20
21      1.60      0.00      0.00      0.40      0.00      0.00      0.00      0.20     29.40      4.60      5.80      0.00
22      0.00      0.00      1.20      0.00      0.00      0.00      0.00      0.00     90.00      0.00      5.20      9.80
23      0.40      0.20      0.20      2.80     34.00      0.80      0.00      0.00     53.80      0.20      9.20     15.40
24      1.60      0.00      0.20      1.80      0.00      0.40      0.00     17.20      0.80      1.20      5.80      1.20
25      0.00      0.00      0.80      2.20      0.00      0.20      0.00      0.20     25.80      5.80      1.00      2.40
26      0.40      0.00      0.60      0.00      0.00      0.00      0.00      0.20     59.00      9.60     17.20      0.20
27      0.00      0.00      2.60      1.80      0.00      0.80      0.00      0.20     94.60      9.60     59.80      0.00
28      1.00      0.00      0.60      0.40      0.00      0.00      0.00      0.00      0.00      2.20      0.00      1.60
29      4.20    -99.00      2.80      0.00      0.00      0.20      0.00      5.60      3.20      2.80      0.20      1.20
30      0.60    -99.00      5.60      0.00      0.00      0.00      4.20      0.00     14.40     14.40      4.40     16.20
31      0.80    -99.00      5.20    -99.00      0.00    -99.00      0.80      0.00    -99.00      1.20    -99.00      0.80
2012
01      1.00      0.00      0.00      0.20      0.00      2.20      0.00      5.40      0.20      0.00      9.20      0.00
02      0.00      0.00      0.00      0.00      0.00     17.20      0.00      0.00      6.80      0.00      0.40      0.00
03      0.00      0.00      0.00      0.00      0.00      0.40     33.80      0.00     10.40      0.00      1.60      6.60
04     10.60      0.00      0.00      0.00      0.00      0.00      4.40      0.00    101.20      0.00      0.20      6.00
05      0.40      0.20      0.00     21.60      0.00      0.00      1.40      0.00    159.80      0.00     15.00      2.80
06      0.00      0.00      0.00      0.00      0.00      0.00      0.00      0.00      4.80     23.20      2.60      0.20
07      5.00      0.00      0.00     20.20      0.00      8.00      0.00      0.00      0.00    126.20      5.60      0.00
08      9.80      0.00      1.00      0.00      0.20      0.40      0.00      0.00      0.40     34.20      1.00      0.00
09      6.40      0.00      0.00      0.00      0.40      0.60      0.00      0.80      0.00      0.40      0.00      0.00
10      0.20      0.00      0.00      2.00      0.00      0.00      0.00      0.20      1.20     11.40      0.00      0.00
11      2.60      0.00      0.80      0.00      0.00      0.00      0.00      0.00      1.60      4.80      7.60      0.20
12      0.20      0.00      0.80      0.00      3.20      0.00      0.00      0.00      3.20      0.00     39.80      4.00
13      0.20      0.00      0.20      0.00      0.00      0.00      0.00      0.00      0.20      0.00      8.60      8.00
14      0.00      0.00      0.20      0.00      0.00      0.00      0.00      0.00    113.60      0.00      5.80      2.20
15      0.00      0.00      0.00      0.00      5.40     14.60      0.00     26.00    218.20      0.00      7.60      2.20
16      0.40      0.00      0.00      0.00      0.20     61.60      0.00      1.40     28.80      0.00     11.60      0.00
17      0.20      0.20      0.20      0.00      0.00      0.00      0.00      0.40      0.20      0.00     62.00      0.00
18      2.80      2.20      0.00      0.00      0.20      3.40      0.00      0.00     20.00      0.00      1.00      4.80
19      1.00      4.40      0.00      0.00      0.00      0.00      0.00      0.00      0.20     25.80      1.60    112.40
20      0.00      0.00      0.00      0.00      0.00      0.00      0.00      0.00      0.00      3.00      1.00      0.00
21      0.80      0.00      0.00     16.20      0.00      0.00      0.00      0.00      0.00      0.80      0.00      0.00
22     16.40      0.00      0.00      0.00     14.40      1.20      0.00      0.00      0.00      0.00      0.20     10.80
23      0.40      0.00      1.20      0.00      0.00      0.00      8.00      2.00      0.00      5.80      0.00     34.80
24      0.00      0.00      0.00      0.00      0.00      0.00      0.60      0.00      0.00      0.00      1.60      4.60
25      0.60      0.00      0.00      0.00      0.00      0.00      0.20     38.00      2.60      0.00      0.00      2.00
26      0.00      0.00      0.00      0.00     12.20      0.00      0.00      0.00     45.80     11.60      0.00     14.80
27      0.20      0.00      0.00      0.00     28.00      0.00      0.00      0.00     63.00     29.00      5.80      3.00
28      0.00      1.20      0.00      0.00     31.60      0.00      0.00      1.20     26.80     18.20      0.00      3.20
29      0.80      0.00      0.00      0.00     14.80      0.00      0.00      0.00     31.40      0.00      0.00      9.40
30      0.40    -99.00      0.00      0.00     79.40      0.00      0.20      0.00     25.80      0.40      0.00      3.00
31      0.80    -99.00      0.00    -99.00      5.20    -99.00      0.20      0.00    -99.00      1.20    -99.00      2.80
2013
01      0.00      0.00      0.00      0.40      9.20      0.00      8.40      0.00      1.40      2.00      2.00     12.20
02      0.00      0.00      2.20      0.00      8.00      0.00      1.40      9.80      0.00     50.20      0.00      0.00
03      0.00      0.00     16.20      0.00      0.20      3.40      0.00      4.00      0.00      5.00      0.00      0.00
04      0.20      0.00      1.00      0.00      0.00      5.60      0.00      0.00      0.00      0.80      0.00      1.20
05      1.60      0.60      0.00      0.00      0.00      0.40      0.00      0.00     78.60      0.00    107.40      0.60
06      5.80      0.00      0.20      0.00      0.00      0.00      0.00      0.00     45.00      0.00     15.40      0.60
07      0.00      0.00      0.00      0.00      7.20      0.00      0.00     33.80     32.40      0.00      0.60      0.00
08      0.00      0.00      0.00      0.00      0.00      0.00      0.00      1.40      9.20      0.00      5.80      0.00
09      1.20      3.60      0.00      0.40      9.40      0.00     11.00     20.60      9.40      0.00      1.80      0.00
10      0.00      0.00      0.00      0.00      0.00     45.00      0.00      0.20     21.20      0.00     20.20      0.00
11      0.00      0.00      0.00      2.80      6.20     19.40      0.00      0.00      3.80     15.80      0.00      0.00
12      0.00      0.00      3.60      6.00      0.00      0.00      0.00      9.00     93.20      6.60      0.00      0.20
13      0.00      0.00      3.60      1.20      0.00      0.00      6.60      0.00     44.20      0.00     13.20      2.00
14      0.00      0.00      0.00      0.00      0.00      0.00      0.00      0.00      0.00      9.60      7.20      0.00
15      0.00      1.20      0.00      0.00      0.00      0.00      0.00      0.00      0.00     73.00     46.60      9.80
16      0.00      0.40      0.20      6.40      0.00      0.00      0.00      0.00      8.40     13.20     38.60      6.00
17      0.40      0.00      0.00     15.40      0.00      0.00      0.00      0.00      4.20     42.00    248.20      3.00
18      1.40      0.00      0.00     11.20      0.00      0.00      0.00      0.00     67.40     52.80     22.80      0.60
19      1.00      0.00      0.00      0.00      0.00      0.00      0.00      0.00     59.80     27.20      4.80      0.00
20      0.00      0.00     31.40      0.00      0.00      0.00     26.00      1.60     83.20      7.00      2.80      0.00
21      0.00      0.00      0.20      0.00      0.00      0.00      0.40      2.40      1.60     38.00      7.40      0.00
22      0.00      3.20      0.80      0.00      1.20     14.20      6.20      1.20      4.80     18.40      2.60      0.00
23      0.20      8.80      0.20      0.20      4.40      6.60     26.80      0.00      0.00     16.40      1.40      0.00
24      0.00      0.80      0.00      0.00      0.00      0.00      9.00      0.00      0.00      0.00      0.00      0.00
25      1.60      0.00      0.00      7.80      0.00      0.40      0.00      0.00      0.00      0.40      9.60      0.00
26      0.00      0.00      0.00      0.60      0.00      0.00      0.00      1.00     35.00      0.00      0.00      0.00
27      2.20      0.00      0.00      0.00      0.00      0.00      0.40      0.00     28.40      0.00      1.80      0.00
28      0.00      0.00      1.20      0.00      0.00      0.00      9.20      0.00     16.80      0.00     13.40      0.20
29      0.00    -99.00      0.20      8.60      0.00      0.00      0.80      0.00      4.60      4.60      4.00      0.20
30      0.00    -99.00      0.00      0.20      0.00      0.00      0.00      0.00     61.80      3.60      1.20      0.00
31      0.20    -99.00      3.20    -99.00      0.00    -99.00      0.20      0.20    -99.00      0.00    -99.00      0.00
2014
01      0.00      0.20      0.00      3.20      0.00      0.40      0.00      0.00     21.40      0.40      4.20     27.40
02      0.00      0.00      0.00      0.00      0.00      0.00      0.00      0.00      7.00      0.00      0.00     76.80
03      0.00      0.00      0.20      0.00      0.00      0.00      0.00      0.00      0.00      0.00     47.00      9.40
04      0.00      0.20      0.00     24.40      0.40      0.00      0.00      0.00      0.00      0.00    103.80      3.80
05      0.00      0.00      0.00      0.00      0.20      0.00      1.20      0.00      0.00     36.60      7.20      2.40
06      0.00      0.00      0.20      0.00      0.00      0.00      0.00      0.00      0.00    138.00      0.20      0.20
07      0.00      0.00      0.00      0.00      0.40      0.00      0.00      0.00      0.60     10.80      0.00     20.20
08      0.20      0.00      0.00      6.20     16.60      1.40      0.00      0.20      0.00      2.60      0.60      0.20
09      9.20      0.20      0.00      0.00      0.00      0.00      0.00      0.00      0.00      0.00      4.00      0.00
10      2.80      0.80      0.00      0.00      0.20      0.00      0.00      0.00      0.00      0.00      0.00      3.60
11      0.60      0.40      0.00      0.00      0.00     17.40      0.00      0.00      0.00      0.00      1.60      0.60
12      1.40      0.00      0.20      0.00      0.00      4.00      3.00      0.00      5.80     15.00     87.00      3.40
13      1.80      0.40      0.00      0.00      0.00      0.00      0.00      6.60      0.00     25.20     78.40      7.80
14      0.60      0.20      0.20      0.00      0.00      0.00      0.00    -99.00      0.00      5.00      4.00      0.00
15      0.00      0.00      0.00      0.00      0.00      0.00      0.00    -99.00      0.40     10.20      4.20      1.60
16      0.00      0.00      0.40      0.00      7.40      0.00      0.00    -99.00     14.20      1.80      4.40      8.40
17      0.00      0.00      0.00      0.00      0.00      0.00      0.00      0.00      0.00     28.60      7.40      0.40
18      0.00      0.00      0.00      0.00      0.00      0.00      0.00      0.00      0.00      9.40      3.40      0.00
19      0.20      5.20      0.00      0.00      0.00      0.00      3.20      0.00      0.00      0.00     16.20      0.00
20      1.80      0.00      0.00      0.00      0.00      0.00    -99.00      1.20      5.40      7.40      0.00      0.00
21      0.00      0.00      4.80      0.00      0.00      0.00      0.00      0.40      0.00      0.20      0.00      0.40
22      0.00      0.00      0.80      0.00      0.00      0.00     25.60      0.00      0.00     22.00      0.20      2.00
23      0.00      1.40      0.00      0.00      0.00      0.20     11.80     20.20      0.40     21.60      0.20      0.00
24      0.00      0.00      0.00      0.00      0.00      0.00      0.00      0.00      9.80     11.40      3.80      0.00
25      0.20      0.00      0.00      0.00      0.00      0.00      0.00      0.00      5.20     11.20      0.20      0.00
26      0.00      0.40      0.00      0.00      0.00      0.00     36.60     75.00      0.00     19.20      2.20      0.00
27      0.00      0.00      0.00      0.00      0.00      0.00      0.00      8.20      0.00     13.20      0.00      3.40
28      0.00      0.00      0.00      0.00      0.00      0.00      0.00     16.60      0.00     30.80      0.00     12.40
29      0.00    -99.00      0.00      0.40      0.00      4.20     31.60      0.00      0.00      0.00      0.00      0.00
30      0.00    -99.00      0.00      0.40      0.00      6.60      6.60      5.20      3.00      0.60     13.80      0.00
31      0.00    -99.00      0.00    -99.00      0.00    -99.00      7.40     20.60    -99.00     19.60    -99.00      0.00
2015
01      0.00      0.00      0.00      0.00      0.00      0.00      0.00     15.20      0.60      3.80     51.00      1.20
02      0.40      3.00      0.00      0.00      0.00      0.00      0.00     21.80      0.00     54.00     28.80      0.00
03      0.00      0.20      0.00      0.00      0.00      0.00      0.00      3.80      0.00     11.00      1.60      0.00
04      0.00      0.40      0.00      0.00      0.00      0.00      0.00      5.80      0.00      0.00     10.60      0.60
05      0.00     19.00      0.00      0.00      0.00      1.20      0.00      0.00      0.00      4.20     78.20      6.20
06      0.00      6.20      0.00      0.00      0.00      0.00      6.00      0.40      0.00      3.20     98.00     10.60
07      7.20      0.00      0.00      0.00      0.00      0.00      1.00      0.00      0.00     20.00      0.40      6.40
08      0.60      3.00      0.00      0.00      0.00      0.00      0.00      0.00      3.40     13.60      0.20      0.20
09      4.60      0.00      0.20      1.00     35.40      0.00      0.00      0.00      0.20      1.00      0.40      0.00
10      0.00      0.00      0.00      0.40      0.00      0.00      0.00      0.00      6.40      0.00      0.20      0.00
11      0.20      0.00      0.00      2.00      0.00      0.00      0.40      0.00     18.60      0.20      0.40      0.00
12      0.40      0.40      0.00      6.40      5.20      0.00      1.20     24.00      0.40      7.00      7.40      0.00
13      0.00      0.00      0.00      0.00      0.00      0.00      0.00      0.20     27.20     21.40      0.00      0.00
14      0.00      0.00      0.00      0.00     23.80      0.00      0.00      0.00     74.40     96.40      0.00      0.00
15      0.00      0.00      0.00      0.00      0.00      0.00      0.00      0.00     46.40     47.80      2.60     26.80
16      0.00      0.00      0.00      0.00      0.00      0.00      0.00      0.00     35.40      1.60      0.00     17.20
17      0.80      0.00      0.00      0.00      0.00      0.00      4.20      0.00      5.60      0.40      0.00     10.60
18      1.00      1.40      0.00      0.00      0.00      0.00      2.00      0.00      3.60      0.00      0.00      0.60
19     16.40      0.20      0.00      0.00      0.00      0.00     21.20      0.00      0.20      0.00      1.00      1.20
20      0.00      0.00      0.00      0.00      0.00      0.00      0.80      0.00      0.00      0.00      1.40      0.00
21      0.00      1.00      0.00      0.00      0.00      0.00      0.00      0.00      0.00      0.00     40.20      0.80
22      0.00     10.40      0.00      0.00      0.00     27.20      0.00      0.00      0.00      0.00      3.00      0.00
23      0.00      0.00      0.00     81.60      0.00     70.00      0.00      0.00      1.40      0.00     32.00      0.00
24      0.00      0.00      3.40     26.00      0.00      2.40      0.00      0.00      0.00     22.60      1.00      0.00
25      0.00      0.20      0.00      1.60      0.00      0.00      0.00      0.00      0.00      0.00      0.20      0.20
26      0.20      0.40      2.00      0.00      0.00      0.00      3.60     20.60      0.00      0.00    103.40      0.00
27      0.00      0.00      2.60      0.00      0.00      0.00      8.20      0.00      0.00      0.80     61.80      0.00
28      0.00      0.00      0.00      2.80      0.00      0.00     15.20      0.00      0.00      0.00     32.40      0.80
29      0.00    -99.00      0.00      1.40      0.00      0.00      7.40      0.00      0.00      0.00     21.80      1.80
30      0.00    -99.00      0.00      3.60      0.00      0.00     26.20      0.00      0.00      0.00      0.20      0.60
31      0.00    -99.00      0.00    -99.00      0.00    -99.00      4.60      0.00    -99.00      1.00    -99.00     33.20
2016
01     20.40      2.40      0.00      0.00      0.00      0.00      0.00      0.00      0.00      0.00    125.40     18.00
02      0.00      2.40      0.20      8.20      0.00      0.00      0.00      0.00      0.00     54.20     39.40      7.40
03      0.20      0.00      0.00      0.00      0.00      0.00      0.00      0.00      0.00     25.00      3.60      1.20
04      0.00      0.00      0.00      0.00      0.00      0.00      0.00     17.80      7.00      0.00      6.60     13.20
05      0.00      2.80      0.00      0.00      0.00     14.80     23.20      0.00      3.40      3.60      0.00     24.60
06      0.00      1.80      0.60      0.00      0.00      0.00      0.00      0.00      0.00     25.20     19.00     14.20
07      0.00      0.00      0.00      0.00      0.00      0.20      0.00      0.00      0.00     41.60      3.80      5.60
08      0.00      0.00      0.00      0.00      0.00      3.40      3.60      0.00      0.00      0.00      1.40      2.80
09      0.00      0.00      0.00      0.00      0.00      0.00      0.00      0.00      0.00      0.00      0.20      0.00
10      0.00      0.00      0.00      0.00      0.00      0.00      0.00      0.00      0.00      1.00      4.20      0.00
11      1.60      0.00      0.00      0.00      0.20      0.00      0.00      0.00      4.20     11.80      0.00      4.80
12      0.60      0.20      0.20      0.00      0.00      0.00      0.00      0.00     24.80      3.40      0.00     10.80
13      3.60      0.00      0.00      0.00     12.20      0.00      0.00      0.00     99.60     36.00      0.00      4.80
14      0.00      0.00      0.00      0.00      0.00      0.00      0.00     12.60      0.20    107.80      0.00     96.20
15      5.40      0.60      0.00      0.00      0.00      0.00      0.00      0.40      0.00     95.20      0.00     51.40
16      1.80      0.20      0.00      0.00      2.40     11.00      0.00      4.00      0.00     18.20      0.00     19.20
17      0.40      0.00      0.00      0.00      0.00      0.00      0.00      0.00      0.00      0.00      0.00      2.20
18      0.40      0.00      0.00      0.00      7.80      0.00      1.00      0.60      2.00      0.00     26.20      1.00
19      0.00      0.00      0.00      0.00      0.00      0.00      0.00      2.40      0.40      0.00      0.20      3.60
20      0.00      0.00      0.00      0.00      0.00      0.00      0.00      0.00     33.00      0.00     34.40      2.00
21      0.00      0.00      0.00      0.00      0.80      0.00      7.60      0.00     43.20      0.00      4.00      0.00
22      0.00      0.00      0.00     13.00      0.00      0.00      0.00     12.60    255.80      0.00     44.20      1.80
23      4.60      1.20      0.00     12.80      0.40      0.40      0.00     26.40     59.20     11.00     39.00     22.00
24     16.00      3.00      0.00      0.00      0.60      0.80      0.00     10.20      2.00      3.40     72.00      0.00
25      6.60      3.80      0.60      0.00     48.40      0.00      0.00      0.00      3.80      0.20      1.40      0.00
26      0.00      0.60      0.00      0.00      0.00      0.00      0.00     42.00      2.80     22.00      5.60      0.20
27      0.00      0.20      0.40      0.00      5.20     11.60      1.80     23.40      0.00      0.40      0.20      1.60
28      0.00      0.00      0.00      0.00      0.00     23.00     12.40     14.20      0.00      8.60      1.00      5.60
29      0.00      0.00      0.00      0.20      0.00      5.60      0.00      3.00      0.00     31.40      6.40      7.40
30      0.00    -99.00      0.00      0.00      0.00      0.00      0.00      0.00      0.00     36.00     16.20      0.60
31      0.00    -99.00      0.40    -99.00      0.00    -99.00      0.00      0.00    -99.00     20.80    -99.00      5.80
2017
01      2.00      7.80      3.60      0.00      0.00      0.00      0.00      1.60      0.00      0.00      8.60      3.40
02      1.00      4.40      1.60      0.00      0.00      0.00      0.00      0.00      0.00     63.60      7.20     17.00
03      2.60      5.00      0.00      0.00      0.00      0.00      0.00      0.00      0.00     24.20      0.00     11.00
04      1.20      0.40      0.00      0.00      0.20      0.00      0.00      0.00      0.00     12.00      7.40     17.60
05      2.00      0.00      0.00      0.20      0.40      0.00      0.00      0.00     15.60     32.20     26.60      6.00
06      0.00      0.00      0.00      0.00      0.00      0.00      0.00     20.00      0.00      0.40      9.20      0.00
07      0.00      0.00      0.40      0.00      0.00     10.40      0.00      0.00      5.20      3.80     22.60      0.00
08      0.00      1.60      1.60      0.00      0.00     23.40      0.00      0.00      0.00     13.00     41.60     29.40
09      7.60      1.20      0.00      0.00      0.00     15.60      0.00      0.00      0.00    125.40     57.40      2.40
10      0.80      3.40      0.00      0.00      0.20      0.00     32.60      0.00      0.00      0.80     31.20      0.00
11      1.20      8.80      0.00      0.00      0.00      0.00      0.00      0.00      0.00     69.40     13.00      0.20
12      0.40      8.40      0.00      0.40      0.60      0.00     34.20      0.00      0.00     29.60      0.20      0.00
13      0.60      4.60      0.00     30.40      7.00      0.00      1.60      0.00     16.00      7.20      0.00      0.00
14      1.20      0.60      0.00      0.00      0.00      0.00      8.60      0.00    140.20      0.00      7.40      0.00
15      1.00      0.00      1.40      0.00     70.80      0.00      9.20      0.20     88.20      2.20      1.60      1.40
16      1.40      0.00      2.40      0.00      5.60      0.00     71.40      0.00      0.00      0.20     33.00     17.80
17      1.00      0.00      0.20      0.00      1.40      0.00      2.20      0.00      0.00      0.00      0.00      0.00
18      0.00      0.00      9.00      0.00      0.00      0.00      0.20      4.40      0.00     11.40      0.00      0.00
19      0.40      0.00      0.00      0.00     36.60      0.00      0.00      0.20      0.00     25.60     13.00      0.00
20      1.20      0.00      0.00      0.00      3.00      0.00      1.40      0.00      0.00      0.00    256.60      0.00
21      1.00      0.00      5.40      0.00      0.00      0.00      4.80      0.00      1.20      0.20     43.80      0.00
22     10.80      0.00      0.20      0.40      2.20      0.00      0.00      0.00      0.20      0.40     22.20      0.00
23      5.80      0.80      0.00      0.00      0.00      0.00      1.20      0.00     29.00      7.20      8.80      0.20
24      0.00      0.60      0.00      1.60     56.80      0.00      0.00      0.00      1.80     17.40      6.00     24.40
25     37.40      1.20      0.00      0.20     29.60      0.00     95.80      1.20     30.80     13.00      0.00      0.00
26      0.40      2.60      0.80      0.00      0.60      0.00      4.60     49.20      0.00      0.00      0.00      4.00
27      0.00      0.00      0.60      0.00      1.80      0.00     11.20     16.60     42.40      2.80      0.60      1.60
28      0.00      0.60      0.20      1.00      0.00     10.60      1.60      4.00      2.00      3.60     14.60      0.00
29      0.00    -99.00      0.00      0.00      0.00      0.00      3.80      3.40      0.40      0.00      7.00      2.40
30      0.00    -99.00      0.00      0.00      0.20      0.00      0.00      0.00     16.60      2.20      2.00      4.60
31      0.00    -99.00      0.00    -99.00      0.00    -99.00      0.00      0.00    -99.00     16.40    -99.00     11.00
2018
01      0.00      0.60      0.40      0.20      0.00      0.00      0.00      0.00      0.00     42.00      0.00     11.80
02      2.20      1.20      0.00      0.00      0.00      0.00      0.00      0.00      0.00      0.20      0.00      0.40
03     14.80      0.40      0.20      0.00      0.00      0.20      0.00      0.00      0.00      4.60      0.00      0.00
04      3.00      0.00      0.00      0.00      0.00     19.60      0.00      0.00      0.00     11.40      0.00      0.00
05      3.00      0.60      0.00      0.00      2.40      1.60      0.00      5.20      0.00      0.20      0.00      0.00
06      0.00      0.00      0.00      1.60      1.60      0.00      0.00      0.00      0.00      0.00      5.00      0.40
07      0.00      0.00      0.40      7.80      0.00      0.00      0.00      0.00      0.00      0.60      0.80     43.00
08      0.60      0.20      5.80      1.40      0.00      0.00      0.00      0.00      6.00      0.00      1.80    332.60
09      1.20      0.00      0.00      0.00      0.00      0.00      0.60      3.80      0.60      0.00    107.40     60.80
10      1.20      0.00      0.40      0.00      0.00      0.00      5.00      1.20      0.00     56.00     25.40     84.80
11      0.00      0.20      0.00      0.00      0.00      0.00      0.00      0.00      0.00     78.60      0.20     35.40
12      0.00      9.80      0.20      0.00      0.00      0.00      6.60      0.00      0.00     11.60      2.60     19.00
13      0.40      1.00      0.00      0.00      0.00      0.20     29.20      1.00     50.40     87.00      3.60     10.20
14      0.00      0.00     22.00      0.00      0.00      0.20      1.20      0.00     10.60      0.20      0.00      2.40
15      0.00      0.20      1.60      0.20      0.00      0.00      1.00      0.00     12.60      0.00      0.00      1.20
16      0.00      0.00      0.00      0.60      0.00      0.00      1.00      3.40      0.00      0.00      0.00     12.20
17      0.00      0.00      0.20      0.00      2.00      0.00      3.20      4.60      0.00      0.00      0.00      7.60
18      0.00      0.00      0.00      0.00      0.00      0.00      1.40      0.00      8.40     10.80      0.00      0.00
19      0.00      0.00      1.80      0.00      0.00      0.00      0.00      0.00      0.20     10.60      0.40      0.00
20      0.80      0.00      5.20      0.00      0.00      0.00      0.80      0.00      4.40     10.40      0.00      0.00
21      0.00      0.60      0.00      8.00      0.00      0.00     36.60      0.00      1.80      1.00      0.00      0.00
22      0.20      4.00      0.00      0.00      0.00      0.00    100.60      0.00      2.40      0.00     33.60      0.00
23      0.00      0.00      0.00      0.00      0.00      0.00      0.00      0.60     16.20      0.00      9.80      0.80
24      0.00      0.00      0.00      0.00      0.00      0.00      0.00      0.80      0.00      0.00      1.20      0.20
25      0.00      0.20      0.00      0.00      0.00      5.40      0.00      1.40      0.00      0.00      0.40      0.00
26      0.00      0.40      0.00      2.80     10.60      0.00      1.80     10.40      0.00      0.00      0.00      0.00
27      1.00      0.00      0.00      0.00      0.00      0.60      8.60      0.00      0.00      0.00      2.00      1.00
28      0.00      0.00      0.00      0.20      0.00      0.00      5.20      0.80      0.00      0.20      0.40      0.20
29     16.00    -99.00      0.00     17.20      0.00      0.40      7.20      1.00     70.20      7.60     24.20     23.00
30      0.20    -99.00      0.00      0.40      0.00      0.00      0.20      0.00      0.80      0.00     23.00     14.60
31      2.40    -99.00      0.00    -99.00      0.00    -99.00      1.60      0.00    -99.00      0.00    -99.00      4.60
