KheSanh             
   106.73300       16.625999             390
2011
01      0.20      1.80      0.00      0.00      0.00      0.80      0.00      0.40      0.00     70.20     70.40      6.80
02      0.20      0.00      0.00      0.00      0.00      0.20      3.00      0.00      8.00     11.20      0.00      6.80
03      0.00      0.60      2.60      0.00      0.00     33.00      0.00      0.00      1.20      2.80      6.80      1.00
04      7.80      0.00     13.60      0.00      0.00     23.00      0.00      0.20     46.20      1.80    186.40      1.20
05      3.80      0.00      3.60      0.00      0.00     20.80      0.00      0.00     13.20      4.40     39.40      1.80
06      2.40      0.00      0.20      0.00      3.00      0.20      0.00      0.00     92.60      1.20     35.00      0.60
07     30.00      0.20      0.40      0.00      2.20      0.00      0.00      0.00     75.40      0.00    275.40     17.00
08      1.80      0.00      1.20      3.60      0.00      0.00      0.00      0.00     32.20      0.00     24.40     11.00
09      2.60      0.00      0.00      0.60      0.00      0.00      1.40      0.00     10.20     56.00      0.00      5.00
10      0.60      0.20      1.00      0.20      0.00      0.00     34.00      0.00      1.60      4.20      0.00     10.80
11      3.40      0.00      0.00      0.00      0.00     23.60     36.60      9.80      6.00      3.80      0.00      9.00
12      0.20      5.60      0.00      0.00      2.20     13.20     27.40      0.00      3.00     59.80      0.00      0.00
13      0.00      1.40      0.20      0.00      1.60     35.60      0.20      0.00      5.00     72.80      2.40      0.00
14      0.00      4.20      0.00      0.00      1.60     53.20      0.60      0.00      0.40     43.20      3.80      1.80
15      0.60      0.20      0.00      0.00     11.60      0.00      0.00      4.00      0.60      8.40     25.60     24.80
16      0.20      0.00      2.60      0.00      0.20      0.00      0.00      0.00     19.60     40.20     14.80     28.20
17      0.20      0.00      0.00      1.40      0.00      0.00      0.00     15.20      0.00    196.00      0.00      8.00
18      0.40      0.00      0.00     39.20     28.20     40.20      0.00      0.60     26.40     46.60      0.20      2.80
19      0.40      0.00      0.00     10.40      1.20     41.40      0.00     32.20      0.00     19.80      0.20      0.20
20      0.00      0.80      0.00      7.40      0.00      0.00      0.00      1.20      9.40      7.40      3.00     14.20
21      1.20      0.00      0.00      0.20      0.20      0.00      0.00      0.00      5.40      4.40      5.40     13.60
22      0.00      0.00     10.00      0.00     11.80      0.00      9.60      0.00      3.00      0.00     18.00     17.80
23      1.60      0.00      9.00      2.60     15.60      0.00      0.00      0.00     97.60      0.00     30.60     14.40
24      2.00      0.00      9.00      0.00      3.20      1.40      0.00      0.00     87.00      0.20     14.40      7.40
25      0.60      0.00     14.40      1.00      0.00      0.20      3.00      1.60      7.40      8.00    139.40      0.40
26      4.20      0.00      3.60      0.40      0.00      0.00      0.00      5.20     18.00     83.00     17.00      0.20
27      7.00      0.00      0.00      3.00      0.00      0.00      0.00      0.00      0.20     36.20      0.20      5.60
28     10.60      0.00      0.60      0.00      0.00      0.00      0.00      0.00      0.00     37.40      0.00      6.20
29      4.80    -99.00      2.60      0.00      0.00      0.00      0.00     36.60      0.00     16.20      7.20      0.00
30      7.60    -99.00      0.20      0.00      0.00      0.00      4.40      0.60      0.00     28.00     11.60     26.80
31     16.60    -99.00      0.20    -99.00      0.00    -99.00      8.80      2.40    -99.00     27.60    -99.00     17.20
2012
01     14.60      2.00      0.00      4.60      0.00      0.00      2.00      0.00      0.20      4.60      6.80      0.00
02      3.20      6.40      0.00      4.40      0.00      0.00      1.60      0.00     35.40      0.00      3.20      0.00
03      0.20     14.60      0.00      2.60      0.00      0.00      1.40      0.00     22.20      0.00      0.40      0.00
04      9.20      2.60      0.00      1.20      0.00      9.80      0.00      0.00     18.60      0.00      0.00      0.00
05      2.20      0.00      0.00      4.00      0.00      7.20      7.20      0.00     25.00     10.60      0.00      1.00
06      0.00      0.00      0.00      2.40      2.80      0.20     12.20      0.00     27.20    136.20      4.60      0.00
07      1.20      0.00      0.00      7.40      0.00     35.60      0.20      0.00      3.80     98.60     38.20      0.00
08     10.20      0.00      0.00      0.00      0.00      5.60      2.00      0.00      0.00     23.60      0.20      0.00
09      0.80      0.00      0.00      0.00      0.00      0.20     12.00      0.00      0.00      3.40      0.00      0.00
10      0.80      0.00      7.20      0.00      0.00      0.00      0.20      0.00      0.00      2.00      0.00      0.00
11      9.20      0.00      0.00      0.00     26.40      0.00      0.00      0.00      3.20      0.40     38.80      0.00
12     24.00      0.00      0.00      0.00      0.20      0.00      0.00      0.00     12.80      2.00     32.20      0.40
13      6.20      0.00      0.00      0.00      0.00      0.00      0.80      0.00      2.60      0.20     16.40     11.00
14      0.20      0.00      0.00      0.00      0.00      0.00      0.00      0.00      4.40      0.00      0.60      5.40
15      0.00      0.00      0.00      0.00      5.40      0.00      0.00      0.00     26.40      0.00      3.60      0.20
16      3.40      4.60      0.00      0.00     38.20      2.00     10.00      0.00      0.00      0.00      6.40      0.00
17      4.80     20.80      0.00      7.80      4.60     10.00      8.20      0.00      0.00      0.00     11.20      0.00
18      0.00     12.20      0.00     39.80      0.00      0.00     15.00      0.00      5.40      0.00      0.20     45.60
19      0.00      3.20     10.40      0.00      0.00      0.00     28.00      0.00      0.00      9.60      5.20     82.00
20      0.00      0.80      0.40      0.00      0.00      0.00     42.20     17.60      0.00      0.00      0.00      0.00
21      0.00      0.00      0.00      0.00      0.20      0.00      0.00      0.00      0.00      0.20      0.00      0.00
22      0.00      0.00      0.00      0.00      0.20      0.00      0.00      5.20      0.00      0.60      0.00      6.20
23     12.20      0.00      0.00      0.00      0.00      0.00      3.00     97.40      0.00     12.00      0.00     41.80
24      0.00      0.00      0.20      0.00      0.00      0.00      0.00     53.00      0.00      2.60     11.00      4.80
25      0.60      0.00      0.00      0.00     21.20      0.00      0.00      3.00      0.00      4.00      0.00      4.60
26      0.00      0.00      0.00      0.20     11.40      0.00      0.00      0.80     58.60      5.20      0.00     37.00
27      0.00      0.80      0.20     23.40     81.40      0.00      0.00     36.80     64.20     10.20      0.00      8.80
28      0.00      0.00      0.00      0.00      3.40      0.00      0.00      2.60     32.00      0.20      0.00     18.80
29      6.00      0.00      0.00      0.00      0.80      0.00      0.00      0.00     11.80      3.40      0.00     64.20
30      6.00    -99.00      0.00      0.00      0.80    -99.00      0.00      0.00      3.80      8.40      0.00      4.00
31     10.20    -99.00      1.20    -99.00      9.40    -99.00      0.00     11.00    -99.00     15.80    -99.00      0.00
2013
01      0.00      0.00      0.00      0.20     22.40      0.00      2.00     18.40      0.00     17.60      0.00      0.60
02      0.00      0.00      0.00      0.00      8.00      0.00      0.20      2.60      0.00     75.60      0.00      0.00
03      2.60      0.00     32.20      0.00      0.80      4.00      3.60      0.00      0.00     54.40      0.00      0.00
04      0.60      0.00     12.20      0.00      0.00      2.40      0.20      3.60     68.80     59.40      0.00     12.40
05      0.80      0.00      2.00      0.00      6.60      2.20      0.00      0.00      0.00      0.00     50.20      0.80
06     23.40      0.00      3.00      1.00      3.20      0.00      0.00      0.00     13.20      0.00     31.20      0.00
07     12.20      0.00      0.20      0.00      2.00     25.60      0.00      0.00     23.60      0.00     35.20      0.00
08      4.20      0.00      0.00      9.00      3.40      7.00      0.00      0.20      0.00      0.00     12.00      0.00
09     10.60      0.00      0.00      0.00      5.40      0.00     15.00     48.80      4.60      0.00     11.20      0.00
10      0.60      9.20      0.00     58.20      0.20     23.80     10.20      0.20     20.60      0.00     16.00      0.00
11      2.60      0.00      0.00      8.40     35.00      2.20      0.20      0.40     61.80      6.80      0.20      0.00
12      0.00      0.00      0.00      4.40      0.00      0.00     24.20     10.40      8.20      2.20      0.00      0.80
13      0.00      0.00      0.60      0.20      5.80      2.20     25.00      0.20     98.60      0.00      5.80      0.00
14      0.00      1.40      0.40      0.00      0.00      0.00     23.00      0.00     72.20     96.80     26.00      0.40
15      0.00      0.00      0.00      0.00      8.60      0.00      0.20      0.00      0.80    198.20    255.00      2.80
16      0.00      7.40      0.00     19.00      0.00      0.00      0.00      0.00     21.00     16.20    155.80      0.20
17      0.00      0.00      0.00      5.40      0.00      0.00     16.00      0.00     29.60     35.00      8.00      6.00
18      0.80      0.00      0.00      0.40      0.00      0.80      0.60      0.00     97.60     42.60      1.00      0.40
19      4.60      0.00      0.00      0.00      0.00      0.00      2.60      0.00     17.40     22.80     10.20      0.20
20      0.20      2.20      7.80      0.00      0.00     30.20     13.00      0.00     11.60     31.80     22.40      0.20
21      0.40      6.20      0.00      0.00      0.00      0.20      0.20      0.00      9.20     10.20     30.20      0.00
22      0.00      1.00      0.00      0.00      0.20      8.60      0.00      0.00      2.00      4.00     56.60      0.00
23      0.00      9.00      0.00      2.60      0.00      0.40     26.20      0.00      9.80      0.20     51.40      0.00
24      0.00     30.00      0.00      0.00      0.00      0.00      1.60      0.00     25.40      0.00      0.20      0.00
25      4.60      0.20      0.00      0.00      0.00      0.00      2.00      0.00      2.20      0.40     14.60      0.00
26      0.00      0.00      0.00     44.40      0.00      0.00      0.00      2.40      8.60      2.40      0.20      0.00
27      0.00      0.00      0.00      0.20      0.00      0.00      0.60      0.40      6.80      0.60      1.20      0.20
28      3.80      0.00      0.00      0.00      0.00      0.00      1.80      1.40     26.80      0.00     30.60      0.20
29      1.80    -99.00     10.60      0.00      0.00      0.00      0.00      0.20      0.60      7.40     30.60      0.00
30      0.00    -99.00      0.20      1.40      0.00      0.00     60.20      0.00     11.40     13.40      1.40      0.00
31      2.00    -99.00      0.80    -99.00      0.00    -99.00     24.20      0.00    -99.00      0.20    -99.00      0.00
2014
01      0.00      0.00      0.20      0.40      1.60      0.00      0.00     17.40      8.40      0.00      2.80    119.00
02      0.00      0.20      0.00      0.00      0.00      0.00      0.00      0.20     20.20      0.00      0.00     74.00
03      0.20      0.20      0.20     18.20      8.60     11.20      9.00      0.00      0.20      0.00      2.80      5.20
04      0.00      0.00      0.00     49.80      1.80      0.00      0.00      0.00      0.00      0.00     20.20      1.40
05      0.00      0.00      0.00      0.00     32.20      0.00     26.40      0.00      0.00     92.00      2.60     19.40
06      0.00      0.00      0.00      0.00      0.80      0.00      0.00      0.00      0.00     26.60      4.00      7.20
07      0.00      0.00      0.00     57.40      0.00      0.00      0.00      0.00      0.60     33.20      0.00      2.80
08      0.00      0.20      0.00      0.20     27.80      0.00     12.60      0.00      0.00      3.00      0.00     23.20
09      3.60      0.00      0.20      0.40      0.20      0.40     33.00      0.00      0.00      0.00      1.20     28.40
10      7.80      0.00      4.20      0.00      0.00      0.00      0.20      0.00      0.00      0.20      0.20      3.20
11     29.20      2.00      0.00      0.00      0.00      0.20      0.00      0.00      2.00      0.00      0.00     13.60
12     13.00      0.00      0.00      0.00      0.00      0.00     30.00      0.00      3.60      7.80      1.60     24.80
13     24.40      0.00      0.00      0.00      0.00      0.00      2.00      0.80      4.80      7.60     81.60     11.20
14      0.60      0.00      0.00      0.00      0.00      0.00      0.40    -99.00     12.40      5.00     21.20      2.00
15      0.00      0.00      0.20      0.00      0.00      0.00      0.00    -99.00      0.00      8.60    175.80      0.60
16      0.00      0.00      0.00      0.00      0.00      0.00      0.00    -99.00      0.00      5.00     11.20     21.40
17      3.00      0.00      0.00      0.00      0.00      0.00      0.20      0.00      1.20     13.80      4.40     26.00
18      5.80      0.00      0.00      0.00      0.00      0.00      0.20      8.20      0.20    150.80      3.00      0.40
19      2.20      2.00      0.00      0.00      1.20      0.00      0.00      0.00      0.00     36.00      2.20      0.40
20      3.80      0.00      0.00      0.00      0.40      0.00    -99.00     30.60     28.80     29.80     23.60      0.00
21      0.00      0.00      1.00      0.00      0.00      0.00      2.40     76.40      0.80      1.40      5.60      7.20
22      0.60      0.00     33.60      0.00      0.00      0.00      0.00     13.60      0.20     21.00      0.40     22.00
23      0.00      0.20      2.80      0.00     37.80      0.00      2.00      0.20      3.20     40.00      3.20      0.60
24      0.00      0.00      0.00      0.00      0.00      0.40      0.20      0.00     30.80      3.00      5.80      3.00
25      0.00      0.00      0.00      0.00      0.00      0.00      0.00      0.00      3.00     47.00      4.00     12.80
26      0.20      0.00      0.00      0.00      0.00      0.00      1.00     21.80      0.00     14.80      0.20     10.20
27      0.60      0.00      0.00      0.00      0.00      0.00     15.40      0.00      0.00     65.20      0.00     25.00
28      0.00      0.00      0.00     16.40      0.00      9.60      4.60      3.80      0.00     34.00      0.00     12.20
29      2.00    -99.00      0.00      0.60      0.00     84.80     51.20      0.80      1.40      0.00      0.40      0.80
30      0.00    -99.00      0.00     22.80      0.00      0.80      0.00      0.40      0.00      9.80     50.20      0.00
31      0.00    -99.00      0.00    -99.00      0.00    -99.00      0.00      6.00    -99.00     56.40    -99.00      0.20
2015
01      0.20     18.40      0.00      0.00      4.00      1.40      0.00      5.80      0.00     96.80    128.00      5.20
02      3.20      9.00      0.00      0.00     20.80      0.00      0.00     63.40      2.20     12.20      9.60      0.00
03      5.80     19.80      0.00      0.00      0.00      0.00      0.00     63.40      1.20     37.40      2.80      0.00
04      1.40      8.60      0.00      0.00     27.20      0.00     77.80     19.40      0.00      6.40    160.80      0.00
05      0.00      4.40      0.00      0.00      8.00      0.00     22.20      7.20      0.00     10.00     93.60      0.00
06      3.40      4.80      0.00      0.00      7.00      0.00      0.00     13.00      0.00     16.40     30.20      3.20
07     14.40      0.00      0.00      0.00      0.00     49.00     20.20      0.20      2.00      0.20      0.20      2.80
08     19.20      1.00      0.00      0.00      0.00      0.00      1.00      7.20      0.00      0.00      7.60      9.40
09     24.40      0.00      0.00      0.00     87.40      0.00      0.20      0.00      0.00      3.40      7.40      0.40
10      2.60      0.20      0.00      0.00     12.40      0.00      2.60      0.00      3.40     65.80     32.20      0.00
11      0.80      0.00      0.00      0.00      2.20      0.00     12.20      1.40      4.20      6.40      0.40      0.00
12      0.00      0.00      0.00     19.20      0.00      0.00      0.00     11.40      6.80     36.40      4.20      0.00
13      0.00      0.00      0.00      0.00      9.60      0.00     26.20      0.00     20.60      8.80      0.00      0.00
14      0.00      0.00      0.00      0.00      0.00      0.00     15.40      0.00    171.80     25.00      0.00      0.00
15      0.00      0.00      0.00      0.00      0.00      0.00      0.40      0.00      2.60    104.60      0.00     12.80
16      0.00      0.00      0.00      0.00      1.20      0.00      0.00     29.40     45.00      0.20      0.00     46.60
17      1.80      0.00      0.00      0.00      0.00      0.00      0.60     12.00      0.00      0.00      0.00     18.80
18     11.20      0.40      0.00      0.00      1.80      0.00      0.00      0.20      2.00      0.00      0.00      0.20
19      1.40      0.00      0.00      0.00      8.00      0.00      4.00      0.00      0.20      0.20      2.80      7.40
20      0.00      0.00      0.00      0.00      0.00      0.00      1.00      0.00      0.00      0.00     49.60     12.40
21      0.00      0.00      0.00      2.60      0.00      6.20      0.00      0.00      0.00      0.00     15.60     12.00
22      0.00     26.00      0.00     48.00      0.00      1.00      0.00      0.00      9.40      1.60      1.60      3.60
23      0.00      0.00      0.00      0.20      0.00      0.20      0.00      0.00     28.20      0.20      7.00      0.00
24      0.00      0.40     32.60      4.40      0.00      0.00      0.00     14.00     34.80      2.20     28.60      0.00
25      0.20      0.00    108.60     29.60      0.00      0.00      0.00     44.60      0.20      0.20     85.00      0.00
26      0.20      0.00     90.40     24.40      0.00      0.00      0.00     18.20      0.00      0.20     20.20      0.00
27      0.20      0.00    452.20      0.00      0.00      0.00      0.00      1.20      0.00      0.00     42.00      0.00
28      0.20      0.00      0.60      0.00      0.00      0.00      0.20      0.00      0.00      0.00     31.00      0.00
29      0.00    -99.00      0.60      0.00      0.00      0.00      2.60      0.00      0.00      0.00      5.80     12.00
30      0.00    -99.00      0.20      0.00      0.00      0.00      5.80      0.00      0.00      0.40     16.00      8.20
31      2.00    -99.00      0.00    -99.00      0.00    -99.00      2.40      0.00    -99.00     10.40    -99.00      8.40
2016
01      2.60      0.40      0.00      0.00      1.20     22.20      0.00      0.00      0.00     15.00     91.00     18.80
02      0.20      1.40      6.60      0.00      0.00      0.20      0.00      0.00      0.00      0.00     23.20    140.60
03      3.60      0.00      3.60      0.00     10.80      0.00      0.00      0.20      0.00     34.00     12.00    313.80
04      0.20     14.40      0.00      0.00      0.00      0.00      0.00      2.00      0.00     11.40      1.80     40.40
05      0.00      2.40      0.00      0.00      0.00     38.60      0.60     81.00      7.00      0.00      0.20     22.60
06      0.00      0.00      0.00      0.00      0.00     22.40      0.40      0.00      4.80     31.80      0.00     10.80
07      0.00      0.00      0.00      0.00      0.00      0.60      4.40      0.00      0.20      7.40      5.00     30.20
08      1.80      0.00      0.00      0.00      0.00      0.20     27.40      0.00     32.00      0.00      3.80      4.60
09      6.00      0.00      0.00      0.00      0.00      0.00      0.00      0.00      3.00      0.00     54.20      0.00
10      0.00      0.20      0.60      0.00      3.00      0.00      0.00      0.00      0.00      0.00      0.20      0.00
11     25.20      0.00      2.60      0.00      0.00      0.20      0.00      0.00      2.00     72.00      7.40      9.20
12      0.80      0.00      0.00      0.00      0.00      0.00      0.00      0.00    258.40      4.60     29.40     18.60
13      2.20      0.00      0.00      0.00      8.60      0.00      0.00      0.00    134.40      0.40     58.40    386.40
14      0.20      0.00      0.00      0.00      0.00      0.00     13.20      0.00     19.80      0.00      3.20    244.00
15      8.40      0.00      0.00      0.00      0.00      8.00      0.00      0.00      2.40     80.40      0.20    234.80
16      9.80      0.00      0.00      0.00      0.00     22.00      1.00      0.00      0.20     45.00      0.00     90.20
17      0.20      0.00      0.00      0.00      0.00     25.20     19.20      0.00      0.00      0.20     50.80      6.80
18      0.20      0.00      0.00      0.00      8.80      0.20     15.80     26.40      3.00      0.00     14.00     12.00
19      0.00      0.00      0.00      0.00      9.60      0.00      1.40      1.20      8.60      0.00     31.20     21.20
20      0.00      0.00      0.00      0.00      0.00      0.00      0.00      0.00     21.80      1.00     30.20     13.20
21      0.00      0.00      0.00      0.00      0.00      0.00     28.20     31.20     48.80     13.60      5.80      7.20
22      0.00      0.00      0.00      0.00     13.60      0.00      0.00     23.40     34.20      0.00      0.60     14.00
23      0.00      0.00      0.00      0.00     26.60      1.00     58.40     38.40     25.20      2.60      0.00      2.80
24      0.00      1.80      8.20     12.60      0.00     30.60      0.20     64.80      0.20      0.00      0.00     29.20
25      0.00      2.20      0.20      0.00      4.00     21.20      0.00     20.60      1.40      0.00      0.60      0.00
26      0.00      0.20      0.00      0.00      0.00     38.80      0.00     50.60      3.20      0.00      6.20      0.00
27      0.00      0.00      2.40      0.00      0.00     12.40      0.00    107.20      0.00      0.00      0.00     13.00
28      1.20      0.00      2.60      0.00      6.40     51.40      1.40     68.80      0.00      0.00      2.20      1.80
29      0.00      0.00      0.00      0.00      0.00      4.60      0.00    123.60      0.00      0.00     24.40      4.00
30      0.00    -99.00      0.00      0.00      1.60      0.00      0.00      0.20     12.20      0.00     63.00      3.40
31      0.00    -99.00      0.00    -99.00      0.00    -99.00      0.00      0.00    -99.00      0.00    -99.00     71.20
2017
01     21.60     22.40      3.40      0.00      0.60      0.00      0.80      0.00     36.20      2.60     45.40      1.20
02     19.40     19.20      0.00      3.80      0.00      0.00      0.00      0.00      0.00      7.60      0.00     32.00
03      9.80     51.80      0.00      9.80      0.00      0.00      0.00      0.00      0.00      2.80     20.80     10.00
04      6.80      5.60      0.00      0.20      0.00      0.00      0.00      0.00     19.00      1.80    239.80      4.60
05      5.40      0.00      0.20      0.40      0.00      0.00     36.80      0.00      0.80      0.00    338.00     14.00
06     10.60      0.00      0.20      0.00      0.00      0.00      3.80     18.40     46.20     12.00     74.80      1.40
07      0.00      0.00      0.00      0.20      0.00      0.80      0.20      0.00     28.60      1.40      5.40      1.00
08      0.00      0.00      0.00      0.00      0.20      0.60      0.00      0.00      0.00     20.60     68.40      6.60
09      8.80     22.20      0.20      0.00      8.00      1.80     57.80     12.60      1.40     25.40     38.20      0.80
10     14.00      2.60      0.00      0.00      6.40    -99.00      0.40      0.20      0.00      0.00     22.20      0.00
11      7.80      6.60      0.00      0.00      0.00    -99.00     53.60      0.00      0.00     12.00      2.20      0.00
12      0.00      2.00      0.00      1.00      1.40    -99.00     89.40      0.00      0.00      4.00      0.00      0.40
13      0.00      6.20      0.00     47.40      2.20      1.00     69.00      0.00      7.20      2.00      0.00      0.00
14      2.40      9.00      0.00      0.00      1.00      0.40      1.80      0.00     71.60      0.00      0.00      0.00
15      2.60      7.20      0.00      0.00     24.80      0.00     37.60      0.00     12.80      0.00    103.00      5.00
16     15.40      0.40      0.00      0.00     32.40      0.00     14.00      0.00      3.80      0.00      2.80     15.20
17     14.80      0.00      1.00      0.00      4.80      0.00      1.20      0.00     44.40      0.00      0.00     15.80
18      3.00      0.00      0.00      0.00      0.00      0.00     30.00     40.80      0.20      6.20      0.00      1.40
19      0.00      0.00      0.00      0.00     17.40      0.00     68.60      0.20      0.00     36.40    110.40      2.80
20     20.80      0.00      0.00      0.00     35.20      0.00      0.60      0.00      0.00      0.00     87.00      0.00
21     33.00      0.00      0.00      0.00      0.00      1.40      1.40      0.00      0.00      0.00     54.20      1.40
22      6.00      0.00      0.40     14.00      2.40      0.80     18.40      0.00      0.00      0.00     37.80      0.80
23     14.40      0.00      0.00      0.00     38.20      0.00      0.20      0.00      2.40      0.00     14.80      3.00
24     23.80      2.20      0.00     32.80     10.60      2.40      1.00      1.00      0.00     24.40      8.40      1.40
25     26.60      8.60      1.40      0.20     10.20      0.00     14.80     32.20      0.00     13.20      3.60      0.80
26      1.40      1.40      1.80      7.20      0.80      9.60      5.20     37.80      0.00      2.60     11.40     33.20
27      1.00      1.60      5.40      0.00      4.60      0.40     25.60     37.80      0.20      2.40      5.60     48.00
28      0.00      0.00      0.00      7.40     35.40     13.00      0.60      4.20     14.20      0.40     21.20     12.00
29      0.00    -99.00     48.40      0.80      4.00      0.00      0.00      2.40      0.00      0.80     13.60     12.80
30      0.00    -99.00     25.60      0.00      0.80     13.40      0.00      1.80      0.00     10.00      0.40      3.40
31      0.00    -99.00      7.40    -99.00      0.20    -99.00      0.00      9.00    -99.00    147.60    -99.00      3.40
2018
01      2.80      0.40      0.00      0.00      0.20      0.00      0.20      0.00      0.00      1.20      0.00     14.60
02      5.20      0.20      0.00      0.00      0.00      2.60      0.00      0.00      0.20     25.60      0.00      0.00
03     23.00      0.00     23.40      0.00      0.00     35.00      0.00      0.00      1.60     76.20      0.00      0.00
04     10.60      0.00      0.20      0.00      0.00      1.40      0.00      0.00      0.00     92.80      0.00      0.00
05      3.60      0.00      0.00      0.00     13.60      0.20      0.00     26.20      0.00      0.00      0.00      0.00
06      0.00      0.00      0.00      1.20     11.60     14.60      0.00      0.20      0.00      0.00      3.40      0.00
07      0.00      0.00      0.00     25.40     20.80      1.40      0.20      0.00      0.00      0.00     31.60     10.00
08      0.00      0.00      9.60      3.80      8.60      0.00     27.00      0.00     12.00      0.00     39.20     56.80
09     16.00      0.00      0.00      0.60      1.60      0.00      9.00      2.40     29.80      0.00     31.40     66.20
10      0.00      0.00      0.80      0.00      1.00      0.00      9.40      0.20      1.60     11.00      7.80     31.20
11      0.00      1.40      0.00      0.00      0.00      0.00      0.20      0.20      6.60     39.20      0.20     80.40
12      3.20      0.60      3.60      0.20      0.00      0.00      5.00      0.00      0.20     44.80      0.00     52.60
13     11.20      2.80      0.60      0.20      0.00      0.20      0.20      0.00      2.00     69.40      0.00     12.20
14      7.20      0.20      5.40      0.00      0.00      0.00      0.00      4.40      0.20      0.20      0.00     15.80
15      1.20      0.00     21.40      0.00      0.00      0.00      2.20      0.00     11.20      0.00      0.00     71.00
16      0.00      0.00      0.00      0.00      0.00      0.00      1.40      0.00      0.00      0.00      0.00     28.80
17      0.00      0.00      0.00      0.00      0.00      0.00      4.00      0.00      0.60      0.00      0.00      6.40
18      0.20      0.00      0.00      0.20      0.00      0.00     10.40     19.80      3.00      0.00      0.00      1.20
19      0.80      0.00      7.00      0.00      0.00      0.00      1.00      0.60      6.20      3.20     32.00      0.00
20      1.40      0.00      1.00      0.00      0.00      0.00      0.00      0.00      1.80     22.00      0.20      0.00
21      0.00      0.00      4.40      0.00      0.00      0.00      0.60      0.00     13.20      0.00      0.00      0.00
22      4.60      0.00      0.40      3.20      0.00      0.00      0.00      6.20     34.80      1.60     22.60      0.00
23      2.60     95.00      0.00      0.00      0.00      0.00      1.60      1.00      0.00      3.80      0.80      0.00
24     19.40      0.00      0.20      8.40      0.00     40.20      0.00      0.20      0.00      0.60      4.60      5.00
25      1.60      0.00      0.00      1.00      7.80      0.20      0.00      0.00      0.00      0.00     35.00      1.00
26      3.20      0.80      0.00     58.00      0.00      2.00      0.00      0.00      0.00      0.00     12.00      3.40
27     34.80      2.40      0.00      0.00      0.00     22.80      0.60      0.00      0.00      0.00      1.80      8.20
28      0.00      0.00      0.00     15.80      0.00      0.00      0.80      0.00      0.20     16.80     11.80      7.20
29     11.60    -99.00      0.00      6.60      0.00      9.80      0.00      0.00      0.20      0.00    103.40     55.40
30      0.00    -99.00      0.00      6.40      0.00      0.00     19.00      0.00      2.40      0.20      6.20      8.20
31      6.20    -99.00      0.00    -99.00      0.00    -99.00      0.00      0.00    -99.00      0.00    -99.00      9.20
