KhamDuc             
   107.79400       15.445000             404
2011
01      0.00      0.00      0.00      0.00      2.40     17.80      0.00      0.60      0.00     18.00     15.40      0.40
02      0.00      0.00      0.00      0.00      0.00      0.00      2.20      1.40      0.40      9.40      0.00      0.20
03      0.00      0.00      1.00      0.00      0.00     17.80      2.40      0.60     33.40     13.40      0.40      0.20
04     10.20      0.00      0.80      0.00      0.00      1.00      0.00      0.00     64.40     11.80     19.00      0.00
05      2.00      0.00      0.20      0.00      0.00      4.60      0.00      0.00      5.80      1.60     46.60      0.00
06      0.20      0.00      0.00      0.00      0.00      0.00      4.20      0.00      8.60      4.40     40.80      5.60
07      0.20      0.00      0.00      0.00     28.20      0.20      0.00      0.00      2.40      3.80    220.80      2.60
08      0.00      0.00      0.20      0.00      0.20      0.00      0.80      0.00     15.60     10.00     27.80      9.40
09      3.40      0.00      0.00      0.00      0.00      2.40     22.20      0.00     11.00     16.20      8.00      7.80
10      0.40      0.00      0.00      0.00      0.00      0.00      0.20      0.40     11.40      3.40      0.60      1.60
11      0.00      0.00      0.00      0.00      0.00     26.00      4.60      0.00     14.00     18.60      0.00      0.00
12      0.00      2.20      0.00      0.00      0.00      3.80     25.60      0.00     16.60      6.20      0.00      0.00
13      0.00      0.00      0.00      0.00      5.20     13.20      0.20      0.00      0.80      7.00      0.00      0.00
14      0.00      0.20      0.00      0.00      4.20      1.80      0.00      0.00      1.20     56.80      0.80      1.00
15      0.00      0.00      2.40     13.40     25.60      2.00      2.80      1.00      1.60     83.60      4.60      1.00
16      0.00      0.00      1.20     22.00      3.80      0.00      0.00     13.20      0.00     50.20     10.60      2.80
17      1.20      0.00      0.00     18.20      2.60      2.00      0.00      9.00      2.80     86.20      0.40      5.40
18      1.40      0.00      0.00      2.80      1.80      0.40      1.60      1.40     11.60      1.20      0.00     11.00
19      0.60      0.20      0.00      0.00      4.60     38.60      0.40      9.20      1.80      0.60      0.20      0.20
20      0.00      0.00      0.00      3.00      5.40      0.20      0.00     15.00     18.40      2.20      0.20      0.00
21      0.00      0.00      0.00      0.00      0.00      0.00      0.00      4.40      3.20      0.00      6.80      0.00
22      0.00      0.00      0.00      0.00      3.00      0.00     28.00     53.40     25.40      0.00     12.00      3.40
23      0.20      0.00      3.40     21.40     36.20      0.00      6.20      4.80    206.00      0.00     17.00     10.60
24      0.40      0.00      1.00      0.00     54.60      3.00      0.00      0.00     44.00      1.20      2.00      9.20
25      0.40      0.00      0.40      0.40      0.00      0.40      0.00      0.00     11.20     13.40     21.60      1.20
26      0.40      0.00      0.00      0.00      0.00      0.00      0.00      0.00     41.20     11.60      6.80      0.00
27      0.00      0.00      0.00      5.40      0.00      0.00      0.00      2.20      5.20     26.00      1.20      1.00
28      1.20      0.00      0.00      0.00      0.00      0.40      8.60      2.60      0.20     16.60      2.00      5.60
29      0.00    -99.00      1.40      0.00      0.00      4.40      0.00      0.80      0.00      0.60      0.20      0.00
30      0.00    -99.00      0.20      0.00      0.60      0.00      3.20     14.20      0.20      7.40      7.00      1.00
31      0.00    -99.00      0.00    -99.00      1.00    -99.00     47.20      1.80    -99.00      8.40    -99.00      3.80
2012
01      3.40      0.40      0.00      1.60      0.00     21.60     20.40      0.00      0.00      0.20      1.00      0.00
02      1.40      2.20      0.00      9.00      2.40      1.00      4.80      0.00      9.60      0.00      0.80      0.00
03      0.20      3.20      0.00      0.60     27.60     70.60     51.60      0.80      0.40      6.60      0.20      0.00
04      2.60      0.20      0.00      1.00      1.40     11.60     13.20      0.00     28.40      0.00      0.00      0.20
05      0.00      0.00      0.00      2.00      0.20     37.00      2.60      0.00     15.20      0.00      5.80      0.40
06      0.00      0.00     36.20      0.00      0.40     11.20     31.20      1.20     11.40     46.60      1.60      0.00
07      0.00      0.00     15.40      7.40      0.00     86.60      0.00      0.80      7.80     49.40     12.80      0.00
08      3.80      0.00      0.20      0.00      0.00      6.40     70.00      0.20      0.00     18.20      0.80      0.00
09      0.20      0.00      0.00      0.00     34.20      0.00      0.40      0.00      0.00     15.40      0.00      0.00
10      0.00      0.00      0.00      7.80     26.60      0.20     18.00      0.20      0.80      9.60      0.00      0.00
11      0.80      0.00      0.00      0.20      8.40      0.00     54.80      0.00      0.00      1.40      1.80      0.80
12      0.20      0.20      0.00      5.80     25.00      0.00     39.60      0.00      0.20      0.20     11.20      1.80
13      0.00      0.00      0.00      4.40      0.20      0.00      0.00      0.20      5.40      0.00      1.40      3.40
14      0.00      0.00      0.00      0.00     15.40      0.00      0.00      0.00      0.00      0.00      0.00      5.60
15     12.00      0.00      0.00     12.00     27.40      0.00      0.00      3.00     10.40      0.00      0.80      0.00
16      1.40      0.00      0.00      3.40      6.60     13.20     10.60      1.20      0.00      0.00      2.60      0.00
17      1.00      1.00     15.60     11.20     28.40     12.40     30.20      0.00      0.20      0.00      5.20      0.00
18      0.00      2.80      0.20      7.00      0.00      3.40     39.40      0.00      2.60      0.00      0.00      2.40
19      0.00      0.00      2.20      0.40      0.00      0.00      5.20      2.20      0.00      0.00      0.20     12.60
20      0.00      0.00      3.60      6.00      0.80      0.00      3.80      3.60      8.60      0.00      0.00      0.00
21      1.80      0.00      0.00      1.20      5.80      0.00      0.00      3.00      0.00      0.00      0.00      0.00
22     34.40      0.00      0.00      0.00      8.80      0.00      0.00      0.20      1.00      0.60      0.00      0.20
23      0.00      0.00      0.00      0.20      0.00      0.00      3.20     12.20      0.00      0.00      0.00     41.60
24      0.00      0.00      0.00      0.00      0.00      0.00      0.40     13.60      0.00      0.80      0.00      1.20
25      0.00      0.00      0.00     12.00     26.20      0.00      0.40      8.00      0.00      3.60      0.00      0.60
26      0.40      0.00      0.00      0.00      1.80      0.00      0.00      1.80     20.60      0.20      0.00      0.40
27      0.00      2.00      0.80      0.00     36.00      0.00      0.00     43.00     44.00     31.20      0.00      1.00
28      0.00      0.00      0.00      0.00      6.40      0.00      0.00      7.40      3.40      0.20      0.00      0.20
29      1.20      0.00      0.00      1.00      7.20      0.00      0.00      0.60      0.40     36.00      0.00      4.20
30      5.00    -99.00      0.00     13.40      6.20      4.40      0.00      0.00      0.80      0.40      0.00      1.00
31      1.60    -99.00      3.80    -99.00     12.00    -99.00      2.80      0.00    -99.00      5.80    -99.00      0.00
2013
01      0.00      0.20      0.00      0.00      9.80      0.00      6.00      0.20    -99.00    -99.00    -99.00      5.40
02      0.00      0.00      0.00      1.20      1.00      0.00     11.20      2.00    -99.00    -99.00    -99.00      0.00
03      0.00      0.00      2.80      0.00     30.40     46.60     37.80      0.00    -99.00    -99.00    -99.00      0.00
04      0.80      0.00      0.00      0.00      3.80      4.60      0.00      9.00    -99.00    -99.00    -99.00      5.20
05      0.20      0.00      0.00      0.00      1.60      0.60      0.00      0.20    -99.00    -99.00    -99.00      0.00
06      1.80      0.00      0.00      0.00      0.20     28.00     14.20      0.00    -99.00    -99.00    -99.00      0.40
07      0.60      0.00      0.00      0.00     41.00      6.60      0.00      0.00    -99.00    -99.00    -99.00      0.00
08      2.20      0.00      0.00      3.00     40.80      0.00      4.60      2.20    -99.00    -99.00    -99.00      0.00
09      0.40      2.00      0.00      0.00     11.20      0.00     27.20     46.80    -99.00    -99.00     12.80      0.00
10      0.00      7.80      0.00      0.40     12.20     17.00     14.20      1.40    -99.00    -99.00     61.20      0.00
11      1.80      0.00      0.00      2.80      1.20      0.20      1.00      6.20    -99.00    -99.00      0.20      0.00
12      0.00      0.00      0.00      1.40     12.40      0.00      0.20      4.60    -99.00    -99.00      9.00      1.40
13      0.00      0.00     26.80      2.00      8.60      0.00      7.40     10.00    -99.00    -99.00     10.40      3.60
14      0.00      0.40      0.00      0.00      2.20      0.00      3.40      0.00    -99.00    -99.00     11.40      0.00
15      0.00      0.00      0.00      0.00      7.40      0.00      0.00      0.00    -99.00    -99.00    205.40      1.60
16      0.00      0.60      0.00     24.40     32.60      0.00      7.00      0.00    -99.00    -99.00     30.40      6.00
17      0.00      0.20      0.00      9.40      7.20      5.00      0.20      0.00    -99.00    -99.00     66.00      9.00
18      1.60      0.00      1.40      1.60      0.00      9.60      8.40      0.00    -99.00    -99.00      0.40      0.00
19      2.40      0.00      0.00     46.60      0.00      0.00     31.20      0.00    -99.00    -99.00      8.20      0.00
20      0.20      0.00      3.80     55.40      0.00      0.20     32.40      0.60    -99.00    -99.00      4.40      0.00
21      0.00      0.40     10.80     13.40      0.00      0.00     43.20      1.20    -99.00    -99.00      9.80      0.00
22      0.00      0.00      4.80      0.00      0.00     29.20      0.20      1.80    -99.00    -99.00     15.60      0.00
23      0.00      2.40      0.00     43.20     18.80      0.60     18.00      0.20    -99.00    -99.00     14.20      0.00
24      0.00      0.40     20.00      0.80      0.40      0.00      4.80      0.00    -99.00    -99.00      5.80      0.00
25      1.00      0.40      0.20      3.40      0.00      0.00      0.20      0.40    -99.00    -99.00      3.40      0.40
26      0.00      0.00      2.20     46.60     16.60      0.00      1.00     16.40    -99.00    -99.00      2.00      0.00
27      1.00      0.00      0.00     21.60     37.80      0.00      4.20      0.00    -99.00    -99.00      0.20      1.40
28      0.80      0.00     33.80      8.80     13.20      0.00      1.20      0.00    -99.00    -99.00     15.00      0.00
29      0.40    -99.00      2.40      1.20     14.00     24.60      8.60     14.20    -99.00    -99.00      0.20      0.40
30      0.00    -99.00      2.20     28.20      0.00     18.40      1.00      0.00    -99.00    -99.00      2.00      0.00
31      3.20    -99.00      0.20    -99.00      0.00    -99.00      1.00      0.00    -99.00    -99.00    -99.00      0.00
2014
01      0.00      0.00      0.00      6.80     26.60      2.00      0.00     24.80      9.20      0.00      4.20     79.20
02      0.00      0.00      0.00      0.00      0.00     31.80      0.00     24.80     22.60      0.00      0.00     83.80
03      0.20      0.00      0.00     10.00     12.20      1.80     20.40      0.40      0.40      0.00      4.00      3.00
04      0.00      0.00      0.00      8.80      1.00      0.00     58.00      6.20      8.80      7.00     10.20      2.00
05      0.00      0.00      0.00      4.40      1.80      1.60     48.60      0.00      0.00     16.20      1.20      5.60
06      0.00      0.00      0.00      0.00      0.20      0.20      1.20      0.00      0.00     28.40      0.00      0.00
07      0.00      0.00      0.00      3.40      2.00      0.00      0.00      0.00      0.00     19.20      0.00      1.60
08      0.00      0.00      0.00      0.80     33.40      0.00      7.80      0.00      7.80      1.20      0.00      2.20
09      0.80      0.00      0.40      6.60      0.80      0.00      1.40      0.00      3.40      0.00      0.00      1.40
10      2.00      0.00      0.40      0.00      0.00      0.00      0.00      0.00     11.80      0.00      0.00      0.00
11      1.00      0.00      0.00      0.00      0.00      0.00      0.00      0.00      0.00      0.00      0.20      0.20
12      4.60      0.00      0.00      0.00      8.40      2.60     27.60      0.00     19.40      0.40      0.20      0.00
13      0.20      0.40      0.00      0.00     28.60      0.80      0.00     51.60      0.80      7.80     63.20      0.20
14      0.00      0.00      0.00      0.00     18.20      0.00      0.00    -99.00     27.80      1.40     33.00      0.00
15      0.00      0.00      1.00      0.00      0.00      0.00      0.00    -99.00      0.00      4.80     15.00      0.40
16      0.00      0.00      0.00      0.00     32.80      0.00      0.00    -99.00      0.60      1.80      4.00      3.80
17      0.60      0.00      0.00      0.00      0.00      0.00      0.00     24.40      0.40      6.80      0.40      4.00
18      1.40      0.00      0.00      0.00      0.00      0.00      0.20      6.80      0.00     39.80      0.60      0.00
19      1.80      0.00      0.00      0.00      0.00      0.00      4.20     20.60      0.00      0.80      0.60      0.00
20      0.80      0.00      0.00      0.00      2.80      0.00    -99.00     54.20      8.00      0.60      2.80      0.00
21      0.20      0.00      3.60      0.00      1.80      0.00      0.20     29.40      0.00      0.80      0.20      0.60
22      2.80      0.00      4.20      0.00      0.00      0.00     80.40     34.80      2.60     10.40      0.00      0.00
23      0.00      0.00      1.20      0.00      4.40      0.00     10.80      1.40     11.60      3.00      0.00      0.00
24      0.00      0.00      0.00      0.00      0.00      2.00      0.00      0.60     63.60      1.60      0.00      0.00
25      0.00      0.00      0.00      0.00      5.00      0.00      0.00     33.00      1.00     51.80      1.00      9.40
26      1.00      0.00      0.00      0.00      0.00      0.00     17.00     29.20      0.80     19.20      0.00      2.80
27      0.00      0.00      0.00      0.00     54.20      0.00      1.60      3.20      0.00      1.40      0.00      3.40
28      2.00      0.00      4.80     45.80     13.80      9.40      8.80      6.80      0.00      6.80      0.00      4.40
29      0.20    -99.00     24.80     15.60      5.00     30.60      8.80      0.00      1.60      0.00      0.00      0.00
30      0.00    -99.00      1.00     26.40     34.20      0.20     27.60      1.00      0.00      3.20     14.00      0.00
31      0.00    -99.00      0.60    -99.00     37.60    -99.00     12.00      0.80    -99.00      2.20    -99.00      0.00
2015
01      0.60      3.40      0.00      0.00     32.40      0.20      0.00      2.20      5.00      0.00     44.60      1.00
02      1.80      8.40      0.00      0.00      2.40      0.00      0.00     28.20    -99.00     21.60      3.40      0.00
03      0.40      4.60      0.00      8.40      0.00      0.00      0.00      0.60      0.20      0.00      0.20      0.00
04      0.00      0.60      0.00     25.40     29.20     32.20      0.00      5.80    -99.00     60.20     56.20      1.00
05      0.00      0.20      0.00      0.00      0.00     29.80      6.20     12.80     21.60      5.40     57.20      0.00
06      0.00      3.20      0.00      0.40      4.00      5.80     13.20      3.00      0.00      6.80     23.20      1.40
07      5.40      0.00      0.00      0.00      0.00      3.20      9.40     16.20      1.20      2.40      0.00      0.00
08     14.20      0.40      0.00      0.00      0.00      9.80      3.40      0.00     28.20      2.20      5.20      0.00
09      5.00      2.20      0.00      0.00      7.60      0.00      3.40      0.00      1.60     43.20      0.20      0.00
10      3.00      0.00      0.00      0.00      6.40      0.00     26.20      0.00      8.60     18.60      0.00      0.00
11      0.00      0.00      0.00      0.00     10.20      1.00      0.40      0.00      6.80      9.40      0.80      0.00
12      0.00      0.00      0.00      4.00      6.40      5.00      0.20      0.00      1.40     44.20      1.20      0.00
13      0.00      0.00      0.00      0.00     28.00      6.40     11.40      0.00    101.20      1.00      0.00      0.00
14      0.00      0.00      0.00      0.00      0.60      0.00      9.80      0.00    104.00      8.40      0.00      0.00
15      0.00      0.00      0.00      0.00     12.80      0.00      1.80      0.00      8.00     51.20      0.00      0.20
16      0.00      0.00      0.00      0.00      8.60      0.00      0.00      0.00     10.20      0.00      0.00     23.80
17      1.00      0.00      0.00      0.00      0.00      0.00      6.20      0.00      2.40      0.00      0.00      0.20
18      2.40      0.20      0.00      0.00      0.60      0.00     10.20      0.00      2.60      0.00      0.00      0.60
19      0.80      2.60      0.00      0.00      3.40      0.00      7.80      0.00      0.00      0.00      0.00      0.00
20      0.00      0.00      0.00      0.00      0.00      5.40      1.80      0.00      0.00      0.00      0.00      1.00
21      0.00      1.40      0.00      1.40      0.00      7.00      0.00      0.00     18.20      0.00      1.60      0.20
22      0.00      1.40      0.00     23.60      0.00      7.00      0.00      0.00      3.20      0.00      1.80      4.00
23      0.00      0.00      0.00      4.80      0.00     20.80      0.00      0.00     21.40      0.00      4.40      0.00
24      0.00      0.60     13.40      0.00      0.00      2.40      0.00      0.00      4.00      0.00      0.20      0.00
25      0.00      4.80     67.60      0.20     18.80      0.20      0.00      0.00     15.20      0.00      3.00      0.00
26      0.00     27.60     10.80      2.00      0.00      0.00      0.00      0.00      6.80      0.00     32.00      0.00
27      0.20      0.00     19.60      0.00      0.00      0.00      1.40      0.00      0.00      0.00      5.60      0.00
28      0.00      0.00      4.20      6.80      0.00      0.00      7.20      0.00      0.40      0.00      7.40      0.20
29      0.00    -99.00      3.80      1.20      0.00      0.00      5.80      0.00      0.00      0.00      1.80      2.80
30      0.00    -99.00      0.20      0.00      0.40      0.00     13.60      0.00      0.00      0.00      0.00      7.80
31      0.00    -99.00      6.00    -99.00      4.80    -99.00      6.80      0.00    -99.00     19.00    -99.00     20.20
2016
01      4.80      0.00      0.00    -99.00    -99.00    -99.00    -99.00    -99.00    -99.00    -99.00    159.80      3.20
02      0.60      0.00      0.40    -99.00    -99.00    -99.00    -99.00    -99.00    -99.00    -99.00     37.60      8.80
03      0.20      0.00      0.20    -99.00    -99.00    -99.00    -99.00    -99.00    -99.00    -99.00     21.00     72.80
04     17.00      0.60      0.00    -99.00    -99.00    -99.00    -99.00    -99.00    -99.00    -99.00      4.20     15.40
05      0.00      0.00      0.00    -99.00    -99.00    -99.00    -99.00    -99.00    -99.00    -99.00      0.80      2.80
06      0.00      3.80      0.00    -99.00    -99.00    -99.00    -99.00    -99.00    -99.00    -99.00    152.80      0.40
07      0.00      3.60      0.00    -99.00    -99.00    -99.00    -99.00    -99.00    -99.00    -99.00      0.00      3.40
08      1.60      0.20      0.00    -99.00    -99.00    -99.00    -99.00    -99.00    -99.00    -99.00      0.00      0.60
09      1.20      0.00      0.00    -99.00    -99.00    -99.00    -99.00    -99.00    -99.00    -99.00      0.00      0.00
10      0.20      0.00    -99.00    -99.00    -99.00    -99.00    -99.00    -99.00    -99.00    -99.00      0.00      0.00
11      0.40      0.00    -99.00    -99.00    -99.00    -99.00    -99.00    -99.00    -99.00    -99.00      0.00      6.80
12      0.00      0.00    -99.00    -99.00    -99.00    -99.00    -99.00    -99.00    -99.00    -99.00      0.00      8.40
13      0.00      0.00    -99.00    -99.00    -99.00    -99.00    -99.00    -99.00    -99.00    -99.00      0.00     87.60
14      0.00      0.00    -99.00    -99.00    -99.00    -99.00    -99.00    -99.00    -99.00    -99.00      0.00    134.40
15      0.00      0.20    -99.00    -99.00    -99.00    -99.00    -99.00    -99.00    -99.00    -99.00      0.00    135.20
16     16.60      0.00    -99.00    -99.00    -99.00    -99.00    -99.00    -99.00    -99.00    -99.00      0.00      8.40
17      0.20      0.20    -99.00    -99.00    -99.00    -99.00    -99.00    -99.00    -99.00    -99.00      0.00      1.00
18      0.20      0.00    -99.00    -99.00    -99.00    -99.00    -99.00    -99.00    -99.00    -99.00      0.00      3.60
19      0.00      0.00    -99.00    -99.00    -99.00    -99.00    -99.00    -99.00    -99.00    -99.00      0.00      5.40
20      0.00      0.00    -99.00    -99.00    -99.00    -99.00    -99.00    -99.00    -99.00    -99.00      0.00     12.00
21      0.00      0.00    -99.00    -99.00    -99.00    -99.00    -99.00    -99.00    -99.00      0.20      0.00      0.00
22      1.00      0.00    -99.00    -99.00    -99.00    -99.00    -99.00    -99.00    -99.00      0.20      0.00      5.40
23      1.20      0.60    -99.00    -99.00    -99.00    -99.00    -99.00    -99.00    -99.00      2.60      0.00      1.20
24      0.00      0.00    -99.00    -99.00    -99.00    -99.00    -99.00    -99.00    -99.00      0.00      0.00     12.60
25      0.00      0.00    -99.00    -99.00    -99.00    -99.00    -99.00    -99.00    -99.00      1.60      0.00      0.20
26      0.00      0.00    -99.00    -99.00    -99.00    -99.00    -99.00    -99.00      0.00      4.00      0.00      0.00
27      3.20      0.00    -99.00    -99.00    -99.00    -99.00    -99.00    -99.00      0.00      0.00      0.00     10.00
28      0.20      0.00    -99.00    -99.00    -99.00    -99.00    -99.00    -99.00    -99.00      0.20      0.00      3.80
29      0.00      0.00    -99.00    -99.00    -99.00    -99.00    -99.00    -99.00    -99.00      7.20      0.00      0.00
30      0.80    -99.00    -99.00    -99.00    -99.00    -99.00    -99.00    -99.00    -99.00     51.40      0.00      0.00
31      0.00    -99.00    -99.00    -99.00    -99.00    -99.00    -99.00    -99.00    -99.00     19.40    -99.00     30.80
2017
01     16.40      4.00      0.00      0.00     23.60      0.00     18.60      0.40     17.20     43.20     63.40      0.80
02      8.40      6.40      0.00      0.60      0.80      0.00      0.20      0.00      0.00     13.60      0.20      8.80
03      5.80      9.80      0.00      2.40      3.80      0.00      0.00      0.00     46.60      2.00      2.40      2.60
04      1.20      1.00      0.00      0.00      0.60      0.00      1.40      0.00     14.00      4.20    112.20     12.20
05      1.40      0.00      0.00     23.80      1.00      2.60      2.80      0.00     20.80      0.60    197.80     12.20
06      0.80      0.00      0.00      0.80      0.00     31.00      0.40      3.40     10.80      0.80     18.40      0.60
07      0.00      0.00      0.00      0.00      7.20     24.60      0.00      0.20      4.60      0.40     12.00      0.40
08      2.60      0.00      2.00      0.00     37.60     51.20      0.00      0.20     20.20      3.60     37.80      3.20
09      5.40      2.00      0.20      0.00     39.40      9.40      1.40      0.00     26.80     23.00     13.40      0.40
10      2.20      0.00      0.80     15.60      2.20     16.60      0.20      0.00      0.00      0.00     12.60      0.00
11      9.40      4.80      0.00      0.00      0.00      0.00     35.40     27.80      0.00      2.00      7.00      0.00
12      2.40      0.00      0.00      0.40      3.80      0.20     26.60      0.00      0.00      4.00      0.00      0.00
13      4.20      0.20     12.80      0.00     10.60     51.40     34.20      1.40      4.80      0.00      0.20      0.00
14      0.00      5.40      0.00      0.00      9.20      1.00      0.20      3.60    106.20      0.00      5.40      0.00
15      1.00      0.80      0.00      0.00     29.40      0.20     10.60     21.60     44.20      0.00     10.60      1.00
16      8.80      0.00      0.20      0.00     21.20      0.00     28.80      0.00     23.60      0.00     11.80     21.20
17      6.40      0.40      0.00      0.00      1.00      0.00      3.40      0.00     29.80      0.00      0.00      3.00
18      0.00      0.40      0.00     15.60     54.20      0.00      0.00     15.80      0.00      1.20      0.20      1.40
19      0.00      0.00      2.80      0.00     21.80      0.00     26.20      0.00      0.00     13.20     55.40      2.20
20      4.20      0.00      6.00      0.00     25.80      0.00     29.40      0.00      0.00      1.20     76.60      0.00
21      3.00      0.00      0.20      2.80     47.60      0.00     14.80      0.00      0.60      0.80      2.00      0.00
22      7.20      0.00     30.60      0.00     13.60      2.60     17.20     15.60      3.00      0.00     15.80      0.00
23      0.60      0.00     10.20      0.20      5.60     29.80      0.60      0.00      1.20      0.60     13.40      2.00
24      0.20      0.60      0.00     14.80     60.60     62.40     11.00      0.00      0.20      5.40      0.00      5.00
25      5.40      0.00     13.80      6.20      0.20      5.00     38.60      2.20      7.20      2.00      0.20      2.00
26      1.00      0.00      0.20      0.00      0.00     12.00      3.00     32.20      0.00      0.00      0.00      4.60
27      1.80      0.20      2.00      0.20      0.00      0.60      0.80     12.20      0.00      0.20      0.60     15.80
28      0.00      1.00      0.00      3.40      4.40      9.80      1.20      0.60      0.20      0.00      6.40      0.60
29      0.00    -99.00     25.00      0.60      6.80     21.00      0.00      0.20     26.00      0.00      8.20      5.60
30      0.00    -99.00      0.00      3.40     50.80     43.20      0.00      8.20      1.20     19.40      2.80      5.00
31      0.00    -99.00     13.20    -99.00      0.20    -99.00      0.00     17.80    -99.00     19.40    -99.00      3.60
2018
01      2.40      0.00      3.60      0.00     18.80      0.00      0.00      0.00     15.00     24.80      0.00      1.00
02      1.60      0.20      0.00      0.00      0.00      7.00      0.00      0.00     48.00     10.40      0.00      0.00
03      2.00      0.00      2.60      0.00      0.00     22.00      0.00      0.00      7.60     35.20      0.00      0.00
04      3.60      0.00      0.00      0.00      0.00     10.60      0.00      2.00      0.60      7.20      0.00      2.60
05      0.60      1.60      0.00      0.00      3.20      0.40      0.00     30.40      0.00      0.00      0.00      0.20
06      1.80      0.00      0.00      2.00     16.40      0.00      7.60      0.00      0.00      0.00      2.00      0.00
07      0.00      0.20      0.00      2.60      0.00      1.20      0.00      0.00     36.00      0.00     30.00      2.40
08     34.40      0.00     12.20      0.40     16.40      0.00      1.00      0.00      0.00      0.00     17.40     68.00
09     10.80      0.00      0.00      0.00      2.40      0.00     12.60      6.00      0.00      0.00     24.40     35.80
10      0.00      0.00      0.00      0.00      6.20      0.00     24.00      0.00      5.20      1.40      2.60     22.00
11      0.00      2.20      0.00      0.00      0.00      0.00     14.00      0.00      2.60      3.20      0.40     17.00
12      0.00      8.00      1.60     12.40      0.00      2.00      5.40      0.00      0.00      6.20      0.00     26.20
13      1.80      2.80      0.20      0.00      0.00      0.00      7.20      2.00     18.60     19.00      0.00      1.00
14      2.00      0.00      6.00      0.00      0.00      0.00      0.20     20.60      0.20      0.20      0.00      1.80
15      0.40      0.00     20.40      0.00      1.60      0.40     10.20      0.20      7.80      0.20      0.00      2.80
16      0.20      0.00      0.00      0.00      2.00      0.00      4.40      0.00      0.00      0.00      0.00      2.60
17      0.00      0.00      0.00      0.80      0.80      8.40      0.40      0.00     48.20      0.00      0.00      3.40
18      0.00      0.00      0.00      0.00      0.00      0.00     14.40      0.00     15.20      0.00      0.00      0.20
19      0.20      0.00     15.40     14.80      0.00      0.00      3.60      0.20      4.20      0.00      0.00      0.00
20      1.00      0.00      2.40      2.40      0.00      0.00      0.60      0.00     12.60      0.00      0.00      0.00
21      0.60      0.00      0.00     37.60      0.00      0.00      3.20      0.00      0.20      2.00      0.00      0.00
22      0.80      0.20      0.00      2.20      0.00      0.00     26.00      1.40     28.80      0.20      1.60      0.00
23      0.40      1.80      0.00     33.80      0.00      0.00      1.40      1.60      3.60      0.00      1.60      0.00
24      6.00      0.00      0.00     19.20      0.00     20.00      0.00      0.20      0.00      1.00      1.60      1.00
25      5.60      0.00      0.00     12.40      1.20     34.80      0.20      1.60      0.00      0.00      2.00      0.00
26      1.20      1.60      0.00     34.20      4.40      7.60      0.00      7.40      0.00      0.00      0.40      0.80
27      1.20      0.80      0.00      2.20      0.00     14.40      3.00      0.80      2.40      0.00      0.00      2.00
28      0.80      2.40      0.00      0.00     50.00      0.00      5.00      2.00      5.80      1.00      0.00      1.20
29     37.00    -99.00      0.00      1.80      0.60      0.40      0.20      0.00      0.00      0.00     23.80     21.40
30      0.00    -99.00      3.40     36.80      0.00      0.00      0.00      0.00      2.20      0.00      3.60      9.20
31      0.60    -99.00      0.00    -99.00      0.00    -99.00      0.00      0.00    -99.00      0.00    -99.00      0.00
