KienGiang           
   106.75400       17.118000              20
2011
01      0.20      0.00      0.00      0.00      0.00      0.00      0.00      0.00      0.00     35.60     35.00      2.60
02      1.40      0.00      0.00      0.00      0.00      0.00      0.40      0.20     16.80     44.60      0.40     19.60
03      2.00      0.00      6.60      0.00      0.00     14.60      0.00      3.00      3.80     20.20      2.00      2.60
04     25.80      0.00      4.80      0.00      0.00      1.60      0.00      0.00      6.20     46.20    140.60      2.20
05      3.40      0.00      4.00      0.00      0.00      0.00      0.00      0.00      8.00      0.20     29.40      4.40
06     23.00      0.00      0.20      0.00      0.00      7.80      0.00      0.00     55.60      0.00     67.40      4.00
07     11.20      0.00      0.00      0.00      0.20      0.00      0.00      6.20      0.40      2.60    485.40      6.20
08      0.00      0.20      0.00      0.00      0.00      0.00      0.00      0.00      0.20     12.40     92.60     13.60
09      5.20      0.00      0.00      0.00      0.20      0.00      0.00      0.00     46.40    230.40     14.00     40.60
10      9.00      0.00      0.00      0.00      0.00     48.40      0.00      0.00     41.20     15.20      0.00     30.00
11      0.00      3.60      0.00      0.00      0.00      0.00     14.60     18.60     34.20     34.80      0.00      9.00
12      0.00     17.00      0.00      0.00      0.40      0.00     48.00      0.00     21.40     25.40      0.00      0.00
13      0.00      6.20      0.00      0.00      2.00      0.00      0.00      0.00      2.40     14.00      2.00      0.00
14      0.00      0.00      0.00      0.00      0.00      0.20      0.00      0.00     15.00     28.20      1.80      0.00
15      0.00      0.00      2.80      0.00      0.00      7.00      9.60      0.20     23.80     25.40      8.80     13.20
16      0.00      0.00      0.00      0.00      0.00      0.00      0.00     72.20      3.00    334.00     46.00     32.20
17      0.00      0.00      0.00      0.00     18.80      0.20      0.00      8.40     25.20    324.80      0.00      9.20
18      0.80      0.00      0.00      2.80      3.60     13.80      0.00      0.20      1.00     44.20      0.00     24.40
19      0.80      0.00      0.00      0.60      4.80     11.00      0.00     25.20     18.40      4.80      0.00      0.00
20      0.00      0.00      0.00      1.20      0.40      4.20      0.00      0.20     10.60      1.80      3.00      0.40
21      0.00      0.00      0.00      5.20      0.00      1.80      0.00      0.00     37.00      2.20     41.80      0.00
22      0.00      0.00      0.00      0.00      6.00      0.00      0.00      0.00     79.60      0.00     20.20     18.20
23      0.00      0.00     11.80      2.20      0.80      0.00      0.00      0.00    195.60      0.00     23.80     34.00
24      0.00      0.00      1.60      0.00      1.60      1.40      0.40      0.00    202.40      2.60     11.60      8.00
25      0.20      0.00      3.20      0.20      0.00      0.00      0.40      0.00     24.80      6.80    118.80      4.60
26      0.00      0.00      0.00      0.00      0.00      0.00      0.00      0.00     83.20     12.00     19.00      0.00
27      0.40      0.00      0.00      0.60      0.00      0.00      0.00      0.00     29.80    106.60      3.60      1.20
28      1.20      0.00      0.00      0.00      0.00      0.00      0.00      0.00      2.20      7.00      0.60      0.60
29      0.00    -99.00      0.00      0.00      0.00      0.00      0.40      4.60      0.00      1.00     10.20      0.00
30      0.60    -99.00      0.00      0.00      0.00      0.00      0.40      0.00      0.00      1.00     11.80     10.40
31      1.40    -99.00      0.00    -99.00      0.00    -99.00      6.60     14.40    -99.00     29.80    -99.00      1.80
2012
01     14.20      0.00      0.00      2.20      5.80      0.00      9.00      0.00      0.00      0.40     16.20      0.00
02      6.20      0.00      0.00      3.40      0.00     10.60     21.00      0.00      3.80      0.00      2.20      0.00
03      0.00      2.00      0.00      0.00      2.60      0.20      8.20     14.00      7.60      0.00      1.00      0.00
04      9.60      0.00      0.00      0.00      0.00     31.40      6.20      0.00    151.60      0.00      0.20      0.00
05      0.80      0.00      0.00      1.80      0.00      0.00     28.60      0.00     11.00      0.00      2.00      1.00
06      0.00      0.00      0.00      0.00      0.00      0.00     36.20      0.00      7.40     79.80     21.20      0.00
07      0.00      0.00      0.00      2.60      0.00      0.60      1.20      0.00      4.80     72.00     56.00      0.00
08      3.00      0.00      0.00      0.00      0.00      0.20     22.60      0.00      0.20    110.60      0.00      1.40
09      1.40      0.00      0.00      0.00      0.00      0.00      0.00      0.00      0.00     10.60      0.00      0.00
10      0.60      0.00      0.00      0.00      0.00      0.00      0.00      0.00      0.00      0.20      0.00      0.00
11      0.00      0.00      0.00      0.00      0.00      0.00      0.00      0.00      3.60      5.40      1.00      0.00
12     11.80      0.00      0.00      0.00      0.00      0.00      0.00      0.00      6.20      0.20    124.00     13.00
13      0.40      0.00      0.00      0.00      0.00      0.00      0.00      0.00     12.80      0.00      9.00     11.80
14      0.00      0.00      0.00      0.00      0.00      0.00      0.00      1.80      7.80      0.00      0.40     11.80
15      7.80      0.00      0.00      0.00      0.00      0.00      0.00     24.40     28.20      0.00      2.80      0.40
16      4.40      0.60      0.00      0.00     54.20     11.60      0.00      5.00      0.00      0.00      9.80      0.00
17      7.40     10.80      0.00      0.00      1.80      7.20      0.80      0.20      0.00      0.00     22.00      0.00
18      2.60      7.00      0.00     13.40      0.00      1.60     14.00      0.00      8.60      0.00      0.00     21.40
19      0.60      1.60      0.20      0.00      0.00      0.00      3.60     13.20      0.20      2.80      1.80     22.40
20      1.00      0.00      0.00      0.00      4.00      0.00      0.00     59.40      0.00      1.80      0.00      2.40
21      1.20      0.00      0.00      0.00     29.40      0.00     14.80      0.00      0.00      0.00      0.00      0.00
22     23.20      0.00      0.00      0.20      0.60      0.00      0.00      0.00      0.00      0.60      0.00      6.20
23     14.00      0.00      0.00      4.20      0.00      0.00      0.00      0.00      0.00      1.40      0.00     40.40
24      0.00      0.00      0.00      0.00      2.60      0.00      0.00      0.00      0.00      2.80      0.00      4.20
25      0.00      0.00      0.00      0.00     40.80      0.00      0.00      6.40      9.40      2.00      0.00      0.40
26      0.00      0.00      0.00      0.00      0.00      0.00      0.00     26.60     92.40      7.20      0.00      1.80
27      0.00      0.60      0.00      0.00      7.60      0.00      0.00     11.60     16.40     73.60      0.00      0.00
28      0.00      0.00      0.00      0.40     19.80      2.20      0.00      8.40     10.60      0.40      0.00      0.40
29      3.40      0.00      0.00      2.20     30.60      0.00     14.80      0.00     11.40      0.00      0.00      9.40
30      5.80    -99.00      0.00      0.00      0.20     25.60      0.20      0.00     11.60      9.20      0.00     26.20
31      3.20    -99.00      1.00    -99.00      5.20    -99.00      0.00     33.60    -99.00     56.80    -99.00      0.00
2013
01      0.00      0.20      0.00      0.00      8.60      0.00      3.00      0.00      0.00      1.20      0.00      6.20
02      0.00      0.00      0.00      0.00      0.00      0.00      2.60     14.80      0.00     59.80      0.00      0.00
03      0.00      0.00     18.40      0.00      0.40      2.80      0.00      0.00      0.00      1.40      0.00      0.00
04      1.60      0.00      1.40      0.00      0.00      2.60      0.00      0.00      5.60    -99.00      7.60     13.80
05      0.80      0.00      0.00      0.00      0.00      0.00      0.00      0.00      0.00    -99.00    161.80      0.60
06      1.20      0.00      0.00      0.00      0.00      0.00      0.00      0.40     11.80    -99.00     16.20      2.60
07      0.60      0.00      0.00      0.00     14.60      0.00      0.00      3.40     32.20    -99.00     42.00      0.00
08      0.00      3.00      0.00      4.20      0.60      2.20      0.00      0.00      0.40    -99.00      9.20      0.00
09      0.20    -99.00      0.00      0.00      3.00      2.80     38.80      0.00     17.40    -99.00     21.20      0.00
10      0.00    -99.00      0.00     17.60      1.00     20.80      0.80      0.00     19.80    -99.00    135.40      0.00
11      2.20    -99.00      0.00      1.00      0.20      0.40      1.40      0.00     15.40    -99.00      0.20      0.00
12      0.00      0.00      0.00      8.60      0.00      0.00     18.80     26.20     12.00    -99.00      3.00      4.00
13      0.00      1.20      0.00      0.20      0.00      0.00      2.00      0.00      6.40    -99.00      0.20      5.40
14      0.20      0.00      0.20      0.00      0.00      0.00      9.80      0.00      0.00    -99.00     38.60      0.00
15      0.20      0.20      2.40      0.00      0.00      0.00      0.00      0.00      0.00    -99.00    209.20      0.20
16      0.20      0.80      0.00      5.40      0.00      0.00      0.60      0.00      0.20    -99.00    240.80      3.20
17      0.00      0.00      0.00      0.00      0.00      0.00      2.20      0.00     73.20    -99.00     36.40     15.20
18      1.00      0.00      0.00      0.20      0.00      0.00      0.00      0.00    360.60    -99.00      1.00      0.00
19      4.40      1.20      0.00      0.00      0.00      0.20      7.40      0.00      2.80    -99.00      3.00      0.00
20      1.40      1.40      0.00      0.00      0.00      4.20     19.40      0.00     20.80    -99.00      8.80      0.00
21      0.00      0.00      0.00      0.00      0.00      0.00      0.00      0.00      3.80    -99.00     26.60      0.00
22      0.20      2.80      0.00      0.00      0.00      7.60      0.00      0.00     52.60    -99.00      3.80      0.00
23      0.00     11.00      0.00      0.00      5.80      0.80     16.80      0.00      0.20      0.20      6.60      0.00
24      0.00      9.00      0.00      0.00      1.20      0.40     19.20      0.00      2.20      0.00      2.60      0.00
25      4.40      0.00      0.00      0.00      0.00      0.00      0.20      2.00      9.40      0.00     17.80      0.00
26      0.00      0.80      0.00      2.00      0.00      0.00      0.00     17.20      3.80      0.00      1.20      0.00
27      0.00      0.00      0.00      0.00      1.00      0.00      0.00      0.00     22.20      0.00      1.80      0.00
28      0.40      0.00      0.00      0.00      0.00      3.00      0.20      0.00     11.60      0.00     45.40      0.00
29      2.80    -99.00      0.00      0.00      0.00      0.00      2.00      4.20     12.60      0.00      6.20      0.00
30      0.00    -99.00      0.00      0.80      0.00      0.00      0.40      0.00    119.40      0.00      6.40      0.00
31      2.00    -99.00      7.60    -99.00      0.00    -99.00      0.00      0.00    -99.00      0.00    -99.00      0.00
2014
01      0.00      0.00      0.00      0.00      6.60      0.00      0.00      6.40     10.00      0.00      2.20    231.40
02      0.00      0.00      0.00      0.00      0.00      0.00      0.00      1.60      9.20      0.00      0.00    141.20
03      0.00      0.00      0.00      0.00      0.00      0.00      0.00      0.00      0.20      0.00     36.00     14.60
04      0.00      0.00      0.00     16.80      0.20      0.00      0.60      0.00      0.00      0.00     37.20      0.00
05      0.00      0.00     12.60      0.00      1.80      0.00      0.00      0.00      0.00     73.60     14.80      0.00
06      0.00      0.00      0.00      0.00      0.00      0.00      6.60      0.00      0.00      9.00     14.60      0.80
07      0.00      0.00      0.80      1.40      0.00      0.00      0.00      0.00      1.60     49.60      0.20     12.20
08      0.00      0.00      0.00      3.80      0.60      0.40      8.40      0.00      0.00      4.80      0.00     42.20
09      2.20      0.00      2.00      0.00      0.00      0.00     14.40      0.00      0.00      0.00      2.80      5.80
10     12.20      0.00      0.40      0.00      0.00      0.00      0.00      0.00      0.00      0.00      0.00      0.40
11      0.40      0.00      0.00      0.00      0.00      0.00      0.00      0.00      0.20      0.00      0.60      2.00
12     26.40      0.00      0.00      0.00      0.00      0.00      0.00      0.00      0.00      3.00     24.00     27.20
13     18.00      0.00      0.00      0.00      0.80      0.00      0.00      0.00      2.00     57.60    115.00     14.20
14      4.60      0.00      5.60      0.00      0.00      0.00      0.00    -99.00      0.00      3.20     43.20      1.60
15      0.00      0.00      0.00      0.00      0.00      0.00      3.00    -99.00      0.00      9.60    137.60      0.60
16      0.00      0.00      0.00      0.00      0.00      0.60      4.00    -99.00      1.00     14.40      5.00     36.00
17      0.60      0.00      0.00      0.00      0.00      0.40      3.60      0.00      0.20     25.00      0.00     19.20
18      3.80      0.00      0.00      0.00      0.00      0.20     12.20      0.80      0.00     75.80      2.40      0.00
19      0.20      0.00      0.00      0.00      0.00      0.00      0.00      0.00      0.00      0.20      4.40      0.00
20      2.60      0.00      0.00      0.00      3.20      0.00    -99.00      5.00     30.40      2.40      2.20      0.00
21      0.00      0.00      0.00      0.00      0.00      0.00      0.00      1.40      0.00      2.80      0.20      5.20
22      1.60      0.00      0.60      0.00      0.00      0.00      2.40      0.00     16.00     11.20      2.00     29.60
23      0.00      0.40      0.00      0.00     11.80      0.00      5.40      0.00      0.00     64.80      1.20      0.00
24      0.00      0.00      0.00      0.00      0.00      5.80      1.40      0.00     35.60     71.40     12.00      0.00
25      0.00      0.00      0.00      0.00      0.00      4.80      0.00      0.00      0.00     64.80      2.20      3.80
26      0.00      0.00      0.00      0.00      0.00      0.00     10.80      3.20      0.00     21.60      0.60      2.00
27      0.00      0.00      0.00      0.00      0.00      0.00      4.00      3.40      0.00     18.80      0.00      3.40
28      1.00      0.00      0.00      0.00      0.00      9.20     25.60      6.40      0.00     66.40      0.00     14.60
29      4.00    -99.00      0.00      0.00      0.00     10.40      0.60      9.00      6.80      0.00      0.00      0.00
30      0.00    -99.00      0.00     15.20      0.00      2.80     14.00      5.80      0.00     18.00     54.60      0.00
31      0.00    -99.00      0.00    -99.00      0.00    -99.00      0.00     11.40    -99.00     36.60    -99.00      0.00
2015
01      1.00     22.00      0.00      0.00      0.00      0.00      0.00      5.00      0.20      3.00    107.00      2.80
02      3.60      3.60      0.00      0.00      0.00      0.00      0.00      0.80      1.00      2.00     22.60      0.00
03      1.00      5.80      0.00      0.00      0.00      0.00      0.00     52.00      3.40      0.40      2.00      0.00
04      0.40      0.80      0.00      0.00      0.00      0.00      8.20      0.00      0.20     10.20    153.00      8.20
05      0.00      2.00      0.00      0.00      0.00      0.00     55.00      0.00      0.00     29.00    135.00      1.00
06      0.00     34.80      0.00      0.00      0.00      0.00     24.80      0.60      0.00     23.20     21.00      2.60
07     15.60      0.00      0.00      0.00      0.00      0.00      1.40      0.00      0.00      4.40      5.40      0.00
08      3.40      1.60      0.00      0.00      0.00      0.00      4.40      0.00      0.00      0.20      1.60      0.40
09      8.00      2.20      0.00      0.00     10.80      0.00      0.00      0.00      0.60      8.80      7.60      0.00
10     13.00      0.00      0.00      0.00      0.00      0.00      0.80      0.00      9.60    108.00      0.20      0.00
11      0.20      0.00      0.00      0.00      0.00      0.00      0.20      0.00     25.80     37.60      4.20      0.00
12      0.00      0.00      1.20     73.60      0.00      0.00      0.00      0.00      4.40    122.20     10.40      0.00
13      0.00      0.00      0.80      0.00      0.00      0.00      0.00      0.40     31.80      0.60      0.20      0.00
14      0.00      0.00      0.00      0.00      0.00      0.00     15.80      0.00    417.60     14.40      0.80      0.00
15      0.00      0.00      0.00      0.00      0.00      0.00      3.40      0.00    121.60     54.60      0.20     93.80
16      0.00      0.00      0.00      0.00      0.00      0.00      0.00      0.00     12.40      0.00      0.00     35.80
17      1.20      0.00      0.00      0.00      0.00      0.00      0.00      0.00      0.40      0.00      0.00      7.00
18      5.20      3.80      0.00      0.00      1.20      0.00      0.00      0.00      0.00      0.00     10.60      1.20
19      1.20      5.00      0.00      0.00     33.20      0.00      3.00      0.20      0.00      0.00      0.60      0.20
20      0.00      0.00      0.00      0.00      0.20      0.00      0.60      0.00      0.00      0.00     23.20      0.80
21      0.00      0.20      0.00      0.00      0.00     21.60      0.00      0.00      0.00      0.00      3.20      0.40
22      0.00      0.00      0.00     11.00      9.40      1.20      0.00      0.00      0.00      0.00      6.00      2.40
23      0.00      0.00      0.80      0.40      0.00      2.20      0.00     57.80     17.20      0.00      7.60      0.00
24      0.00      1.20     21.40      0.00      0.00      0.00      0.00      0.00      1.20      0.00      6.00      0.00
25      0.00      0.00     13.60    115.20      0.00      0.00      0.00     13.00      0.00      0.00      5.40      0.00
26      0.00      0.20      3.20      5.40      0.00      0.00      0.00     32.00      0.20      0.00      6.60      0.00
27      0.00      0.20    147.00      0.00      0.00      0.00      0.60     11.20      0.00      0.00     17.40      0.00
28      0.00      0.00     51.20      0.00      0.00      0.00      4.20     26.60      0.00      0.00     35.80      0.00
29      0.00    -99.00      0.00      0.00      0.00      0.00      2.40     18.60      0.80      8.40      1.00      7.20
30      0.00    -99.00      0.00      0.20      2.40      0.00      7.40      3.80      0.00      0.20      0.00      0.20
31      2.60    -99.00      0.00    -99.00      3.60    -99.00      7.00      0.00    -99.00     46.40    -99.00      5.00
2016
01      2.40      0.20      0.00      0.00      0.20    -99.00    -99.00    -99.00    -99.00      2.00    124.20     51.40
02      0.00      0.00      0.60      0.00      1.20    -99.00    -99.00    -99.00    -99.00      0.00     44.00     37.00
03      0.00      0.00      2.20      0.00      0.00    -99.00    -99.00    -99.00    -99.00      0.00     39.00    121.80
04      0.00      0.40      0.00      0.00      0.00    -99.00    -99.00    -99.00    -99.00      0.60      7.00     23.60
05      0.00      0.00      0.00      0.00      0.00    -99.00    -99.00    -99.00    -99.00      1.60      0.60     11.40
06      0.00      0.40      0.00      0.00      0.00    -99.00    -99.00    -99.00    -99.00      0.00     21.00      3.60
07    159.80      4.40      0.00      0.00      0.00    -99.00    -99.00    -99.00    -99.00     31.40     35.80     21.80
08     12.40      0.00      0.00      0.00      0.00    -99.00    -99.00    -99.00    -99.00      0.00     68.00      6.40
09     22.40      0.00      0.00      0.00      0.00    -99.00    -99.00    -99.00    -99.00      0.20      3.80      0.00
10      1.80      0.00      0.00      0.00      0.00    -99.00    -99.00    -99.00    -99.00      0.00      2.20      0.00
11      0.40      0.00      0.00      0.00      0.00    -99.00    -99.00    -99.00    -99.00     31.60      7.20     52.40
12      0.20      0.00      0.00      0.20      0.00    -99.00    -99.00    -99.00    -99.00      0.60      0.00     24.00
13      5.60      0.00      0.00      0.00      0.00    -99.00    -99.00    -99.00    -99.00     56.80      5.80     88.20
14      0.00      0.00      0.00      0.00      0.00    -99.00    -99.00    -99.00    -99.00     21.60      0.20    141.20
15      0.20      0.00      0.00      0.00      0.00    -99.00    -99.00    -99.00    -99.00     11.60      0.00     92.60
16      6.60      0.00      0.00      0.00      1.00    -99.00    -99.00    -99.00    -99.00     72.80      0.00     30.20
17     28.20      0.00      0.00      0.00      0.00    -99.00    -99.00    -99.00    -99.00      2.80     39.40      2.40
18      0.00      0.00      0.00      0.00      0.40    -99.00    -99.00    -99.00    -99.00      3.40     80.60      7.80
19      0.00      0.00      0.00      0.00      0.80    -99.00    -99.00    -99.00    -99.00      0.00      2.60      4.60
20      0.00      0.00      0.00      0.00      0.00    -99.00    -99.00    -99.00    -99.00      0.00      9.40      1.20
21      0.00      0.00      0.00      0.00      0.00    -99.00    -99.00    -99.00    118.20      0.00      3.40      0.00
22      0.00      0.00      0.00      0.60      0.00    -99.00    -99.00    -99.00     53.00      0.00      0.00     12.40
23      0.00      0.00      0.00      0.80      0.00    -99.00    -99.00    -99.00      5.40      5.20     19.20      7.80
24      0.00      0.40     15.40      0.00      2.00    -99.00    -99.00    -99.00     20.60      0.00     10.00     19.60
25      0.00      0.00      0.20      0.00     20.40    -99.00    -99.00    -99.00      2.20      0.60      9.00      0.00
26      0.00      0.00      0.00      0.00      0.00    -99.00    -99.00    -99.00      7.80     41.80      2.60      0.20
27      0.00      0.00      0.00      0.00    -99.00    -99.00    -99.00    -99.00      0.20      1.80      0.00     27.20
28      0.80      0.00      0.00      0.00    -99.00    -99.00    -99.00    -99.00      0.00      0.00      0.00      9.60
29      0.00      0.00      0.00      0.20    -99.00    -99.00    -99.00    -99.00      0.00      3.60      6.00      0.00
30      1.80    -99.00      0.00      0.20    -99.00    -99.00    -99.00    -99.00     30.00    136.00     32.40      0.20
31      0.20    -99.00      0.00    -99.00    -99.00    -99.00    -99.00    -99.00    -99.00    174.40    -99.00    102.00
2017
01     16.20     14.20      0.00      0.00      0.00      0.00     30.00      0.00      9.80      0.00     48.00      5.40
02      5.80      5.20      0.00      1.60      0.00      0.00      0.00      0.00      0.00     24.20      0.00     42.60
03      1.00      2.20      0.00      0.20      0.00      0.00      0.60      0.00      0.00     29.80      8.20     79.00
04      6.20      0.20      0.00      0.00      0.00      0.00      1.00      0.00     12.80     12.80    167.80     17.20
05      1.20      0.00      0.00      0.00      5.80      0.00      1.00      0.00     10.60      0.80    143.80     58.20
06      2.40      0.00      0.00      0.00      0.00      0.00      0.80      0.00      0.00      7.40    106.40      0.20
07      0.00      0.00      0.00      0.00      0.00     73.60     29.40      0.00      1.60      5.00     37.20      2.00
08      0.20      0.00      0.00      0.00      0.00     15.20      1.40      0.00      0.00     11.80    128.00      8.20
09      4.20     18.20      0.00      0.00      3.00      0.40      0.40      0.00      0.00    145.00     31.00      3.60
10     16.60      0.00      0.00      0.00      5.20     28.60      4.00      0.00      0.00      6.20     13.60      0.00
11     13.40     25.80      0.00      0.00      0.00      0.00      2.00      0.00      0.00     15.00     10.60      1.80
12      0.60      1.40      0.00      2.00      0.00      0.00     17.80      0.00      0.00      4.80      0.00      0.00
13      0.00      2.00      0.00      0.60      0.40      0.00      0.00      0.00      1.60      0.20      0.00      0.00
14      0.00      0.20      0.00      0.00      0.00     15.80      5.20      0.00    147.00     16.20      0.00      0.00
15      3.20      4.40      0.80      0.00      5.00      3.20     20.80      0.00     56.20      0.20     45.20      2.00
16      8.80      0.00     15.60      0.00     58.00      0.00     47.20      0.00      0.00      0.00     24.60     38.40
17      0.20      0.00      0.40      0.00      0.00      0.00     63.60      4.00      0.00      1.00      0.00     16.80
18      0.00      0.40      0.20      0.00      2.60      0.00     21.40     18.20      0.00      7.80      0.00      5.20
19      0.00      0.00      1.00      4.00     10.80      0.00     31.60      1.80      0.00     48.40     59.40      7.80
20      0.00      0.00      0.00      0.00      1.00      0.00      0.20      0.20      0.00      0.00     85.80      0.00
21     10.40      0.00      0.00     14.00      0.00      0.00     29.20      0.00      0.00      0.00    203.40      0.00
22     22.60      0.00      0.00      3.00      0.00      0.00      0.00      0.00      0.00      0.60     48.40      0.00
23      6.00      0.00      0.00      0.00      0.00      0.00      1.00      0.00      1.00      6.40     41.80      0.00
24      4.40      1.40      0.00      1.20      8.40     10.20      1.00     25.80      0.60     16.40      0.60      2.40
25     24.20      0.00      0.00     24.20      1.00      0.00     48.80     21.60      1.60     20.00      0.00      0.20
26      3.40      0.00      1.20      0.00     39.40      0.00      0.40     37.40      0.20      0.60      0.00     24.60
27      0.80      0.00      1.40      0.00      1.60      0.00     19.40     23.00      0.00      1.40      0.20      6.40
28      0.00      0.00      0.00     30.60      0.20      3.60      1.40      8.00      4.80      0.60     10.60      0.20
29      0.00    -99.00      3.20      9.00     11.00      0.00      0.20      0.80      3.80      0.00      5.40      4.80
30      0.00    -99.00      0.00      0.00      0.00     13.20      1.20     21.40      0.20     69.80      4.20      0.60
31      0.00    -99.00     30.40    -99.00      0.00    -99.00      0.00      0.00    -99.00     96.20    -99.00      2.80
2018
01      0.00      0.00      2.60      0.00      0.00      0.00      0.00      0.00      0.00      0.00      0.00      0.00
02      0.20      0.00      0.00      0.00      0.00      0.00      0.00      0.00      0.00      0.00      0.00      0.00
03     11.00      0.00      0.00      0.00      0.00     40.60      0.00      0.00      0.00      0.00      0.00      0.00
04      3.40      0.00      0.00      0.00      0.00      7.60      0.00      0.00      0.00      0.00      0.00      0.00
05      0.60      0.00      0.00      0.00      0.00      0.80      0.00      0.00      0.00      0.00      0.00      0.00
06      0.00      0.00      0.00      5.20     15.80      4.60      0.00      0.00      0.00      0.00      0.00      0.00
07      0.00      0.00      0.00     89.60      0.00      4.60      0.00      0.00      0.00      0.00      0.00      0.00
08      0.00      0.00      0.60     10.40      0.00      6.80      0.00      0.00      0.00      0.00      0.00      0.00
09      2.40      0.00      0.00      0.00      0.00      0.00      0.00      0.00      0.00      0.00      0.00      0.00
10      0.00      0.00      0.00      0.00      0.40      0.00      0.00      0.00      0.00      0.00      0.00      0.00
11      0.00      5.00      2.80      0.00      0.00      0.00      0.00      0.00      0.00      0.00      0.00      0.00
12      1.60     12.80      2.60      0.00      0.00      0.00      0.00      0.00      0.00      0.00      0.00      0.00
13      1.00      1.20      0.00      0.00      0.00      0.00      0.00      0.00      0.00      0.00      0.00      0.00
14      0.00      0.00      2.80      0.00      0.00      0.00      0.00      0.00      0.00      0.00      0.00      0.00
15      0.00      0.00      9.60      0.00      0.00      0.00      0.00      0.00      0.00      0.00      0.00      0.00
16      0.20      0.00      0.00      0.00      0.00      0.60      0.00      0.00      0.00      0.00      0.00      0.00
17      0.00      0.00      0.00      0.00      0.00     26.40      0.00      0.00      0.00      0.00      0.00      0.00
18      0.00      0.60      0.00      0.00      0.00      0.00      0.00      0.00      0.00      0.00      0.00      0.00
19      0.00      0.80      4.40      0.00      0.00      0.00      0.00      0.00      0.00      0.00      0.00      0.00
20      0.80      0.00     15.80      0.00      0.00      0.00      0.00      0.00      0.00      0.00      0.00      0.00
21      0.00      0.00      0.00      0.00      0.00      0.00      0.00      0.00      0.00      0.00      0.00      0.00
22      1.60      5.60      0.00      0.00      0.00      0.00      0.00      0.00      0.00      0.00      0.00      0.00
23      0.20      4.80      0.00      0.00      0.00      0.00      0.00      0.00      0.00      0.00      0.00      0.00
24      4.60      0.00      0.00      0.00      0.00     32.80      0.00      0.00      0.00      0.00      0.00      0.00
25      7.60      0.00      0.00      0.00      0.00      7.80      0.00      0.00      0.00      0.00      0.00      0.00
26      2.60      0.00      0.00      4.60      0.00     10.00      0.00      0.00      0.00      0.00      0.00      0.00
27     17.80      2.00      0.00      0.00      0.00      0.00      0.00      0.00      0.00      0.00      0.00      0.00
28      3.40      0.00      0.00      0.00      0.00      0.00      0.00      0.00      0.00      0.00      0.00      0.00
29     12.20    -99.00      0.00      0.00      0.00      0.00      0.00      0.00      0.00      0.00      0.00      0.00
30      0.00    -99.00      1.00      3.40      0.00      0.40      0.00      0.00      0.00      0.00      0.00      0.00
31      0.00    -99.00      0.00    -99.00      0.00    -99.00      0.00      0.00    -99.00      0.00    -99.00      0.00
