KyPhu               
   108.49900       15.570000               8
2011
01      0.20      2.40      0.20      0.00      0.00      0.00      0.00     39.20      0.00     27.40     28.40     21.60
02      0.20      0.60      0.80      0.00      0.00      0.00      0.00      0.00      0.00      4.80      2.20     25.00
03      0.00      0.20      3.00      0.00      0.00      0.20      0.00      0.20     17.00     32.40      6.40      2.80
04     16.40      0.00      4.60      0.00      0.00      0.40      0.00      0.00      0.00      2.80     83.60      0.00
05      7.40      0.00      1.80      0.00      0.00      0.00      0.00      0.00      1.00      0.00      4.80      7.00
06      2.60      0.00      0.00      0.00      0.00      0.00      0.00      0.00     43.20      0.40     42.20      1.60
07     90.20      0.00      0.80      0.00      0.00      0.00      0.00      0.00     28.60      0.00    129.40     19.00
08     41.00      0.00      1.00      0.00      0.20      0.00      0.00      0.00      8.60      1.40      8.80      2.00
09      2.20      0.00      0.00      0.00      0.20      0.00     32.20      0.00      3.80     61.20      0.40     13.20
10      0.40      0.00      0.40      0.20      0.00      4.80      0.00      0.00     41.80      0.20      0.60     11.80
11      0.00      0.00      0.00      0.40      0.00      0.00      4.40      0.40      4.40      9.40      0.00     10.00
12      0.00      0.00      0.00      0.00      6.80      0.00      0.00      0.00     18.00      0.20      0.00      0.40
13      0.00      0.80      0.00      0.00      1.40      0.00      0.00      0.00      9.40      0.00      2.20      0.00
14      0.00      0.20      0.00      0.00      0.00      0.00      0.00      0.00      9.00      5.60      0.00      5.60
15      4.60      0.00      0.20      0.00      0.00      0.00      0.00      0.00      0.40      3.20     53.20     17.00
16      7.20      0.00     17.40      0.00      0.00      0.00      0.00     24.40      0.00    114.20      6.80      8.00
17      0.20      0.00      0.00      0.00      0.00      0.00      0.00      0.40      0.40     90.80      0.00      1.80
18      0.80      0.00      0.00     26.80      4.40     13.20      0.00      0.00      0.00     97.40      0.00      0.20
19      2.20      0.00      0.00      0.00      0.00     16.00      0.00      2.20      0.00      1.00      0.00      0.20
20      0.80      0.00      0.00      4.40      0.00      0.00      0.00     32.60     61.20      2.60      5.80     28.60
21      0.00      0.40      0.00      0.00      0.00      0.00      0.00      0.00     56.80      1.40     33.60     22.80
22      0.00      0.00      2.20      0.00      0.00      0.00      0.00      0.00      8.60      0.00      3.80     18.20
23      0.60      0.00     22.60      3.20      0.00      0.00      0.00      0.00    135.60      0.00     18.20      4.40
24      3.60      0.00      9.20      0.40      0.00      0.80      0.00      0.00     57.60      0.20     21.20      4.20
25      0.60      0.00     14.80      0.00      0.00      0.20      6.00      0.00     17.00     11.80    100.40      1.80
26     14.20      0.00      5.00      0.20      0.00      0.00      0.00      0.00     10.00     38.40    111.60      2.00
27      7.20      0.00      4.20      1.20      0.00      0.00      0.00     29.00      3.20     14.40      0.40      4.20
28     15.40      0.00      1.80      0.00      0.00      0.00      0.00      0.00      0.20      5.40      4.20      2.40
29     11.40    -99.00      9.00      0.00      0.00      0.00      0.00      0.20      0.00     10.00      1.20      1.60
30     21.40    -99.00      1.60      0.00      0.00      0.00      8.40      0.00     22.80     23.60      6.80     38.80
31     34.40    -99.00      0.00    -99.00      0.00    -99.00     16.80      0.60    -99.00      6.00    -99.00     23.60
2012
01      7.00    -99.00      0.00      5.20      0.00      0.00    -99.00      0.00      0.00      0.20      2.80      0.00
02      5.60    -99.00      0.00      3.80      0.00      0.00    -99.00      0.00      0.20      0.00      9.80      0.00
03      0.00    -99.00      0.00      0.00      0.00      0.40      0.00      0.00      1.20      0.00     46.00      0.00
04     14.40    -99.00      0.00      0.00      0.00      0.20      0.00      0.00      0.80      0.00      2.00      0.00
05      0.80    -99.00      0.00      0.00      0.00      1.80      2.60      0.00      0.40      0.20      0.00      0.00
06      0.80    -99.00      0.00      0.00      0.00      0.00      0.20      0.00      1.80      4.40      3.80     21.00
07      1.20    -99.00      0.00      0.00      0.00      0.20      0.00      0.00      0.00      2.00     48.00      0.00
08      4.00      0.00      0.00      0.00      0.00      0.00      0.00      0.00      0.00      1.20     24.20      0.00
09      6.40      0.00      0.00      0.00      0.00      0.00      0.00      0.00      0.00      2.40      0.00      2.80
10      4.00      0.00      2.20      0.00      0.00      0.00      0.00      0.00      0.60      0.40      0.00      0.00
11     16.40      0.00      0.00      0.00      0.00      0.00      0.00      0.00      2.20      0.00     18.40      0.40
12     23.60      0.00      0.20      0.00      0.00      0.00      0.00      0.00      0.20      0.00      3.20      4.60
13      1.60      0.00      0.00      0.00      0.00      0.00      0.00      0.00      2.00      0.00     12.20     45.00
14      0.20      0.00      0.00      0.00      0.00      0.00      0.00      0.00      1.60      0.00      1.60      1.80
15      2.00      0.00      0.00      0.00      0.00      0.00      0.00      0.00      1.60      0.00      4.60      0.00
16     10.80     20.40      0.00      0.00      0.00      0.40      0.00      0.60      0.00      0.00     25.20      0.00
17      9.60     29.40      0.00      0.40      8.80      0.80      0.00      0.20      0.00      0.00     29.00      0.00
18      1.60      2.20      0.00      1.20      0.00      0.60      0.00      0.00      0.00      0.00      2.60     10.80
19      0.00      9.60      0.00      0.00      0.00      0.00      2.40      0.00      0.20      0.00      8.80     11.20
20      0.00      0.40      0.20      0.00      0.00      0.00      0.00      0.00      0.00      0.00      0.20      0.80
21      0.00      0.20      0.00      0.00      0.20      0.00      0.00      0.00      0.00      0.00      0.00      0.00
22      0.00      0.00      0.00      0.00      0.00      0.00      0.00      0.00      0.00      0.00      0.00      1.00
23     13.40      0.00      0.00      0.00      0.00      0.00      0.00      1.80      0.00      0.00      0.00      8.40
24      0.00      0.00      0.00      0.00      0.60      0.00      0.00      1.20      0.00      0.00      0.20      2.00
25      2.00      0.00      0.00      0.00      0.00      0.00      0.00      0.00      0.00      0.00      0.20     22.80
26      0.00      0.00      0.00      0.00      0.00      0.00      0.00      0.40      3.00      0.00      0.00      4.20
27      0.00      0.80      0.60      0.00      0.80      0.00      0.00      0.00      1.80      0.00     16.00      7.40
28      0.20      0.00      0.00      0.00      0.00      0.00      0.00      0.00      1.00      0.00      2.00      5.40
29      2.40      0.00      0.00    -99.00      0.20      0.20      0.00      0.00      1.60      0.00      0.00      4.60
30      7.00    -99.00      0.00    -99.00      0.00      0.00      0.00      0.00      0.20      0.00      0.00     50.60
31      4.40    -99.00      2.80    -99.00      0.00    -99.00      0.00      0.60    -99.00      0.00    -99.00      2.40
2013
01      0.00      0.00      0.00    -99.00    -99.00    -99.00      0.00    -99.00      0.00     43.40      0.00      0.20
02      0.20      0.00      0.00    -99.00    -99.00    -99.00      0.00      1.40      0.00     30.60      0.00      0.00
03      1.00      0.00     18.20    -99.00    -99.00    -99.00      0.00      0.00      0.00     13.20      0.00      0.00
04      7.40      0.00    135.50    -99.00    -99.00    -99.00      0.00      0.00      0.20     17.00      4.00     11.00
05      4.00      0.00      0.20    -99.00    -99.00    -99.00      0.00      0.00      0.00      0.00    140.40      2.00
06     29.80      0.00      2.80    -99.00    -99.00    -99.00      0.00      3.60      1.40      0.00     10.20      0.60
07     10.80      0.00      0.20    -99.00    -99.00    -99.00      0.20      0.00      9.00      0.00     13.20      0.00
08      6.80      0.00      0.40    -99.00    -99.00    -99.00      0.00      0.00      0.00      0.00      1.20      0.00
09      5.40      3.80      0.20    -99.00    -99.00    -99.00      1.60      0.00     14.40      0.00     28.20      0.00
10      4.80      4.60      0.00     12.40    -99.00    -99.00      0.00      0.00     68.00      0.00     53.20      0.00
11      1.40      0.20      0.00      9.60    -99.00    -99.00      0.00     10.20     50.00      3.00      0.20      0.00
12      0.00      0.00      0.00      1.60    -99.00    -99.00      0.00      1.20      6.00      0.40      0.00      1.80
13      0.00      6.40      0.20      0.60    -99.00    -99.00      0.00      0.00      0.20      0.00     18.80      1.80
14      0.00      3.80      0.20      0.00    -99.00    -99.00      0.00      0.00      6.40     90.20     22.20      0.00
15      0.00      0.00      0.20      0.00    -99.00    -99.00      0.00      0.00     29.80    169.80    206.40      0.40
16      0.60      5.20      0.00      0.00    -99.00    -99.00      0.00      0.00      0.20      1.20     95.00      0.00
17      0.00      0.20      0.00      0.00    -99.00    -99.00      0.00      0.00     45.00      2.80      0.20     17.20
18      0.00      0.00      0.00      0.20    -99.00    -99.00      0.00      0.20    155.80      1.80      2.00      0.20
19      7.00      0.00      0.00      0.00    -99.00    -99.00      0.00      0.00      3.20     19.00      0.00      0.00
20      0.00      4.20      0.00      0.00    -99.00    -99.00     11.40      0.00      0.00     11.00      4.20      0.00
21      0.00      0.40      0.00      0.00    -99.00    -99.00      0.00      0.00      6.20      0.20      8.40      0.00
22      0.00      2.00      0.00      0.00    -99.00    -99.00      0.80      0.00      1.80      3.60      2.80      0.20
23      0.00     35.60      0.00      0.00    -99.00    -99.00     13.00      0.00      1.40      0.00      0.80      0.20
24      0.00     97.80      0.00      0.00    -99.00    -99.00     21.60      0.00      0.20      0.20      0.20      4.40
25      1.60      0.20      0.00    -99.00    -99.00      0.00      0.00     22.40      0.80      1.20      7.40      0.00
26      0.20      0.00      0.00    -99.00    -99.00      0.00      0.00      4.60      0.00      1.20      0.20      0.00
27      0.00      0.00      0.00    -99.00    -99.00      0.00      0.00      3.20      9.80      0.00      7.40      2.60
28      5.60      0.00      0.00    -99.00    -99.00      0.00      0.00      0.00      2.60      0.00     69.60      0.20
29      0.40    -99.00      0.00    -99.00    -99.00      0.00      0.00      0.00      0.00      7.00     80.80      0.40
30      2.60    -99.00      0.00    -99.00    -99.00    -99.00      0.00      0.00     13.80     16.40      3.40      0.00
31      0.80    -99.00      0.00    -99.00    -99.00    -99.00      0.00    -99.00    -99.00      0.00    -99.00      0.00
2014
01      0.00      0.00      0.00      0.00      0.40      0.00      0.00      0.80      0.40      0.00      0.60     96.60
02      0.00      0.20      0.00      0.00      0.00      0.00      0.40      0.00      0.00      0.00      0.00    102.40
03      0.20      0.00      0.00      2.20     14.80      0.00      0.40      0.00      0.00      0.00      5.20      2.00
04      0.00      0.00      0.00     16.40      1.80      0.00      0.00      0.00      0.00      0.40     17.00      4.40
05      0.00      0.00      0.20      0.20     12.60      0.00      1.60      0.00      0.00     24.20      1.20     71.80
06      0.20      0.00      0.00      0.00      0.80      0.00      0.00      0.00      0.00     45.40     10.00      7.80
07      0.00      0.00      0.00      1.20      0.00      0.00      3.40      0.00      2.60     97.00      0.00      6.00
08      0.00      0.00      0.00      0.00      1.40      0.00     11.00      0.00      0.00      8.20      0.00     91.80
09      1.00      0.00      0.00      0.00      0.20      0.00      8.80      0.00      0.00      0.00      3.00     41.20
10      0.00      0.00      0.00      0.00      3.80      0.00      0.00      0.00      0.00      0.00      5.00      8.60
11      0.00      0.40      0.00      0.00      0.00      0.00      0.00      0.00      1.60      0.00      1.80     12.80
12      4.80      0.00      0.00      0.00      0.00      0.00      0.00      0.00      0.00     53.00     11.40     38.00
13     18.60      0.00      0.00      0.00      0.00      0.00      0.00      0.00      0.00     10.20    108.00     67.40
14     37.80      0.00      0.20      0.00      0.40      0.00      0.00    -99.00      0.00      7.60     22.60     11.40
15      0.00      0.00      0.00      0.00      0.00      0.00      0.00    -99.00      0.00      0.40     16.20      0.00
16      1.00      0.00      0.00      0.00      0.00      1.60      3.00    -99.00      0.00     24.60      0.40      8.20
17     12.60      0.00      0.00      0.00      0.00      0.00      0.80      0.00      0.00     12.40      0.00     16.20
18      6.60      0.00      0.00      0.00      0.00      0.20      3.00      0.00      0.00    171.00      2.80      1.80
19      7.20      0.00      0.00      0.00      0.00      0.00      0.00      0.00      0.00     21.20      0.60      2.00
20      2.20      0.00      0.00      0.00      0.00      0.00    -99.00      9.00      8.40     10.20     97.20      1.20
21      2.60      0.00      5.20      0.00      0.00      0.00      0.20      6.00      0.00      6.00      0.20     20.40
22      0.20      0.00     45.20      0.00      0.00      0.00      0.00      0.00      0.60    180.60      3.40      7.40
23      0.00      0.00      0.00      0.00      0.00      0.00     23.80      0.00      0.00     65.40      6.00      0.60
24      0.00      0.00      0.00      0.00      0.00      3.40      0.00      0.00     37.00     20.80      5.40      5.40
25      0.00      0.00      0.00      0.00      0.00      0.00      0.00      0.00      7.80     14.40      7.80     15.80
26      0.20      0.00      0.00      0.00      0.00      0.00      0.00      0.00      1.00     24.40      1.20      9.80
27      0.00      0.00      0.00      0.00      0.00      0.20      9.60      0.00      0.00      1.40      0.00     32.40
28      1.40      0.00      0.00     63.00      0.00      0.00     20.60      4.60      0.00     32.60      0.00     30.00
29      0.00    -99.00      0.00      0.00      0.00      9.40      8.60      0.00      0.00      2.40      4.20      9.20
30      0.20    -99.00      0.00      2.80      0.00      0.00      0.00      4.00      7.00     11.60     55.60      0.00
31      0.00    -99.00      0.00    -99.00      0.00    -99.00      0.00     19.60    -99.00     64.00    -99.00      4.40
2015
01      2.60      0.00      0.00      0.00      0.00      0.00      0.00     15.40      0.20     38.40      8.40      4.80
02     20.00      0.00      0.00      0.00      0.00      0.00      0.00     14.80      0.00      0.80      4.80      0.00
03     12.80      0.00      0.00      0.00      0.00      0.00      0.00      0.00     17.60      1.20      9.20      0.00
04      0.40      0.00      0.00      0.00      0.00      0.00      0.00      0.00      0.00      0.00     46.80      5.40
05      0.20      1.40      0.00      0.00      0.00      0.00      0.00      0.00      0.00      1.00    258.40      0.40
06      0.00     11.40      0.00      0.00      0.00      0.00     21.60      0.00      0.00      0.00     38.40     46.00
07      2.00      0.00      0.00      0.00      0.00      0.00     10.80      0.00      0.00      0.00      6.60     49.40
08     33.60      2.00      0.00      0.00      0.00      0.00    -99.00      0.00      0.00      0.00      9.20     24.20
09      1.20      0.80      0.00      0.20      3.40      0.00    -99.00      0.00      0.00      0.00      0.00      0.20
10      4.20      4.20      0.00      0.00      0.00      0.00    -99.00      0.00      1.80     62.40      2.00      2.60
11      0.60      0.00      0.00      0.00      0.00      0.00    -99.00      0.80     10.40     35.20      1.40      0.20
12      0.00      0.00      0.00     36.60      0.00      0.00    -99.00      7.60     28.20     31.20      1.80      0.00
13      0.00      0.00      0.00      0.00      0.00      0.00    -99.00      0.00     36.20      4.00      0.00      0.00
14      0.00      0.00      0.00      0.00      0.80      0.00      0.00      0.00    174.20     58.40      0.00      0.00
15      0.00      0.00      0.00      0.00      0.00      0.00    -99.00      0.00      4.80    131.80      0.00     10.40
16      0.00      0.00      0.00      0.00      0.00      0.00    -99.00      0.00      0.40      0.00      0.00     24.80
17      9.20      0.00      0.00      0.00      0.00      0.00    -99.00      0.00      0.00      0.00      0.00     64.60
18     11.60      0.00      0.00      0.00      7.60      0.00    -99.00      0.00      0.00      0.00      0.00      4.80
19      0.00      0.00      0.00      0.00     17.20      0.00    -99.00      0.00      0.00      0.00      5.80     34.60
20    -99.00      0.00      0.00      0.00      0.00      1.40    -99.00      0.00      0.00      0.00      4.40     73.60
21    -99.00      0.00      0.00      0.00      0.00     15.00    -99.00      0.00      0.00      0.00     10.40     24.00
22    -99.00      0.00      0.00      7.40      0.00      3.20    -99.00      0.00      0.00      0.00      1.40      3.00
23    -99.00      0.00      0.00      0.00      0.00      0.40    -99.00      3.00      0.00      0.00      1.20      0.00
24    -99.00      0.00      0.80      0.20      0.00      0.20    -99.00     22.80      0.00      0.00     31.60      0.20
25    -99.00      0.00     17.20     45.40      0.00      0.00    -99.00      0.00      0.00      0.00     45.60      0.00
26    -99.00      0.00      1.60     17.00      0.00      1.20    -99.00      0.80      0.00      0.80      0.00      0.80
27    -99.00      0.00     65.00      0.00      0.00      0.00    -99.00      8.40      0.00      0.00     28.20      0.00
28    -99.00      0.00     98.40      0.00      0.00      0.00    -99.00      0.00      0.00      0.00     33.00      0.20
29    -99.00    -99.00      0.00      0.00      0.00      0.00    -99.00      0.00      0.00      1.20      1.60     31.80
30    -99.00    -99.00      0.00      0.00      0.00      0.00    -99.00     47.60      0.00      0.00      5.40      4.80
31    -99.00    -99.00      0.00    -99.00      0.00    -99.00    -99.00      0.40    -99.00     27.40    -99.00      4.40
2016
01      1.80      1.80      0.40      0.20      0.00      0.00    -99.00      0.00      0.00      7.60     82.00     78.40
02      6.80      0.20      6.40      0.00      0.00      0.00    -99.00      0.00      0.00      0.00      0.20    165.00
03      6.20      0.00      0.00      0.00      0.00      0.00      0.00      0.00      0.00     19.00      4.20    112.60
04      0.00     12.00      0.00      0.00      0.00      0.00      6.80      0.60      0.00      0.00      1.20     55.80
05      0.00      1.80      0.00      0.00      0.00     55.00    -99.00      0.20     18.40     12.20      3.60     82.40
06      0.00      0.40      0.00      0.00      0.00      0.00    -99.00      0.00      7.00     16.20      1.20     21.60
07      0.60      5.80      0.00      0.00      0.00     15.00      0.80      0.00      0.20      4.20      8.40     78.00
08     11.40      0.40      0.00      0.00      0.00      9.80    -99.00      0.00      3.80      0.00     32.60      3.40
09     10.40      1.20      0.00      0.00      0.00      2.00    -99.00      0.00      0.00      0.00      0.80      0.00
10      0.00      0.00      0.00      0.00      0.00      0.00    -99.00      0.00      0.00      0.00      2.40      0.80
11      0.00      0.00      0.20      0.00      0.00      0.00      0.20      1.00     25.00     74.00      7.80     13.60
12      8.80      0.00      0.00      0.00      0.00      0.00    -99.00      0.00    260.40      0.00     14.20     39.40
13     20.00      0.20      0.00      0.00      3.80      0.00      0.20      0.00     18.80      0.20      4.60     75.80
14      5.20      0.00      0.00      0.00      0.00      0.00    -99.00      0.00      0.00     38.20      0.00     79.80
15      0.20      0.00      0.00      0.00      0.00      0.00      0.00      0.00      0.00     45.20      0.40     96.80
16     21.00      0.80      0.00      0.00      0.00      0.00    -99.00      0.00      0.00     86.60      3.40     95.60
17      0.00      0.00      0.00      0.00      0.00      0.00      0.00      0.00      1.40      2.20     18.40      8.20
18      0.00      0.00      0.00      0.00      0.00      0.00      0.00      8.40     43.20      0.20     51.00     11.00
19      0.00      0.00      0.00      0.00      0.00      0.00    -99.00      1.40      0.00      0.00     91.80     31.60
20      0.00      0.00      0.00      0.00      0.00      0.00      0.00      0.00     20.80      0.00     44.80      0.40
21      0.00      0.00      0.00      0.00      3.60      0.00    -99.00      0.00     28.40      0.00      3.40      0.20
22      0.00      0.00      0.00      0.00      0.00      0.00      0.00     17.20      9.00      0.00      0.80      1.00
23     25.80      0.00      0.00      0.00     18.60      0.00    -99.00      1.20      4.00      0.00      0.00      7.60
24     15.80      8.20      0.60      0.00      0.00      0.00      0.00     57.20      3.60      0.00      0.00     22.60
25     10.80     30.20      1.60      0.00      0.00      4.00      0.00      0.00      0.20      0.20      0.60      0.00
26      0.60      4.80      2.00      0.00      0.00     22.60      0.00      8.40     12.20      4.60      8.40      0.40
27      0.00      0.00      6.60      0.00      0.00      0.00      5.20     68.40      0.00     17.20      5.80     10.40
28      1.40      0.00      2.80      0.00      0.00     46.40      0.60     12.20      0.00      0.00     13.20      2.80
29      0.00      1.80      0.00      0.00      0.00      0.00      0.00      9.80      0.00      0.60     64.80     35.40
30      0.40    -99.00      0.00      0.00      0.00      0.00      0.00      0.00     74.20     82.40     81.80     22.40
31      0.00    -99.00      0.00    -99.00      0.40    -99.00      0.00      0.00    -99.00     26.00    -99.00     80.40
2017
01     17.00     26.40      2.80      0.00      0.00      0.00      0.00      0.00      0.20      0.20     13.00      1.20
02     20.20     12.00      3.00      8.00      0.00      0.00      0.00      0.00      0.00     21.20      0.00     33.00
03      1.00      9.20      0.00      3.40      0.00      0.00      5.80      0.00      0.00     10.20     60.40      1.60
04     20.40      2.00      0.00      0.00      0.00      0.00      0.00      2.20      0.00      0.40    292.80     21.00
05      1.00      0.60      0.00      0.00      0.00      0.00      2.60      0.00     15.40      1.00    188.60      0.20
06      0.60      0.00      0.00      0.00      0.00      0.00      4.40      0.00      9.00      0.00    125.00      0.40
07      0.00      0.00      0.00      0.00      0.00     57.80      0.00      0.00      0.00     32.20     15.80      1.00
08      0.00      0.00      0.00      0.00      0.00      1.60      0.00      0.00      0.00     36.20    105.80      4.20
09      8.20     10.60      1.60      0.00      1.00      0.00     20.80      0.00      0.00     31.60     10.20      0.00
10     13.60     19.40      0.00      0.00      0.00     45.60      0.80      0.00      0.00      0.00      3.40      0.00
11      4.40     35.80      0.00      0.00      0.00      0.00      0.00      0.00      0.00      0.20      0.80      0.80
12      0.00      0.00      0.00      0.00      0.00      0.00     39.80      0.00      0.00      4.40      0.00      0.00
13      0.00      3.00      0.00      0.00      0.40      0.00      1.80      0.00      0.60     27.40      0.00      0.00
14      3.00      1.00      0.00      0.00      0.00      0.00     14.60      0.00     60.20      8.00      0.20      0.00
15     25.20      1.00      0.00      0.00      1.00      0.00     21.40      0.00     11.00      0.00      7.40      1.60
16      2.40      0.00      0.00      0.00     19.00      0.00     13.80      0.00      0.00      0.00      1.20      3.40
17      4.60      0.00      0.00      0.00      0.00      0.00      0.00      0.00      0.00      0.00      0.20     42.20
18      4.60      5.20      0.00      0.00      0.00      0.00      0.00     37.80      0.00      5.20      0.00     17.40
19      0.00      0.00      0.00      0.00      3.60      0.00      0.00      5.00      0.00     21.00     17.20      0.60
20      6.40      0.00      0.00      0.00      5.60     11.20      0.00      0.00      0.00      7.00     83.60      0.00
21      2.40      0.00      0.00      0.00      0.20      0.00      0.00      0.00      1.00      0.00    113.00      6.20
22      0.80      0.00      0.00      0.00      0.00      0.00     29.00      0.00      0.80      1.80     82.40      0.00
23      0.60      0.00      0.00      0.00      0.00      0.00     10.60      0.00      3.40      6.60     20.20      2.40
24     40.40     49.00      0.00      0.20      0.00      0.00      2.80      3.40      1.20     12.60     60.40      1.20
25     21.40      0.20      0.60      0.00      0.00      0.00      9.60      0.00      0.20     47.40     16.80     15.00
26      2.40      0.20      6.20      0.00      0.60      0.00      1.00     57.40      0.40      0.60      8.60     61.60
27      1.80      1.60      7.40      0.00      0.00      0.00     29.80     60.00      0.00      6.20      4.60    119.80
28      0.00      0.40      1.00      0.20      0.00      0.00      1.60      5.20      5.60      0.00     14.60     13.80
29      0.00    -99.00      2.00      7.80      0.60      0.00      0.00      0.00      0.00      0.00      1.60      4.60
30      0.00    -99.00      0.00      0.00      0.00      0.00      0.00      0.00      0.00      3.20      0.00      4.20
31      1.00    -99.00     15.20    -99.00      0.00    -99.00      0.00      0.00    -99.00    257.00    -99.00      0.80
2018
01      5.80      0.00      0.00      0.00      0.00      0.00      0.00      0.00      0.00      8.20      0.00     21.20
02      4.00      0.00      0.00      0.00      0.00      0.20      0.00      0.00      1.20    119.80      0.00      0.00
03     14.00      0.00      0.00      0.00      0.00     83.00      0.00      0.00      0.00    112.40      0.00      0.00
04     13.40      0.00      0.00      0.00      2.20     17.00      0.00      0.00      0.00      1.80      0.00      1.80
05      4.00      3.40      0.00      0.00      0.00      0.20      0.00     21.80      0.00      0.00      0.00      0.20
06      0.00      0.00      0.00      0.00     46.00     25.60      0.40      0.00      0.00      0.00      6.80      1.60
07      0.00      0.00      0.00     83.60      0.40      0.80     17.60      0.00      0.00      0.20     14.80     13.00
08      0.00      0.00      0.00      5.60      0.00      0.00     28.00      1.00      0.40      0.00      0.20      1.60
09      2.80      0.00      1.80      0.20      0.00      0.00      4.00      9.00      4.60      0.00     11.60    599.20
10      0.00      0.00      0.80      0.00      1.40      0.00     12.40      1.40      0.00     20.20      0.00    277.40
11      1.40      3.00      1.20      0.00      0.00      0.00      7.20      0.00     33.80      6.00      7.40     25.80
12      4.00      0.00      0.00      0.00      0.00      0.00     26.20      0.20     21.80     46.20     13.20      7.20
13     14.40      1.40      0.00      0.00      0.00      0.00      7.40      0.00      6.00     28.80      0.00      7.20
14     11.60      0.00     15.20      0.00      0.00      0.00      0.00      3.20      6.20      0.20      0.00     24.80
15      0.20      0.00     31.20      0.00      0.00      0.00      5.60      0.00     55.80      0.00      0.00     16.00
16      0.20      0.20      0.00      0.00      0.00      0.00      0.00      0.00      0.40      0.00      0.00     10.40
17      0.00      0.00      0.00      0.00      0.00      0.00     25.20      0.00      0.20      0.00      0.00      2.20
18      0.00      0.00      0.00      2.20      0.00      0.00     27.20     10.00      1.20      0.00      2.40      0.20
19      0.40      0.00      0.00      0.00      0.00      0.00      0.00      5.60      1.80      5.60      2.40      0.00
20      1.80      0.00      0.20      0.00      0.00      0.00      0.00      0.00     20.40     50.60      0.00      0.20
21      0.40      0.00      0.20      0.00      0.00      0.00      0.80      0.00      5.00      1.60      0.00      0.00
22      0.00      0.00      0.20      0.00      0.00      9.20      3.00      0.00      0.40     31.80      6.60      0.00
23      1.00      6.40      0.00      0.00      0.00      0.00      0.60      0.00      0.00      7.60      0.40      0.80
24      0.00      0.00      0.00      0.00      0.00     30.60      0.00      0.00      0.00      0.40     32.40      5.60
25      0.20      0.00      0.00      0.00      0.00      0.00      3.60      0.00      0.00      1.20     76.60      4.00
26      0.00      0.00      0.00      1.20      0.00      0.00      0.00      0.00      0.00      0.40     17.80      4.80
27      3.20      0.00      0.60      0.00      0.00      0.00      0.00     17.60      0.00     20.20      5.40     12.60
28      0.40      1.60      0.00      7.60      0.00      0.00      0.60      0.00      0.00     12.60     62.80      5.00
29      3.40    -99.00      0.00      0.00      0.00      0.00      0.00      0.00      0.00      1.20      1.80     54.60
30      0.00    -99.00      0.00      1.20      0.00      0.00      0.00      0.00      7.00      0.00     20.60     37.40
31      0.20    -99.00      0.00    -99.00      0.00    -99.00      0.00      0.00    -99.00      0.00    -99.00     57.40
