LeThuy              
   106.79100       17.219000               6
2011
01      0.00      0.20      0.00      0.00      0.00      0.00      0.00      1.20      0.00      8.00     65.40     24.80
02      1.20      0.00      0.00      0.00      0.00      0.00      0.00      0.00     29.60     19.60      0.00     20.60
03      0.00      0.00      6.40      0.00      0.00     44.40      0.00      0.40     36.00     11.20      0.00      1.60
04     19.40      0.00      5.60      0.00      0.00      2.00      0.00      0.00     28.20     35.80    225.80      0.00
05      4.80      0.00      1.40      0.00      0.00      0.00      0.00      0.80      4.40      0.00     48.80      1.60
06     28.20      0.00      0.20      0.20      0.00      0.00      0.00     32.20     39.80      0.20     51.80      1.00
07     46.20      0.00      0.00      0.20      1.40      0.00      0.00      0.00     14.00      4.60    432.60      4.00
08      0.80      0.00      0.00      1.00      0.20      0.00      0.00      0.20      4.60      0.20     45.00      9.20
09      5.00      0.00      0.00      0.00      0.00      0.00      1.80      0.00     24.00    153.20      2.60     15.80
10      2.00      0.00      0.00      0.00      0.00     27.00      0.00      0.00     34.20      7.80      0.00     19.00
11      0.00      2.20      0.00      0.00      0.00      0.00      2.80     60.20     84.40     22.00      0.00      8.80
12      0.00      2.00      0.00      0.00      2.00      0.00      8.80      0.00     29.80     14.80      0.00      0.00
13      0.00      7.40      0.00      0.00      3.20      0.00      6.20      0.00      1.60     13.20      1.00      0.00
14      0.00      0.00      0.00      0.00      0.00      2.60      0.00      0.00      5.40     85.60      0.00      0.20
15      0.00      0.00      0.00      0.00      0.00     48.20      0.00      0.00      8.80     34.80      8.20     13.80
16      0.00      0.00      0.00      0.00      0.00      0.40      0.00     68.00      4.80    176.80     73.20     44.60
17      0.00      0.00      0.00      0.20      8.60      0.00      0.00      1.20      0.00    214.20      0.00     34.00
18      0.80      0.00      0.00     10.00      6.40      1.40      1.40      1.00      4.20     42.80      0.00      7.40
19      0.80      0.40      0.00      0.20      3.00      0.80      0.00      0.00      4.20      2.40      0.00      0.40
20      0.00      0.20      0.00      0.60      2.40     14.00      0.00      0.00      0.60      5.60     17.00      1.60
21      0.00      0.00      0.00      1.80      0.00      1.60      0.00      0.00     20.40      0.40     10.00      0.20
22      0.00      0.00      1.60      0.00     19.80      0.00      3.80      0.00     23.60      0.00     18.20     31.80
23      0.00      0.00      4.20      0.20      0.20      0.00      0.00      0.00    155.60      0.00     30.00     57.40
24      0.00      0.00      2.60      0.00      4.80      1.00      0.00      0.00    173.20      3.40     11.60      8.20
25      0.00      0.00      3.20      0.00      0.00      0.00      0.00      0.00     23.80      5.80    288.00     12.80
26      0.20      0.00      0.20      0.00      0.00      0.00      0.00      0.00     57.40     11.00     27.80      0.00
27      0.40      0.00      0.00      1.00      0.00      0.20      0.00      0.00      6.80     16.60      2.20      1.00
28      5.40      0.00      1.00      0.00      0.00      0.00      0.00      0.00      0.20      1.40      1.80      0.80
29      2.60    -99.00      0.20      0.00      0.00      0.20      0.00      2.40      0.00      5.80      2.00      0.00
30      0.20    -99.00      0.00      0.00      0.00      0.00      0.00     46.20      0.00      1.40      5.80     14.20
31      0.80    -99.00      0.00    -99.00      1.00    -99.00      1.80     23.80    -99.00     11.00    -99.00      7.40
2012
01      4.80    -99.00      0.00      1.80      0.00      0.00    -99.00      0.00      0.20      4.00     10.40      0.00
02      9.40    -99.00      0.00      4.00      0.00      8.80    -99.00     10.20      6.20      0.00     10.20      0.00
03      0.00    -99.00      0.00      0.20      0.00      5.60      0.00      2.00      2.20      0.00      4.80      0.00
04     11.20    -99.00      0.00      0.00      0.00      0.00      3.60      0.00    102.00      0.00      0.20      0.00
05      0.20    -99.00      0.00      9.60      0.00      0.00      1.40      0.00     30.40      0.00      0.20      0.00
06      0.00    -99.00      0.00      0.00      0.00      0.00     10.20      0.00      1.60     45.80     29.20      0.00
07      0.00    -99.00      0.00      5.60      0.00      1.80      0.00      0.00      2.40     64.60     23.40      0.00
08     12.80      0.00      0.00      0.00      0.00      1.20     24.20      0.00      0.20     57.80      0.00      0.80
09      1.20      0.00      0.00      0.00      0.00      0.00      0.00      0.00      0.00      2.80      0.00      0.20
10      0.00      0.00      0.00      0.00      0.00      0.00      0.00      0.00      0.00     18.40      0.00      0.00
11      0.60      0.00      0.00      0.00      0.20      0.00      0.00      0.00      0.20      2.80      1.20      0.00
12      8.40      0.60      0.00      0.00      0.00      0.00      0.00      0.00      8.20      0.00     77.40      6.40
13      0.40      0.00      0.00      0.00      0.00      0.00      0.00      0.00      9.60      0.00      3.00      5.80
14      0.00      0.00      0.00      0.00      0.00      0.00      0.00      9.80      4.20      0.00      1.00     10.20
15      4.60      0.20      0.00      0.00      3.60      0.00      0.00      3.00     28.60      0.00      4.00      0.20
16      4.40      1.40      0.00      0.00      0.40      5.20      0.60      0.80      0.60      0.00      1.80      0.00
17      6.80     15.80      0.00      0.00      0.60      6.40      1.80      0.00      0.00      0.00     13.80      0.00
18      0.60      9.80      0.00      7.00      0.20      0.20      0.00      0.00      1.80      0.00      0.80      0.80
19      0.20      2.00      1.20      0.20      0.00      0.00      0.60      2.60     10.20      0.00      0.00     15.20
20      2.20      0.00      0.80      0.00      0.20      0.00      2.20      0.00      0.00      0.00      0.20      1.20
21      0.60      0.00      0.00      0.00     10.60      0.00     19.00      0.40      0.00      0.00      0.00      0.00
22      4.60      0.00      0.00      0.00      1.00      0.00      0.00      2.00      0.00      0.00      0.00      0.80
23     13.60      0.00      0.00      0.00      0.00      0.00      0.00     40.80      0.00      0.00      0.00     32.80
24      0.00      0.00      0.00      0.00      0.00      0.00      0.00      0.80      0.00      0.00      1.80      5.00
25      0.00      0.00      0.00      0.00      0.80      0.00      0.00      1.00      7.80      0.00      0.00      1.60
26      0.00      0.60      0.00      0.00      0.20      0.00      0.00      2.40     63.60      0.00      0.00      0.20
27      0.00      0.40      0.00      4.00      3.60      0.00      0.00     35.60     33.40      0.00      0.00      2.00
28      0.00      0.00      0.00      0.00     22.40      0.00      0.20     19.80     41.60      0.00      0.00      4.80
29      4.40      0.00      0.00    -99.00      3.80      4.80      0.60      0.00     10.40      0.00      0.00     14.60
30     10.00    -99.00      0.00    -99.00      0.00      0.00      0.00      0.00      0.20      0.00      0.00      8.00
31      1.80    -99.00      0.00    -99.00      6.60    -99.00      0.00      3.40    -99.00      0.00    -99.00      0.00
2013
01      0.00      0.00      0.00    -99.00    -99.00    -99.00    -99.00    -99.00     33.80      8.80      0.00      2.00
02      0.00      0.00      0.00    -99.00    -99.00    -99.00    -99.00      6.80      0.00     55.60      0.00      0.20
03      0.20      0.00     29.00    -99.00    -99.00    -99.00    -99.00      0.00      0.00      3.00      0.00      0.00
04      1.20      0.00      8.80    -99.00    -99.00    -99.00    -99.00      0.00      0.60      4.00      0.00     15.60
05      1.80      0.20      0.00    -99.00    -99.00    -99.00    -99.00      0.00      0.00      0.00     59.40      0.40
06      4.20      0.00      0.00    -99.00    -99.00    -99.00    -99.00      0.20     13.80      0.60     10.80      1.80
07      2.00      0.00      0.00    -99.00    -99.00    -99.00    -99.00      0.20      5.80      0.00     13.60      0.40
08      0.60      0.00      0.00    -99.00    -99.00    -99.00    -99.00      0.00      0.20      0.00     10.80      0.00
09      2.20      2.60      0.00    -99.00    -99.00    -99.00    -99.00      1.40      3.60      0.00     10.60      0.00
10      0.00     11.00      0.00     12.00    -99.00    -99.00    -99.00      0.00     11.80      0.00     41.20      0.00
11      1.60      0.60      0.00      3.60    -99.00    -99.00    -99.00      0.00     12.60      5.80      0.40      0.00
12      0.00      0.80      0.00      5.00    -99.00    -99.00    -99.00     14.40     93.20      6.00      0.00      5.80
13      0.00      7.00      0.00      0.00    -99.00    -99.00    -99.00      0.00      2.40      0.00      0.00      0.80
14      0.00      1.40      0.40      0.00    -99.00    -99.00    -99.00      0.00      0.00     86.20     18.40    -99.00
15      0.00      0.00      0.00      0.00    -99.00    -99.00    -99.00      0.00      1.00    131.20    375.20    -99.00
16      0.00      4.80      0.00      4.40    -99.00    -99.00    -99.00      0.00      0.00      3.40     90.20    -99.00
17      0.40      0.00      0.00      0.40    -99.00    -99.00    -99.00      0.00     45.40     49.00     22.80    -99.00
18      0.80      0.00      0.00      0.20    -99.00    -99.00    -99.00      0.00    302.40     39.60      5.80    -99.00
19      8.60      0.00      0.00      0.00    -99.00    -99.00    -99.00      0.00      6.40     20.00      2.60    -99.00
20      0.80      0.00      0.00      0.00    -99.00    -99.00    -99.00      0.00     33.80     40.20      2.40    -99.00
21      0.20      1.20      0.00      0.00    -99.00    -99.00    -99.00      0.00     29.60      8.80     39.60    -99.00
22      0.40      1.60      0.00      0.00    -99.00    -99.00    -99.00      0.00     34.20     13.80      5.80    -99.00
23      0.00      5.00      0.00      0.00    -99.00    -99.00    -99.00      0.00      0.00      1.40      7.00    -99.00
24      0.00     22.00      0.00      0.00    -99.00    -99.00    -99.00      0.00      0.40      0.40      0.00    -99.00
25      7.20      0.00      0.00    -99.00    -99.00    -99.00    -99.00      0.00     10.80      1.60     13.20    -99.00
26      0.20      0.00      0.00    -99.00    -99.00    -99.00    -99.00     62.80      5.20      1.00      0.20    -99.00
27      0.00      0.80      0.00    -99.00    -99.00    -99.00    -99.00      0.20     11.20      1.00      1.20    -99.00
28      0.20      0.00      0.00    -99.00    -99.00    -99.00    -99.00      0.00      7.00      0.00     50.60    -99.00
29      2.20    -99.00      0.00    -99.00    -99.00    -99.00    -99.00     39.00      0.60      3.20     16.40    -99.00
30      0.00    -99.00      0.00    -99.00    -99.00    -99.00    -99.00      0.00     29.40     11.20      0.40    -99.00
31      3.00    -99.00      0.00    -99.00    -99.00    -99.00    -99.00    -99.00    -99.00      0.00    -99.00    -99.00
2014
01      0.00      0.00      0.00      0.00      2.00      0.00      0.00     64.40     22.00      0.00      5.40    117.60
02      0.00      0.00      0.00      0.00      0.00      0.00      0.00     40.60      0.00      0.00      0.00    193.60
03      2.60      0.00      0.00      1.80      0.40      0.00      4.80      0.00      0.00      0.00     27.80      4.20
04      0.00      0.00      0.00     26.20      2.20      0.00      0.00      0.00      0.00      0.00     26.20      0.40
05      0.00      0.00      2.80      0.00      6.60      0.00      5.80      0.00    -99.00     68.60     33.40      0.40
06      0.00      0.00      0.00      0.00      0.00      0.00      4.40      0.00    -99.00     26.80      3.40      0.40
07      0.00      0.00      0.60      1.00      3.60      0.00     12.00      0.00    -99.00     45.00      0.00      7.00
08      0.00      0.00      0.00     19.20    -99.00      0.00     14.00      0.00    -99.00      1.40      0.00     25.80
09      0.00      0.00      1.00      0.00    -99.00      0.00     40.00      0.00    -99.00      0.00      3.40      5.00
10     12.20      0.00      0.00      0.00    -99.00      0.00      1.00      0.00    -99.00      0.00      0.20      1.40
11      1.20      0.00      0.00      0.00      0.00      0.00     44.80      0.00    -99.00      0.00      2.40      3.40
12     21.80      0.00      0.00      0.00      0.00      0.00      6.20      0.00    -99.00      4.40     33.80     32.00
13     23.80      0.00      0.00      0.00      3.00      0.40      0.00      0.00    -99.00     30.60     74.80     17.00
14      0.20      0.00      0.80      0.00      0.20      0.00      0.00    -99.00    -99.00      8.00      9.40      0.00
15      0.00      0.00      0.00      0.00      0.20      0.00      0.00    -99.00    -99.00      3.00     60.80      0.00
16      0.00      0.00      0.00      0.00      0.00      1.00     28.20    -99.00    -99.00     17.00      2.40     25.40
17      0.40      0.00      0.00      0.00      0.00      0.00     56.00      0.00    -99.00     14.60      2.20     16.40
18      2.60      0.00      0.00      0.00      0.00      0.00      0.00      0.00    -99.00     65.80      0.40      0.00
19      0.80      0.00      0.00      0.00      0.00      0.00      0.00      0.00    -99.00      1.00     16.40      0.00
20      1.00      0.00      0.00      0.00      0.00      0.00    -99.00      3.40    -99.00     11.80      9.80      0.00
21      0.00      0.00      4.20      0.00      1.40      0.00      0.00      6.00    -99.00      3.00      0.80     12.20
22      0.20      0.00      5.00      0.00      0.00      0.00      0.00      1.00    -99.00     86.00      1.20     16.80
23      0.00      0.20      0.00      0.00     18.20      1.00      4.40      0.00    -99.00     39.40      1.20      0.00
24      0.00      0.00      0.00      0.00    -99.00     21.00      0.00      0.00    -99.00     51.40      0.60      0.00
25      0.00      0.00      0.00      0.00    -99.00      7.40      2.20      0.00    -99.00     73.80      7.80      7.20
26      0.00      0.00      0.00      0.00      0.00      0.00      0.00      1.60    -99.00     15.40      1.00      7.00
27      0.00      0.00      0.00      0.00      0.00      2.00     21.80      0.00    -99.00     11.60      0.20      3.60
28      2.60      0.00      0.00      0.40      0.00     17.00     48.00     23.80    -99.00     53.20      0.00     15.60
29      0.40    -99.00      0.00      7.40      0.00     19.60     58.00      0.20    -99.00      0.00      0.00      0.00
30      0.00    -99.00      0.00      4.40      0.00      0.00      7.60      3.80    -99.00     19.60     49.40      0.00
31      0.00    -99.00      0.00    -99.00      0.00    -99.00      0.00     10.20    -99.00     32.80    -99.00      0.00
2015
01      1.80    -99.00      0.00      0.00      0.40      0.00      0.00      1.20      0.00      0.60     23.00      2.80
02      5.80    -99.00      0.00      0.00      0.20      0.00      0.00    -99.00     97.20      5.60      2.60      0.00
03      1.00    -99.00      0.00      0.00      0.00      0.00      0.00    -99.00     32.80      0.20      6.20      0.00
04      0.00    -99.00      0.00      0.00      0.00      0.00      9.40    -99.00      0.00      0.40    169.80      3.60
05      0.00      0.00      0.00      0.00      0.00      0.00      5.60    -99.00      0.00     71.20    115.80      1.00
06      0.00    -99.00      0.00      0.20      0.00      0.00     39.20    -99.00     14.20     12.80     12.20      2.00
07     13.00    -99.00      0.00      0.00      0.00      0.00      5.80    -99.00      0.00      0.20     32.60      0.00
08      6.40    -99.00      0.00      0.00      0.00     16.60    -99.00    -99.00      0.00      0.00     43.60      1.40
09      1.40    -99.00      0.00      1.80      0.80      0.00    -99.00    -99.00      0.00      0.00      5.00      0.00
10      4.40    -99.00      0.00      0.00      0.00      0.00    -99.00    -99.00      3.20     29.00      2.60      0.00
11      0.00    -99.00      4.20      0.00      0.00      0.00    -99.00    -99.00      1.80     13.80      0.00      0.40
12      0.00    -99.00    -99.00     37.20      0.20      0.00    -99.00    -99.00      0.40    103.60      5.60      0.00
13      0.00      0.00      0.00      0.00      0.00      0.00    -99.00    -99.00     24.80      1.40      0.00      0.00
14      0.00      2.80      0.00      0.00      0.00      0.00      0.00    -99.00    229.20    115.60      0.00      0.00
15      0.00    -99.00      0.00      0.00      0.00      0.00    -99.00    -99.00     24.60     87.00      0.00      8.80
16      0.00    -99.00      0.00      0.00     12.80      0.00    -99.00    -99.00      2.60      0.00      0.00     58.60
17      1.20    -99.00    -99.00      0.00     18.80      0.00    -99.00    -99.00      0.20      0.00      0.00      6.60
18     10.00      1.00      0.00      0.00     23.60      0.00    -99.00    -99.00      1.00      0.00      4.80      0.60
19      1.80      0.00      0.00      0.00      1.60      0.00    -99.00      0.00      0.00      0.00      1.40      0.40
20    -99.00      0.20      0.00      0.00      0.00      0.00    -99.00      0.00      0.00      0.00      1.40      1.80
21    -99.00      3.60    -99.00      0.00      0.00     16.40    -99.00      1.80     19.00      0.00      0.20      1.00
22    -99.00      0.00      0.00     19.40      0.00      0.80    -99.00      1.60      0.00      0.00      4.20      4.00
23    -99.00      0.00     16.20      1.20      0.00      1.80    -99.00     20.40      1.80      0.00      9.00      0.00
24    -99.00      0.00     37.80      0.00      0.00      0.40    -99.00      0.00      0.00      8.00      1.60      0.00
25    -99.00      0.00      1.00      2.20      0.00      0.00    -99.00     84.80      0.00      0.00      7.20      0.00
26    -99.00      0.00     33.60      0.20      0.00      0.00    -99.00      5.60      0.00      0.00     11.20      0.00
27    -99.00      0.00     76.20      0.00      0.00      0.00    -99.00      1.20      0.00      0.00     22.60      0.00
28    -99.00      0.00      1.60      0.00      0.00      0.00    -99.00      1.00      0.00      0.00     16.00      0.00
29    -99.00    -99.00      0.00      1.60      0.00      0.00    -99.00     36.00      0.00      0.40      6.20      8.40
30    -99.00    -99.00      0.00      0.20      4.40      0.00    -99.00      0.00      0.00      0.20     14.80     12.60
31    -99.00    -99.00      0.00    -99.00      0.00    -99.00    -99.00      0.00    -99.00     75.80    -99.00     11.00
2016
01      1.60      0.00      0.00      0.00      0.00      0.00      5.60      2.20      0.00      1.00     73.20     30.20
02      0.40      0.00      5.60      0.00      1.00     11.40      0.00      0.00    -99.00      0.00     73.80     48.60
03      0.20      0.00      1.60      0.00    -99.00      0.00    -99.00     20.00      1.00      0.40     15.80     87.20
04      0.20      2.80      0.00      0.00      3.60      0.40      1.80      3.60    -99.00      2.20      3.20      9.20
05      0.00      0.00      0.00      0.00      0.40      6.60      2.00      0.20     80.00      1.20      0.80     13.00
06      0.00      0.00      0.00      0.00      0.00      0.00    -99.00      7.00     18.60      1.20      8.20      2.80
07      2.20      0.60      0.00      0.00      0.00     36.80     10.40      0.00    -99.00     19.20     46.20      8.20
08     37.60      0.00      0.00      0.00    -99.00      0.00     25.80      0.00     11.80      0.00     82.40      0.60
09      8.20      0.00      0.00      0.00      0.00      0.00      0.00      0.00    -99.00      0.00      4.80      0.20
10      0.20      0.00      0.00      0.00      0.00      0.00    -99.00      1.00     41.20      0.00      0.00      0.00
11      0.00      0.00      0.00      0.00    -99.00      0.00      0.20      0.00      9.60     13.00      9.60     29.60
12      0.00      0.00      0.00      0.00      0.00      0.00     23.20      0.00    -99.00      4.80      0.40     31.60
13      2.20      0.00      0.00      0.00    -99.00      0.00    -99.00      0.00    272.40     16.40      0.00    111.60
14      0.00      0.00      0.00      0.00      0.00      0.00      0.00      0.80    -99.00     40.00      0.00     98.00
15      0.00      0.00      0.00      0.00      1.20      0.00      0.00      0.40     31.80     37.20      0.00    136.40
16     21.20      0.00      0.00      0.00    -99.00      0.60    -99.00      0.00      0.00     68.20      0.60     48.20
17      1.20      0.00      0.00      0.00      0.00      0.20      0.00      0.00      0.00      0.40     75.20      1.40
18      2.80      0.00      0.00      0.00      0.00      0.00      0.00      6.20      0.00      0.00     22.20      9.60
19      0.00      0.00      0.00      0.00      0.00      0.00      3.00      9.60     14.80      0.00      7.20      5.60
20      0.00      0.20      0.00      0.00    -99.00      0.00    -99.00      0.00     46.40      6.60     15.60      2.40
21      0.00      0.00      0.00      0.00      0.00      0.00      1.20      1.00    106.60     11.40      0.00      2.40
22      0.00      0.00      0.00      0.80      2.20      0.00      0.00      2.60     84.60      0.00      0.00     23.40
23      0.00      0.00      0.00      0.00    -99.00      3.40      0.00     27.00     13.60      0.00      9.00      3.80
24      0.00      1.40      0.00      0.00      0.80      2.40    -99.00     26.40      2.80      0.00     13.80     25.40
25      0.00      0.00      0.00      0.00    -99.00      2.20      0.00     37.80      2.20      0.00      3.60      0.20
26      0.00      0.00      0.20      0.00     96.40      3.80      0.00     12.20      3.60     19.60      0.00      0.00
27      0.00      0.00      2.20      0.00      0.00     28.00    -99.00     12.40      0.00     19.20      0.00     26.00
28      4.00      0.00      0.60      0.00    -99.00     11.20     24.00      1.00      0.00      0.00      0.00      4.80
29      0.00      0.00      0.00      5.00      0.00      0.60      0.00     14.00      0.00      0.00      5.80      0.20
30      2.20    -99.00      0.00      2.40      3.00      0.00    -99.00     20.60      1.60     51.00     39.40      0.40
31      0.00    -99.00      0.00    -99.00    -99.00    -99.00      0.00      1.20    -99.00    129.60    -99.00     73.60
2017
01     21.40     28.60      0.00      0.00      0.00      0.00      4.00      0.00      0.00      3.60     38.00      5.60
02     10.60     38.00      0.60      3.00      0.00      0.00      0.00      0.00      0.20     19.80      0.20     59.60
03      1.60     18.20      0.00      1.80      0.00      0.00      0.00      0.00      0.00     34.60      6.60     38.80
04      7.20      2.20      0.00      0.20      0.00      0.00      8.00      0.00     12.60      0.40    203.20     15.00
05      5.00      0.00      0.00      0.00      0.00      1.00     17.40      0.00      8.00      0.00    187.60     45.00
06      4.40      0.00      0.00      0.00      0.00      0.00      4.60     17.00      2.00      0.00     43.80      0.20
07      0.20      0.00      0.00      0.00      0.00     34.00      0.00      0.00      2.00      5.00     14.80      4.80
08      7.00      0.00      0.00      0.00      1.00     10.60     23.40      0.00      0.00     13.40     80.00      8.40
09      5.20     46.80      0.00      0.00      0.60      0.20     18.80      0.00      0.00     70.20     20.40      3.40
10      5.20      0.00      0.00      0.00      0.00     22.80     14.20      0.00      0.00      0.20     18.20      0.00
11     26.80     23.80      0.00      0.00      8.80      3.40      2.80      1.00      0.00      1.60      4.60      1.20
12      2.00      0.20      0.00      0.00      0.00      0.40     27.60      0.00      0.00     22.60      0.00      0.00
13      0.20      0.20      0.00     20.00      1.80      0.80      0.40      0.00      1.80      0.40      0.00      0.00
14      0.00      1.60      0.00      0.00      0.00      6.00      6.80      0.00     51.40      2.60      0.00      0.00
15      1.00      6.80      0.00      0.00      2.60      0.00      8.60      0.00     14.60      0.00     17.40      0.00
16      6.00      0.40      0.60      0.00     30.40      0.00     29.00      0.00      0.00      0.00      4.20     18.60
17      0.40      0.00      0.00      0.00      0.40      0.00      5.20      0.40      0.00      0.00      0.20      8.80
18      0.00      1.00      0.00      0.00      0.00      0.00     82.20     34.60      0.00      1.80      0.00      0.80
19      0.00      0.00      0.00      0.00      2.40      0.00      4.00      1.00      0.00     49.00     38.00      3.00
20     11.80      0.00      0.00      0.00      1.00      0.00      0.00      0.00      0.00      0.00     81.60      0.00
21      2.00      0.00      0.00      9.00      0.00      0.00      5.20      0.00      0.00      0.00    197.60      0.20
22     16.80      0.00      0.00      0.00      0.00      0.00      0.00      0.00      0.00      0.20     24.40      0.00
23     16.80      0.00      0.00      0.00      0.00      0.00      0.00      0.00      3.80      0.60     33.20      1.40
24      4.80      2.00      0.00      5.00      2.00      0.00      0.40      0.00      0.00     26.60      1.00      1.00
25     56.00      0.00      0.40      3.00      0.20      0.00     40.60      1.80     15.00      2.20      1.20      0.00
26      0.40      0.00      0.80      1.20     20.20      0.00      0.80     46.20      0.00      0.40      0.60     18.60
27      1.20      0.00      2.80      0.00      1.00      0.00      3.20     30.00      0.00      3.20      0.00     15.40
28      0.00      1.20      0.00     15.20      0.00      0.00      1.20     15.60      0.00      0.00      7.60      0.00
29      0.00    -99.00      8.80     12.80     16.60      0.00      0.00      1.80      6.80      0.20      6.80      3.60
30      0.00    -99.00      0.00      0.00      0.00      2.60      0.00      0.00      0.00     50.40      3.80      1.80
31      0.00    -99.00      5.40    -99.00      0.00    -99.00      0.00     11.40    -99.00     77.80    -99.00     11.60
2018
01      0.20      0.00      1.80      0.00      0.00      0.00      0.00      0.00      0.00      0.20      0.00     41.20
02      2.80      0.00      0.00      0.00      0.00      0.00      0.00     15.00      0.00     27.40      0.00      0.80
03      7.40      0.00      0.20      0.00      0.00     48.80      0.00      0.00      3.60     99.60      0.00      0.20
04      5.40      0.00      0.00      0.00      0.00     11.20      0.00      2.80      7.00     55.40      0.00      4.20
05      1.80      0.00      0.00      0.00      0.00      0.00      0.00      0.60      0.20      0.00      0.20      0.00
06      0.00      0.00      0.00      0.00      3.00      1.20     31.60      0.00      0.00      0.00     25.60      0.20
07      0.00      0.00      0.00     41.20      2.80      3.80      9.20      0.00      0.00      0.00     20.80     31.80
08      0.00      0.00      1.80     26.80      0.00      0.00     10.20      0.00      0.00      0.00     23.00     16.20
09      0.40      0.00      0.00      0.00      4.20      0.00      0.60      7.60      0.00      0.00     65.00    275.00
10      0.00      0.00      0.00      0.00      9.60      0.00     72.00      2.20      0.20      1.40      0.60    207.00
11      0.00      4.80      2.00      0.00      0.20      0.00     23.80      0.00      0.00     15.60      2.40     48.00
12      0.20      6.80      1.00      0.00      0.00      0.00     14.20      0.00      0.00     33.00      0.20      8.00
13      1.80      3.80      0.00      0.00      0.00      0.00      0.00      0.00     20.20     51.00      0.00      5.60
14      0.20      0.00      4.00      0.00      0.00      0.00      0.00      0.00     15.20     14.60      0.00     17.40
15      0.00      0.20     16.00      0.00      0.00      0.00      0.00      0.00     30.40      0.00      0.00     80.20
16      1.00      0.00      0.20      0.00      0.00      0.00      0.00      0.00      0.00      0.00      0.00     11.80
17      0.00      0.00      0.20      0.00      0.00      0.80      0.00      0.00     30.20      0.00      0.00     18.40
18      0.00      0.40      0.20      0.60      0.00      0.00      0.00      0.80      0.00      1.00      7.20      0.20
19      0.00      0.60      0.00      0.00      0.00      0.00      0.00     56.80      1.60      8.00      0.00      0.00
20      2.60      0.00      0.00      0.00      0.00      0.00      0.00      4.40     11.60     15.40      0.00      0.00
21      0.80      0.00      0.00      0.00      0.00      0.00      0.00     13.80      5.20      0.00      0.00      0.00
22      9.80     11.60      0.00      0.00      0.00      5.00      0.00      0.00      0.60      6.60      3.20      0.00
23      0.60      1.60      0.00      0.00      0.00      0.00      0.00      0.00      1.00      0.00     18.40      0.00
24     25.40      0.00      0.00      0.00      0.00      5.80      0.00      0.00      0.00      6.80     25.40      5.80
25      6.20      0.00      0.00      0.60      0.00     36.00      0.00      0.00      0.00      0.00     21.20      0.60
26      1.40      0.40      0.00      6.80      0.00     17.60      0.00      0.40      0.00      0.00      4.20      1.80
27     18.00      0.00      0.00      0.00      0.00      7.60      1.00     29.60      0.00      2.40      0.20     18.80
28      5.40      0.00      0.00      0.00      0.00      0.00      0.80      0.20      2.00     32.60     18.60      2.00
29     22.20    -99.00      0.00      0.40      0.00     24.80      0.00      0.00      0.00      0.00    166.40     57.60
30      0.00    -99.00      0.20     20.00      0.00      4.20      0.00      0.20      3.80      0.00     50.80      8.60
31      0.00    -99.00      0.00    -99.00      0.00    -99.00      0.00      0.00    -99.00      0.00    -99.00      0.40
