LySon               
   109.11300       15.376000               8
2011
01      0.00      0.80      0.00      0.00      0.00      0.00      0.00      8.00      0.00     49.40     39.40      5.00
02      0.60      0.00      0.00      0.00      0.00      0.00      0.00      0.00     18.80     16.40      3.40      9.00
03      1.40      0.00      2.00      0.00      0.00      0.00      0.00      0.80      3.20     18.40      2.40      8.80
04     62.80      0.00      8.60      0.00      0.00      0.00      0.00      0.60      4.40     27.00    108.60      2.20
05      0.60      0.00      0.20      0.00      0.00      0.00      0.00      0.00     15.20      0.00      1.60     11.40
06      8.20      0.00      0.00      0.00      1.00      0.00      0.00      0.00     28.00      0.00     39.00      0.40
07     31.00      0.00      0.00      0.00      6.00      0.00      0.00      0.00     42.20      0.00    310.60      3.80
08      4.40      0.00      0.00      0.00      0.60      0.00      0.00      0.00      5.20      0.00     47.40      3.80
09      0.20      0.00      0.00      0.00      0.00      0.00      0.00     16.00     26.80     55.00      3.60      3.60
10      0.20      0.00      0.20      0.20      0.00     14.40      0.00      0.00     20.60      5.40      0.80     21.20
11      0.00      0.00      0.00      0.00      0.00      0.00      6.40      0.00      7.20     21.40      0.00     10.00
12      0.00      0.00      0.00      0.00      5.00      0.00     18.40      0.00      5.60      3.20      0.00      0.00
13      0.00      1.80      0.00      0.00      5.00      0.00      2.20      0.00      4.20      2.40      0.60      0.00
14      0.00      0.00      0.00      0.00      0.00      0.00      0.00      0.00      5.60     19.80      0.00      2.80
15     11.20      0.00      0.00      0.00      0.00     11.80      0.00      0.00      3.60     22.20     58.60     29.80
16      0.40      0.00      7.60      0.00      0.00      0.00      0.00      0.20      0.00    140.40     24.80      4.20
17      1.00      0.00      1.00     14.00      0.00      0.00      0.00      2.40      0.00     54.00      0.20      1.80
18      1.60      0.00      0.20     39.80      3.80      1.80      0.00      0.00     50.20     47.00      0.00      0.20
19      1.60      0.00      0.00      1.40      0.00      0.00      0.00      6.60      0.40      0.40      0.00      0.00
20      0.00      0.00      0.00      3.00      0.00      0.00      0.00      6.20      2.80      0.20      0.20     13.20
21      0.00      0.00      0.00      0.00      0.00      0.00      0.00      0.00     61.60      0.00      8.40      7.20
22      0.00      0.00      0.00      0.00     19.20      0.00      0.00      0.00     23.00      0.20      7.60      8.80
23      0.00      0.00      5.00      0.00      0.20      0.00      0.00      0.00    249.00      0.00      1.80      5.40
24      0.20      0.00      0.60      0.00      0.00      1.20      0.00      0.00    136.80      5.60     55.40      2.40
25      1.20      0.00      6.40      0.00      0.00      0.60      1.40      0.00     28.80     24.80    145.40      3.60
26      0.00      0.00      0.40      0.00      0.00      0.00      0.00      0.00     37.20      0.40     13.00      0.40
27      0.20      0.00      1.00      0.60      0.00      0.00      0.00      0.00     18.60      8.20      1.20      0.80
28      1.40      0.00      1.20      0.00      0.00      0.00      0.00      0.00      0.00     13.80      4.20      0.20
29      2.00    -99.00      5.40      0.00      0.00      0.00      0.00      0.20      0.00      0.20      2.20      2.00
30      3.80    -99.00      0.80      0.00      0.00      0.00      1.00      0.00      0.00      0.20      4.00     16.60
31      6.00    -99.00      0.00    -99.00      0.00    -99.00      3.20     56.60    -99.00      4.00    -99.00      4.00
2012
01      2.80    -99.00      0.00      3.20      0.00      0.00    -99.00      0.00      0.00     20.20      4.40      0.00
02      3.20    -99.00      0.00      3.40      0.00      0.00    -99.00      0.00     10.00      1.80      3.20      0.00
03      0.00    -99.00      0.00      0.00     12.20      0.00      0.00      9.20     13.60      1.20      0.20      0.00
04     14.20    -99.00      0.00      0.00      0.00      0.00      0.00      0.00    153.00      0.00      0.20      0.00
05      0.40    -99.00      0.00      1.40      0.00      0.00      0.40      0.00      7.60      0.00     15.60      0.00
06      0.00    -99.00      0.00      0.00      0.00      0.00      0.00      0.00      0.00     92.80     62.40      2.00
07      8.60    -99.00      0.00      2.20      0.00      0.40      0.40      0.40      0.00     18.20     33.00      0.00
08     18.80      0.00      0.00      0.00      0.00      0.00      2.60      0.00      0.00     42.20      0.00      0.00
09      0.00      0.00      0.00      0.00      0.00      0.00      0.00      0.00      9.40     13.00      0.00      0.00
10      0.60      0.00      0.80      0.00      0.00      0.00      0.00      0.00      2.40      0.00      0.00      0.00
11      8.80      0.00      0.00      0.00      0.00      0.00      0.00      0.00     19.20      1.60     20.20     16.00
12      7.00      1.80      0.00      0.00      0.00      0.00      0.00      0.00      8.20      0.00     18.80      8.80
13      0.80      0.20      0.00      0.00      0.00      0.00      0.00      0.00      2.80      3.20      1.40     15.80
14      0.00      0.00      0.00      0.00      0.00      0.00      0.00      0.00     16.60      0.00      0.00      2.60
15      0.00      0.00      0.00      0.00      0.00      0.00      0.00      0.00     43.00      0.00     26.60      0.00
16      1.80     10.00      0.00      0.00      0.00     13.60      0.00      0.00      0.00      0.00     44.00      0.00
17      1.00     11.00      0.00      0.00      0.00     19.40      0.00      0.20      0.00      0.00     90.20      0.00
18      2.00      8.60      0.00     38.00      0.00      3.60      0.00      0.00      6.40      0.00      2.40      2.20
19      0.00      0.80      0.40      0.00      2.60      0.00      0.00      0.00      1.20      0.00      9.20     10.20
20      0.00      0.00      0.00      0.00      0.00      0.00      0.00      0.00      0.00      0.00      0.00      2.40
21      0.00      0.00      0.00      0.00      0.60      0.00      0.60      0.00      0.00      0.00      0.00      0.00
22      0.00      0.00      0.00      0.00      1.40      0.00      0.00      0.00      0.20      0.00      0.00      0.80
23      1.80      0.00      0.00      0.00      0.00      0.00      2.60     14.60      0.00      0.00      0.00     11.40
24      0.00      0.00      0.00      0.00      0.00      0.00      0.20      0.80      0.00      0.00      0.00      0.20
25      0.00      0.00      0.00      0.00      0.60      0.00      0.00      0.00      0.60      0.00      0.00     17.60
26      0.00      0.00      0.00      0.00      1.00      0.00      0.00     29.40     45.20      0.00      0.00      1.80
27      0.00      0.00      0.80      0.00      0.20      0.00      0.00     16.60    107.40      0.00      4.60     59.40
28      0.00      0.00      0.00      0.00      0.20      0.00      0.00      6.20     20.60      0.00      0.00      3.40
29      3.00      0.00      0.00    -99.00      1.60      0.00      2.40      0.00     32.00      0.00      0.00      0.20
30      4.60    -99.00      0.00    -99.00      0.00      0.00      0.00      0.00      2.00      0.00      0.00     16.60
31      0.20    -99.00      3.80    -99.00      0.00    -99.00      0.00      0.00    -99.00      0.00    -99.00      0.00
2013
01      0.00      0.00      0.00    -99.00    -99.00    -99.00    -99.00    -99.00      0.00      4.80      0.60      1.00
02      0.00      0.00      0.00    -99.00    -99.00    -99.00    -99.00      6.40      0.00     21.80      0.00      0.20
03      4.00      0.00     17.80    -99.00    -99.00    -99.00    -99.00      0.00      0.00     22.60      0.00      0.00
04      0.00      0.00     16.60    -99.00    -99.00    -99.00    -99.00      0.00      0.00      6.80      1.40      2.40
05      1.80      0.00      0.00    -99.00    -99.00    -99.00    -99.00      0.00      0.00      0.00     55.60      0.20
06     15.40      0.00      0.60    -99.00    -99.00    -99.00    -99.00      0.80     19.80      0.00      5.20      0.00
07      8.60      0.00      0.00    -99.00    -99.00    -99.00    -99.00      0.20     11.20      0.00      1.60      0.00
08      1.00      0.00      0.00    -99.00    -99.00    -99.00    -99.00      0.00      0.00      0.00      2.40      0.00
09      0.60      3.20      0.00    -99.00    -99.00    -99.00    -99.00      0.00     26.20      0.00     15.80      0.00
10      0.60      6.40      0.00      0.00    -99.00    -99.00    -99.00      0.00     37.00      0.00     65.20      0.00
11      1.60      0.40      0.00      2.40    -99.00    -99.00    -99.00      1.00     22.00      4.80      0.40      0.00
12      0.00      0.00      0.00      7.40    -99.00    -99.00    -99.00     26.40     18.80      9.40      0.00      2.00
13      0.00      0.60      0.00      0.00    -99.00    -99.00    -99.00      0.00      0.20      0.00     15.00      1.00
14      0.00      0.00      0.00      0.00    -99.00    -99.00    -99.00      0.00      0.00     64.00     17.00    -99.00
15      0.00      0.00      0.00      0.00    -99.00    -99.00    -99.00      0.00      1.00    111.00    178.80    -99.00
16      0.00      1.00      0.00      2.20    -99.00    -99.00    -99.00      0.00      0.00      0.40     67.40    -99.00
17      0.00      0.20      0.00      0.40    -99.00    -99.00    -99.00      0.00     33.00     19.80      6.80    -99.00
18      0.00      0.00      0.00      0.00    -99.00    -99.00    -99.00      0.00    337.20      5.40      0.00    -99.00
19     15.20      0.20      0.00      0.00    -99.00    -99.00    -99.00      0.00      5.60      1.40      1.60    -99.00
20      0.80      5.60      0.00      0.00    -99.00    -99.00    -99.00      0.00     13.00     10.40      0.00    -99.00
21      0.00      0.40      0.00      0.00    -99.00    -99.00    -99.00      0.00      0.00      0.00     43.60    -99.00
22      0.00      0.00      0.00      0.00    -99.00    -99.00    -99.00      0.00     22.40      7.00      0.80    -99.00
23      0.00     16.00      0.00      0.00    -99.00    -99.00    -99.00      0.00      0.00      0.00      5.00    -99.00
24      0.00     38.80      0.00      0.00    -99.00    -99.00    -99.00      0.00      0.00      0.00      0.40    -99.00
25      4.80      0.00      0.00    -99.00    -99.00    -99.00    -99.00      4.20      0.80      5.20     17.00    -99.00
26      0.00      0.00      0.00    -99.00    -99.00    -99.00    -99.00      8.80      7.40      2.40      0.00    -99.00
27      0.00      0.00      0.00    -99.00    -99.00    -99.00    -99.00      0.60      6.60      1.20      1.60    -99.00
28      0.40      0.00      0.00    -99.00    -99.00    -99.00    -99.00      0.00     25.20      0.00     31.80    -99.00
29      0.20    -99.00      0.00    -99.00    -99.00    -99.00    -99.00     14.40      0.40      9.60     29.80    -99.00
30      0.00    -99.00      0.00    -99.00    -99.00    -99.00    -99.00      0.00     41.40      5.00      0.20    -99.00
31      0.00    -99.00      0.00    -99.00    -99.00    -99.00    -99.00    -99.00    -99.00      0.00    -99.00    -99.00
2014
01      0.00      0.00      0.00      0.00      0.20      0.00      0.00     16.80      3.60      0.00      2.60     78.80
02      0.20      0.00      0.00      0.00      0.00      0.00      0.00     30.00      0.00      0.00      0.00    139.20
03      0.00      0.00      0.00      0.40      0.00      0.00      1.00      0.00      0.00      0.00     18.80      1.80
04      0.00      0.00      0.00     66.80      1.80      0.00      0.00      0.00      0.00      0.00     36.60      0.40
05      0.00      0.00      0.00      0.00      4.80      0.00      0.00      0.00    -99.00     61.80     14.40     33.20
06      0.00      0.00      0.00      0.00      7.40      0.00      0.00      0.00    -99.00     62.00      0.00      3.80
07      0.00      0.00      0.00      1.60      3.20      0.00      0.00      0.00    -99.00     16.60      0.00      3.80
08      0.00      0.20      0.00      0.20    -99.00      0.00     29.20      0.00    -99.00      0.00      0.00     52.80
09      0.00      0.00      0.00      0.20    -99.00      0.00     21.00      0.00    -99.00      0.00      2.00     59.40
10      0.00      0.00      0.00      0.00    -99.00      0.00      8.60      0.00    -99.00      0.00      0.00      5.80
11      0.00      0.00      0.00      0.00      0.00      0.00      0.00      0.00    -99.00      0.00      3.40     17.40
12      7.60      0.00      0.00      0.00      0.00      0.00      0.00      0.00    -99.00     39.40     18.80     17.60
13     21.40      0.00      0.00      0.00      1.80      0.20      0.00      0.00    -99.00     22.40     45.20     19.80
14     15.60      0.00      0.00      0.00      0.00      0.00      0.00    -99.00    -99.00      0.20      1.60      3.40
15      0.00      0.00      0.00      0.00      0.00      0.00      0.00    -99.00    -99.00     17.20      5.20      0.00
16      0.00      0.00      0.00      0.00      0.00      0.00      5.00    -99.00    -99.00      0.80      2.20      2.60
17      4.20      0.00      0.00      0.00      0.00      0.00     45.40      0.00    -99.00     10.20      0.00     12.60
18      5.60      0.00      0.00      0.00      0.00      0.00      7.80      0.00    -99.00     39.20      4.80      2.00
19      1.00      0.00      0.00      0.00      0.00      0.00      1.00      0.00    -99.00      3.00      0.00      0.20
20      6.60      0.00      0.00      0.00      0.00      0.00    -99.00      3.80    -99.00      8.60     21.40      0.20
21      1.80      0.00      0.00      0.00      0.00      0.00      0.00     11.60    -99.00     27.00     10.00     42.20
22      0.60      0.00      0.00      0.00      0.00      0.00      0.00      0.00    -99.00     84.20      4.20     14.60
23      0.20      1.60      0.00      0.00     61.60      1.80     65.00      0.00    -99.00    133.40      1.60      0.00
24      0.00      0.40      0.00      0.00    -99.00      0.00      0.00      0.00    -99.00     13.40      2.60      4.00
25      0.00      0.00      0.00      0.00    -99.00      0.00     10.60      0.00    -99.00     54.60      1.20      7.20
26      0.00      0.00      0.00      0.00      0.00      0.00      2.80      0.80    -99.00     26.60      3.40      2.40
27      0.00      0.00      0.00      0.00      0.00      0.00      3.80      0.00    -99.00      1.80      0.00      1.20
28      0.40      0.00      0.00      0.00      0.00      0.00      8.60      2.00    -99.00     23.60      0.40     32.40
29      0.20    -99.00      0.00      0.00      0.00     99.60      9.40      1.40    -99.00      0.40      0.00      2.80
30      0.00    -99.00      0.00      1.60      0.00      0.20      0.40      8.20    -99.00     12.40     35.60      0.00
31      0.00    -99.00      0.00    -99.00      0.00    -99.00      0.00     33.80    -99.00     37.60    -99.00      1.40
2015
01      2.00    -99.00      0.00      0.00      8.00      0.00      0.00      4.40      0.00      2.60     46.60      3.60
02      2.40    -99.00      0.00      0.00      0.00      0.00      0.00      0.40      0.00     36.00      2.60      0.00
03      1.20    -99.00      0.00      0.00      0.00      0.00      0.00      0.00      2.00      4.40      0.00      0.00
04      0.00    -99.00      0.00      0.00      0.00      0.00      0.20      0.00      0.00      0.00     60.20      2.60
05      0.00      0.00      0.00      0.00      0.00      0.00      0.00      0.00      0.00     30.40    128.60      5.60
06      0.00    -99.00      0.00      0.00      0.00      0.00      5.80      9.00      0.00      1.80     11.40     62.40
07      0.20    -99.00      0.00      0.00      0.00      0.00      2.20      0.00      0.00      3.20     18.60     29.00
08      2.00    -99.00      0.00      0.00      0.00      0.00      0.20      0.00      0.00      1.60      4.60      2.00
09      2.20    -99.00      0.00      8.20      0.20      0.00      0.00      0.00      0.00      0.00      0.00      0.00
10      4.20    -99.00      0.00      0.00      0.00      0.00      0.00      0.00      8.40      9.20      0.00      0.00
11      0.40    -99.00      0.00      0.00      0.00      0.00      0.00      0.00      1.80     15.60      0.60      3.40
12      0.00    -99.00      0.00     48.60      0.00      0.00      0.00      0.80      2.00     46.80     54.60      0.00
13      0.00    -99.00      0.00      0.00      0.00      0.00      0.00      0.00     38.00      0.40      0.00      0.00
14      0.00      0.00      0.00      0.00      0.00      0.00      2.80      0.00    134.40     85.00      0.00      0.00
15      0.00    -99.00      0.00      0.00      0.00      0.00      0.20      0.00     26.00     92.00      0.00      9.60
16      0.00    -99.00      0.00      0.00      0.00      0.00      0.00      0.00      5.60      0.00      0.00     28.60
17      6.20    -99.00      0.00      0.00      0.20      0.00      0.00      0.00      0.60      0.00      0.00    102.20
18      3.60      0.00      0.00      0.00      0.00      0.00      0.00      0.00      0.00      0.00      0.00      0.20
19      0.00      0.00      0.00      0.00     33.00      0.00      2.40      0.00      0.00      0.00      0.00      4.00
20    -99.00      0.00      0.00      0.00      0.00      0.60      0.00      0.00      0.00      0.00      1.80      8.40
21    -99.00      0.00      0.00      0.00      0.00     28.00      0.00      0.00      0.00      0.00      7.40      5.20
22    -99.00      0.00      0.00      3.20      0.00      1.60      0.00      0.20      0.00      0.00      5.00      6.20
23    -99.00      0.00      8.60      0.00      0.00      1.20      0.00      0.00      0.00      0.00      6.00      0.00
24    -99.00      0.00     62.00     16.00      0.00      0.00      0.00      0.00      0.00      0.00      0.20      0.00
25    -99.00      0.00      0.60      1.80      0.00      0.00      0.00      0.00      0.00      0.00      0.60      0.00
26    -99.00      0.00     15.40      0.00      0.00      0.00      0.00     18.60      0.00      0.00      4.40      0.80
27    -99.00      0.00     45.00      0.00      0.00      0.00      0.00      5.60      0.00      0.00      1.40      0.00
28    -99.00      0.00     84.80      0.00      0.00      0.00      3.00      0.00      0.00      0.00     12.60      0.00
29    -99.00    -99.00      0.00      0.00      0.00      0.00      0.40      0.00      0.00      0.00      1.00     14.40
30    -99.00    -99.00      0.00      0.00      0.00      0.00      9.00     25.00      0.60      0.40      1.60      5.80
31    -99.00    -99.00      0.00    -99.00      0.00    -99.00      0.60      0.00    -99.00     47.80    -99.00      7.80
2016
01      0.20      0.00      0.00    -99.00    -99.00    -99.00    -99.00    -99.00    -99.00     10.40     56.20     12.20
02      0.00      0.40      3.20    -99.00    -99.00    -99.00    -99.00    -99.00    -99.00      0.00      5.60     92.00
03      2.20      0.00      0.00    -99.00    -99.00    -99.00    -99.00    -99.00    -99.00      0.00      0.80     31.80
04      0.00      1.00      0.00    -99.00    -99.00    -99.00    -99.00    -99.00    -99.00      0.00      1.60     20.60
05      0.00      3.40      0.00    -99.00    -99.00    -99.00    -99.00    -99.00    -99.00      0.00      3.40      4.60
06      0.00      0.00      0.00    -99.00    -99.00    -99.00    -99.00    -99.00    -99.00      2.60      1.60      0.00
07      0.00      1.20      0.00    -99.00    -99.00    -99.00    -99.00    -99.00    -99.00     14.40      2.00     24.20
08      0.00      0.00    -99.00    -99.00    -99.00    -99.00    -99.00    -99.00    -99.00      0.00     13.20      3.80
09     19.80      0.00    -99.00    -99.00    -99.00    -99.00    -99.00    -99.00    -99.00      0.00      0.60      0.00
10      0.00      0.00    -99.00    -99.00    -99.00    -99.00    -99.00    -99.00    -99.00      0.00      0.20      0.20
11      0.60      0.00    -99.00    -99.00    -99.00    -99.00    -99.00    -99.00    -99.00     29.00     22.60     46.20
12     18.20      0.00    -99.00    -99.00    -99.00    -99.00    -99.00    -99.00    -99.00      9.00      0.00     57.20
13     10.60      0.00    -99.00    -99.00    -99.00    -99.00    -99.00    -99.00    -99.00     15.60      0.60     56.40
14      0.00      0.20    -99.00    -99.00    -99.00    -99.00    -99.00    -99.00    -99.00      1.80      0.00     50.80
15      0.40      0.00    -99.00    -99.00    -99.00    -99.00    -99.00    -99.00      0.00     28.40      0.00     74.00
16      6.20      0.00    -99.00    -99.00    -99.00    -99.00    -99.00    -99.00      0.00     53.60      0.00     46.80
17      0.00      0.00    -99.00    -99.00    -99.00    -99.00    -99.00    -99.00      0.00      0.60     33.60      1.20
18      0.40      0.00    -99.00    -99.00    -99.00    -99.00    -99.00    -99.00      1.20      0.20     45.40     16.80
19      0.00      0.00    -99.00    -99.00    -99.00    -99.00    -99.00    -99.00      0.00      0.00      6.60      7.40
20      0.00      0.00    -99.00    -99.00    -99.00    -99.00    -99.00    -99.00     59.20      0.00     36.00      0.40
21      0.00      0.00    -99.00    -99.00    -99.00    -99.00    -99.00    -99.00     17.60      0.00     23.40      4.60
22      0.00      0.00    -99.00    -99.00    -99.00    -99.00    -99.00    -99.00     82.00      0.00      0.80     43.20
23     13.60      0.60    -99.00    -99.00    -99.00    -99.00    -99.00    -99.00     16.20      0.00     13.60      1.40
24      4.80      4.20    -99.00    -99.00    -99.00    -99.00    -99.00    -99.00      1.40      0.00      0.00     34.60
25      3.40      0.20    -99.00    -99.00    -99.00    -99.00    -99.00    -99.00      2.00      3.80      2.40      0.20
26      0.00      0.80    -99.00    -99.00    -99.00    -99.00    -99.00    -99.00     28.40     24.40     20.00      0.20
27      0.00      0.00    -99.00    -99.00    -99.00    -99.00    -99.00    -99.00      0.00      7.40      1.40     10.40
28      0.20      0.00    -99.00    -99.00    -99.00    -99.00    -99.00    -99.00      0.00      2.00      3.40      1.00
29      0.00      0.40    -99.00    -99.00    -99.00    -99.00    -99.00    -99.00      0.00      3.80     20.20      5.00
30      0.00    -99.00    -99.00    -99.00    -99.00    -99.00    -99.00    -99.00     17.20      0.80     50.80      3.80
31      0.00    -99.00    -99.00    -99.00    -99.00    -99.00    -99.00    -99.00    -99.00     91.20    -99.00    111.40
2017
01     11.60     41.80      0.00      0.00      0.00      0.00      0.20      0.00      0.00      0.40     31.00      1.80
02     37.80      6.60      3.40      4.20      0.00      0.00      0.00      0.00      0.00     31.40      0.00     16.40
03     15.40     31.20      0.00      2.60      0.00      0.00      0.00      0.00      0.00     11.20     18.40      6.60
04      8.40      0.40      0.00      0.00      0.00      0.00      4.00      0.00      0.00      0.00    187.00      0.60
05      0.20      0.00      0.00      0.00      0.00      0.00      2.80      0.00      7.40     11.80    132.00      0.20
06      3.00      0.00      0.00      0.00      0.00      0.00      2.00     26.40      0.00      0.80     72.00      0.00
07      0.00      0.00      0.00      0.40      0.00     12.20      0.00      0.00      0.00     14.60      9.80      1.00
08      1.80      0.00      0.00      0.00      0.00      4.00      0.00      0.00      0.00      1.80     46.60      4.00
09      6.40     17.60      0.00      0.00      0.60      0.00      0.00      0.00      0.00     33.00      7.80      0.00
10     10.40      4.60      0.00      0.00      0.00     19.40      5.60      0.00      0.00      0.00      0.00      0.00
11      4.40     11.00      0.00      0.00      0.20      0.00      0.00      0.00      0.00      0.20      2.00      1.20
12      0.40      0.20      0.00      0.00      0.00      0.00     28.40      0.00      0.00     16.60      0.00      0.00
13      0.00      1.20      0.00      4.80      9.40      0.00      9.40      0.00      2.20      4.20      0.00      0.00
14      1.20     29.00      0.00      0.00      0.40      0.00     27.00      0.00    131.60     21.40      0.00      0.00
15      4.60      1.20      0.00      0.00      1.60      0.00      6.80      0.00     13.80      0.00     37.80      0.40
16      4.20      0.00      0.00      0.00     17.00      0.00     23.80      0.00      0.00      0.00      0.00     22.20
17      0.80      0.00      0.00      0.00      0.00      0.00      0.00      0.00      0.00      0.00      0.00     54.20
18      0.00      0.00      0.00      0.00      0.00      0.00     13.80     32.40      0.00      8.20      0.00     10.00
19      0.00      0.00      0.00      0.00      6.80      0.00      0.20      1.00      0.00     27.80     19.00      3.20
20      1.20      0.00      0.00      0.00      0.80      0.00      0.00      0.00      0.00      8.60      9.80      0.00
21      1.80      0.00      0.00      0.00      0.00      0.00      0.00      0.00      4.00      0.00     65.80      4.20
22      0.20      0.00      0.00      0.00      0.00      0.00      0.00      0.00      0.40      0.00     41.20      0.00
23      1.40      0.00      0.00      0.00      0.00      0.00      0.00      0.00      4.20      1.40     24.40      1.80
24     12.20      5.00      0.00      0.00      0.00      0.00      3.00      0.20      0.00      1.00     64.20      3.00
25     33.00      0.00      0.00      1.40      0.00      0.00     30.80      6.60      0.00     12.60      6.20      2.80
26      0.00      0.00      0.60      0.00     17.80      0.00      1.40     82.60      0.00      0.00      2.80     26.40
27      0.00      0.20      8.80      0.00      0.20      0.00     16.40     21.80      0.00      3.60      0.20     25.80
28      0.00      0.00      0.00      0.20      0.00      0.00      1.40      0.00      0.40      0.00      9.80      1.00
29      0.00    -99.00      6.20      0.20      8.40      0.00      0.00      0.00      0.00      0.00      5.00      2.80
30      0.00    -99.00      0.00      0.00     12.00      0.00      0.00      0.00      0.80      8.20      9.80      0.20
31      0.00    -99.00      3.20    -99.00      0.00    -99.00      0.00      0.00    -99.00    117.20    -99.00      4.80
2018
01      1.00      0.00      0.00      0.00      0.00      0.00      0.00      0.00      0.00     38.20      0.00     17.00
02      8.00      0.00      0.00      0.00      0.00     16.00      0.00      0.00      1.40     33.60      0.00      0.00
03     11.00      0.00      0.40      0.00      0.00    113.40      0.00      0.00      0.00     28.20      0.00      0.00
04      2.40      0.00      0.00      0.00      0.00     29.20      0.00      0.00      0.00     40.80      1.20     25.20
05      1.80      2.60      0.00      0.00      0.00      0.00      0.00      0.00      0.00      0.00      0.00      0.60
06      0.20      0.00      0.00      0.00      6.40     35.20     10.00      0.00      0.00      0.00     12.40      0.40
07      0.00      0.00      0.00     55.40      0.00      0.40      6.40      0.00      0.00      0.00      5.20     32.60
08      0.00      0.00      0.00      0.40      0.00      0.00      0.20      0.00      0.80      0.00      0.20      0.80
09      1.40      0.00      0.00      0.00      0.00      0.00     21.00      0.00      0.00      0.00     10.60    496.40
10      0.00      0.00      0.00      0.00      0.00      0.00     18.80      0.00      1.60      0.20      0.20    229.20
11      0.00      4.60      0.20      0.00      0.00      0.00      0.40      0.00      0.00     32.00      0.00     34.60
12      6.20      0.00      0.00      0.00      0.00      0.00      0.80      0.00      0.00     29.00      0.20     12.20
13     15.00      0.40      0.00      0.20      0.00      0.00      0.00      0.00     17.40     15.00      0.20      5.60
14      3.60      0.00      3.40      0.40      0.00      0.00      0.00      0.00      0.20      4.40      0.20     35.00
15      0.00      0.00     21.20      3.40      0.00      0.00      0.00      0.00     19.60      0.00      0.20     21.20
16      0.00      0.20      0.00      0.00      0.00      0.00      0.00      0.00      0.00      0.00      0.00     10.60
17      0.00      0.00      0.00      0.00      0.00      0.40      0.00      0.00      0.00      0.20      0.00      5.20
18      0.00      0.00      0.00      0.40      0.00      0.00      0.00      0.00      0.00      0.20      0.80      1.80
19      0.60      0.00      0.60      0.00      0.00      0.00      0.00      0.00     12.20      5.40      0.00      1.20
20      1.60      0.00      0.40      0.00      0.00      0.00      0.00      0.00      4.60     10.80      0.00      0.60
21      0.20      0.00      0.00      0.00      0.00      0.00      0.00      0.00     23.60      0.00      0.00      0.20
22      2.20      0.00      0.00      0.00      0.00      0.00      0.00      0.80      0.60     18.00      4.80      0.20
23      0.00      5.00      0.00      0.00      0.00      0.00      0.00      0.00      1.00      0.00      1.00      0.20
24      1.00      0.00      0.00      0.00      0.00     43.80      0.00      0.00      0.00      0.00      1.60      8.00
25      0.00      0.00      0.00      0.20      0.00      0.00      0.00      0.00      0.00      9.20     35.00      1.60
26      0.20      0.00      0.00      2.20      0.00      1.60      0.00      0.00      0.00      3.00      5.80      7.60
27     10.00      0.00      0.00      0.00      0.00      0.00      0.00      4.60      0.00      4.00      2.00     17.00
28      0.20      0.00      0.00      0.00      0.00      0.00      0.00      1.00      0.00     18.20     54.60      6.80
29      6.40    -99.00      0.00      0.00      0.00      0.00      0.00      0.00      0.00      0.00      9.40     18.00
30      0.00    -99.00      0.00      3.20      0.00      0.00      0.00      0.00      4.80      0.00     39.20      4.40
31      0.00    -99.00      0.00    -99.00      0.00    -99.00      0.00      0.00    -99.00      0.00    -99.00     21.80
