MaiHoa              
   106.19100       17.815001              11
2011
01      0.00      0.40      0.00      0.00      0.00      0.00      0.00      0.00      0.00     16.20     23.60      5.40
02      0.20      0.00      0.00      0.00      0.00      0.00      0.60      0.00     44.00     14.00      0.00      4.80
03      0.00      0.00      0.40      0.00      0.00      4.20      0.20      0.80      2.60      6.60      0.00      0.00
04     16.20      0.00      1.60      0.00      0.00      2.00      0.00      0.00      4.00     10.60     44.00      0.00
05      3.80      0.00      1.40      0.00      0.00      0.00      0.00      0.00      4.80      1.80     50.40      0.00
06      6.20      0.00      0.00      0.00      0.20     15.80      0.00      0.00     22.80      0.20     34.40      1.80
07      8.00      0.00      0.20      0.00      5.80      0.00      0.00      0.00      6.80      0.00    322.20      3.40
08      1.80      0.00      0.00      0.00      0.20      0.00      0.00      0.00     29.20      0.00      9.00      9.40
09      0.80      0.00      0.00      0.00      0.00      0.00      7.40      0.00     32.00     32.00      0.80     38.80
10      6.80      0.00      0.00      0.00      0.00      8.40      0.20      0.00      9.00      2.60      0.00      6.80
11      0.00      0.00      0.00      0.00      0.00      0.80     22.60      1.00     24.80     20.80      0.00      0.00
12      0.00      0.20      0.00      0.00      0.00      0.00     27.40      0.20     13.40     38.20      0.00      0.00
13      0.00      0.00      0.00      0.00      0.00     16.80     10.40      0.00     25.00     24.00      0.00      0.00
14      0.00      0.00      0.00      0.00      0.00     68.40      0.00      0.00      0.00     58.00      4.20      0.00
15      0.00      0.00      0.00      0.00     16.80      5.80      0.00      0.00      0.40     49.60      1.80     20.00
16      0.00      0.00      0.00      0.00     45.60      0.00      0.00      3.00      0.00     65.80     33.20     28.40
17      0.00      0.00      0.00      0.00      0.60      0.40      0.00      0.20      0.00    140.40      0.00      4.40
18      0.40      0.00      0.00     32.40      2.60      0.60      1.00      0.80      1.60      7.00      0.00      7.20
19      0.20      0.00      0.00      0.20      0.00      1.60      0.00      6.00      0.40      1.20      0.00      0.00
20      0.00      0.00      0.00      4.20      0.00      0.00      0.00     23.60      0.00      0.00      0.20      0.20
21      0.00      0.20      0.00      2.80      0.00      0.00      0.00      0.40     16.80      1.00      6.80      0.00
22      0.00      0.00      1.40      0.00      0.00      0.00     15.20      0.00     10.00      0.00      9.20      1.20
23      0.20      0.00      7.00      9.40      8.80      0.00      9.00      0.00    114.60      0.00      4.80     10.40
24      0.20      0.00      2.40      0.00     37.00      0.40      0.20      0.00    123.40      2.60      9.40      6.00
25      0.80      0.00      6.40      0.20      0.00      0.60      0.60      0.00      8.40     36.40     93.20      9.80
26      0.80      0.00      0.20      0.00      0.00      0.00      0.00      0.00     47.00      1.40      7.80      0.00
27      1.00      0.00      0.00      3.20      0.00      0.00      0.00      0.00      9.00     16.60      1.40      2.40
28      6.80      0.00      0.00      0.00      0.00      0.00      0.00      0.00      0.20     12.00      5.00      3.80
29      0.40    -99.00      0.20      0.00      0.00      0.00      0.00     33.00      0.00      0.40      4.20      0.00
30      1.60    -99.00      0.00      0.00      0.00      0.00      0.00      0.60      0.00      0.20     18.80      8.20
31      0.60    -99.00      0.00    -99.00      0.00    -99.00      1.00      0.40    -99.00      3.00    -99.00      5.80
2012
01      7.40      0.00      0.00      2.60      0.00      4.20     24.80      0.00      0.20      0.00      3.00      0.00
02      4.20      0.40      0.00      6.80      0.00      0.00      0.40      0.00      1.80      0.00      2.80      0.00
03      0.00      2.60      0.00      0.00     16.00      2.20     26.60      0.00     20.60      0.00      1.60      0.00
04      9.60      0.00      0.00      0.00      1.00      2.40      0.20      0.00     30.40      0.00      0.00      0.00
05      0.00      0.00      0.00     20.20      0.00     15.20      5.60      0.00     42.20      4.80      0.00      0.00
06      0.00      0.00      0.00      0.00      6.00     11.00      0.60      0.00     11.20     49.80      7.40      0.00
07      2.80      0.00      0.00      4.40      0.00     10.20      0.00      0.00      0.00    113.60     23.20      0.00
08     10.80      0.00      0.00      0.00      0.00      6.00      3.00      0.00      0.00     25.00      0.80      0.00
09      0.20      0.00      0.00      0.00      0.00      0.20     18.60      0.00      0.00      1.00      0.00      0.00
10      0.00      0.00      0.00      0.00      0.00      0.00      0.00      0.00      0.00     13.60      0.00      0.00
11      1.00      0.00      0.00      0.00     64.60      0.00      0.00      0.00      0.00      1.80     12.20      0.00
12      9.20      0.00      0.00      5.40      0.80      0.00      0.00      0.00      8.20      1.40     70.60      1.80
13      2.40      0.00      0.00      0.00      0.00      0.00      0.00      0.00      0.00      0.80      0.40      1.80
14      0.00      0.00      0.00      0.00      0.00      0.00      0.00      0.00      0.60      0.00      6.60      4.80
15     16.20      0.00      0.00      0.00      4.60      0.00      0.00     22.60     15.80      0.00      1.20      8.80
16      1.20      0.40      0.00      0.00      1.40      5.60     17.00      0.00      0.00      0.00      7.00      0.00
17      1.20     18.20      0.00      0.00     25.80     12.80     33.80      0.00      0.00      0.00     39.60      0.00
18      0.00     11.60      0.00      0.00      0.20      0.00     13.40      0.00      0.00      0.00      0.00      2.40
19      0.00      1.20     58.60      0.00      0.00      0.00      6.80     43.80      0.00      0.20      1.00     41.40
20      0.00      0.00      7.80      0.60      0.00      0.00      0.20      8.20      0.00      0.00      0.00      0.40
21      0.00      0.00      0.00      0.00      8.00      0.00      0.20      0.00      0.00      0.60      0.00      0.00
22      4.40      0.00      0.00      0.00      5.20      0.00      0.00     32.00      3.40      0.40      0.00      0.60
23      9.00      0.00      0.00      0.00      0.20      0.00      2.60    115.40      0.00      2.00      0.00     21.20
24      0.00      0.00      0.00      0.00      0.00      0.00      0.00     10.60      0.00      2.60      0.00      0.00
25      0.00      0.00      0.00      4.80      0.00      0.00      0.00      0.00      0.00      0.00      0.00      0.60
26      0.00      0.00      0.00     15.20      0.00      0.00      0.00     17.60     61.60      1.80      0.00      0.20
27      0.00      0.20      0.00     16.40      8.40      0.00      0.00     59.80     70.40     16.20      0.00     11.40
28      0.00      0.00      0.00      0.00      0.60      0.00      0.00      0.20      8.20      0.20      0.00      7.20
29      0.60      0.00      0.00      0.00      0.00     20.20      0.00      0.00      1.80      0.00      0.00     10.20
30      6.60    -99.00      0.00      0.00      1.40      1.20      0.00      0.00      1.00      9.80      0.00     14.40
31      6.20    -99.00      0.00    -99.00     36.40    -99.00      0.00     21.00    -99.00      1.20    -99.00      0.00
2013
01      0.00      0.00      0.00      0.00     32.40      0.00      1.00      0.00     28.60      0.80      0.00      1.40
02      0.00      0.00      0.00      0.00     11.80     31.80      0.00      2.80      0.00     30.00      0.00      0.00
03      1.80      0.00     17.40      0.00      4.20     21.40      1.00      0.00      0.00     20.00      0.00      0.00
04      0.80      0.00      1.60      0.00      0.00     37.20      0.00      0.00      0.00     29.80      0.00      4.00
05      0.00      0.00      0.00      0.00      2.00     21.20      0.00      0.00      0.00      0.00     58.80      0.20
06      8.60      0.00      0.00      0.00      0.00      0.20     32.60      0.80      6.80      0.00     28.80      0.00
07      6.00      0.00      0.00      0.00      5.80      5.20      2.00      0.20     32.00      0.00     30.80      0.00
08      1.40      0.00      0.00      2.40      2.00      0.00      0.00      0.00     89.00      0.00      7.80      0.00
09      1.40      0.00      0.00      0.00      0.00      0.00     59.00     14.20      0.20      0.00      6.40      0.00
10      0.00     12.20      0.00     10.00      0.00     54.00     58.40      0.00      0.00      0.00     40.00      0.00
11      0.80      0.00      0.00      0.00      0.00      0.40      0.20      0.00      0.00      2.60      0.40      0.00
12      0.00      0.00      0.00      5.00     13.60      0.00      4.20      6.60      0.00      0.00      0.00      0.00
13      0.00      1.00      0.00      2.40      0.00      0.00      0.00      0.00      0.00      0.00      0.00      0.00
14      0.00      3.60      0.00      0.00      0.00      0.00     19.80      0.00      0.00     93.40     13.80      0.20
15      0.00      0.20      0.20      0.00      0.00      0.00      0.00      0.00      0.00     97.00    275.80      0.00
16      0.00      2.80      0.00     10.80      2.40      0.00      3.80      0.00      0.00      7.20     67.80      3.60
17      0.00      0.20      0.00      3.60      0.00      0.00     41.60      0.00      0.00     32.20     11.80      0.40
18      2.00      0.00      0.00      0.80      0.00      0.00      0.20      0.00      0.00     20.80      2.80      0.00
19      7.40      0.00      0.00      0.00      0.00      0.00     18.00      0.00      0.00      9.80      5.80      0.00
20      0.00      0.00      3.80      4.60      0.00      6.60      2.80      0.80      0.00     19.40      3.40      0.00
21      0.00      1.40      0.00      0.00      0.00      0.00      0.00      0.00      0.00     11.40     29.20      0.00
22      0.00      0.20      1.60      0.00      0.00     25.80      0.00      0.60      0.00     10.60     29.20      0.00
23      0.00      1.20      0.00      0.80     13.60      0.00      6.00      0.00      0.00      0.00     51.00      0.00
24      0.00     11.80      0.20      0.00      1.00      1.00      2.40      0.00      0.00      0.00      1.00      0.00
25      0.60      0.20      0.00     21.20      0.00      0.00      1.80      0.00     14.60      3.20      6.80      0.00
26      0.00      0.00      0.00      6.00      2.80      0.00      0.00      1.20      2.80      0.00      0.00      0.00
27      0.00      0.00     25.80      0.00      5.40      0.00      1.00      0.60      8.00      2.00      0.00      0.00
28      0.20      0.00      0.00      0.00      0.00      0.00      2.40      9.40      2.40      0.20     22.20      0.20
29      0.20    -99.00      0.00     50.00      0.00     10.40      0.00     14.60      1.40      6.60      2.20      0.20
30      0.00    -99.00      0.60     35.80      0.00      3.20     53.40      1.60     19.20      8.60      1.80      0.20
31      5.80    -99.00     12.20    -99.00      0.00    -99.00      5.40      0.00    -99.00      0.00    -99.00      0.00
2014
01      0.00      0.00      0.00      0.60      1.80     22.80      0.00     67.60      5.60      0.00      0.60    102.80
02      0.00      0.00      0.00      0.00     23.20      0.00      0.00      0.00      6.40      0.00      0.00     87.40
03      0.00      0.00      0.00     14.40     14.60      0.00     30.80      0.20     15.20      0.00      6.80      2.80
04      0.00      0.00      0.00     13.00      4.40      0.00      0.00      1.80     22.20      0.00     18.00      0.80
05      0.00      0.00      0.00      0.00      3.00      0.00      6.60      0.00      0.00     37.60      4.80      1.20
06      0.00      0.00      0.00      0.00      0.40      0.00      0.00      0.00      0.00     21.40      5.60      2.20
07      0.00      0.00      0.00     14.80      0.00      0.00      0.60      0.00      0.00     18.60      0.00      0.80
08      0.00      0.00      0.00      0.60     27.60      0.00      4.20      0.00      4.40      1.40      0.00      1.80
09      0.00      0.00      0.40      0.00      0.00      0.00      2.00      0.00      0.00      0.00      0.20      4.40
10      7.60      0.00      0.00      0.00      0.00      0.00      0.20      0.00      0.00      0.00      0.00      0.00
11      5.20      0.00      0.00      0.00      0.00      0.00      0.00      0.00      1.00      0.00      0.00      0.20
12      4.60      0.00      0.00      0.00     25.00      0.00     12.20      0.00      3.60      6.40      1.40     21.20
13      9.80      0.00      0.00      0.00      0.00      0.60      9.80      3.40     10.40      8.00     71.20      7.80
14      0.00      0.00      0.20      0.00      0.00      0.00      0.40    -99.00      5.00      3.20     10.20      0.00
15      0.00      0.00      0.20      0.00      0.00      0.00      0.20    -99.00      0.00      4.20     97.20      1.00
16      0.00      0.00      0.00      0.00     12.60      0.00      6.40    -99.00      0.00      7.80      1.40     10.60
17      0.40      0.00      0.00      0.00      0.00      0.00      1.60      0.60      1.00      9.40      1.20     15.20
18      0.60      0.00      0.00      0.00      0.00      0.00      6.00      0.00      0.00     82.00      0.00      0.00
19      1.00      0.00      0.00      0.00      0.00      0.00      0.20      0.00      0.00      0.40      1.60      0.00
20      0.40      0.00      0.00      0.00      1.00      0.00    -99.00     36.40      3.20      6.00     10.80      0.00
21      0.00      0.00      3.20      0.00      0.00      0.00      0.00     31.20      0.00      0.00      0.20      3.00
22      0.80      0.00     10.60      0.00      0.00      0.00     51.20     23.40     25.60     35.20      0.00      8.40
23      0.00      2.20      0.20      0.00      6.20      0.00      3.20      0.20     11.80     27.40      0.80      0.00
24      0.00      0.00      0.00      0.00      0.00      0.00      0.00      0.00     44.80      0.40      0.00      0.20
25      0.00      0.00      0.00      0.00      0.00      1.00      0.00      0.00      0.00     75.60      0.20      9.20
26      0.00      0.00      0.00      0.00      0.00      0.00      0.00      5.80      0.00      4.80      0.00     16.60
27      0.00      0.00      0.00      0.00      0.00      6.60      0.20      1.40      0.00     13.20      0.00      8.00
28      0.00      0.00      1.00      4.60      0.00     11.80      7.60      7.60      0.00     15.40      0.00      6.40
29      1.00    -99.00      0.20     19.80     26.80     64.40     12.80      1.00      1.00      0.00      0.00      0.20
30      0.00    -99.00      0.00     70.60      0.00      0.00     13.60      0.00      0.00      4.60     50.40      0.00
31      0.00    -99.00      0.00    -99.00      0.00    -99.00     24.20      0.80    -99.00      6.00    -99.00      0.00
2015
01      0.20      2.80      0.00      0.00      0.00      0.60      0.00      4.80      0.80      6.40     53.60      7.60
02      3.00      9.80      0.00      0.00      4.60      0.00      0.00      8.00      0.00      3.00      2.20      0.00
03      0.20     12.20      0.00     53.00      0.00      0.00      0.00      6.40      1.60      0.00      0.00      0.00
04      0.20      1.80      0.00      0.60      0.00      0.00      9.80      2.40      5.60      0.00    159.00      0.80
05      0.00      4.00      0.00      0.00      8.00      0.60      0.00      0.80      0.00      6.60     67.00      0.00
06      0.00     12.00      0.00      0.00      4.80     10.00      3.40     93.20      0.00      1.80     16.60      0.00
07     12.40      0.00      0.00      0.00      0.40     13.60      1.40      0.00      9.60      0.20      1.80      0.00
08      3.80      1.60      0.00      0.00      0.00      5.60      3.20      2.80      0.00      0.00      9.20      1.40
09      2.40      0.00      0.00      0.00     12.40      0.00      0.80      0.00      0.00     21.40      0.00      0.00
10      2.60      0.00      0.00      0.00      4.80      0.00      0.00      0.00      0.20     60.80      2.60      0.00
11      0.80      0.00      0.00      0.00      0.00     13.20      0.00      2.00      0.60      2.20      0.20      0.00
12      0.00      0.00      0.00      8.60      0.00      0.00      0.00      0.80     10.60     72.60      0.00      0.00
13      0.00      0.00      0.00      0.00      1.20      0.00      4.00      5.00      6.40      1.20      0.00      0.00
14      0.00      0.00      0.00      0.00      0.00      0.00      1.60      0.00    137.20     20.60      0.00      0.00
15      0.00      0.00      0.00      0.00     23.40      0.00      0.40      0.00     31.20    115.40      0.00      0.00
16      0.00      0.00      0.00      0.00      0.00      0.00      0.20     34.20      3.80      0.00      0.00     37.60
17      0.40      0.00      0.00      0.00     12.20      0.00      0.40      0.20      0.00      0.00      0.00      0.00
18      1.60      1.20      0.00      0.00      0.20      0.00      2.20      2.80     10.40      0.00      0.80      0.00
19      0.20      0.00      0.00      0.00      7.80      0.00      4.00      4.40      0.00      0.00      0.20      0.00
20      0.00      0.00      0.00      0.00      0.00      0.00      0.60      1.20      0.00      0.00      8.60      0.80
21      0.00      0.00      0.00      6.80      0.00     10.00      0.00      0.00      4.20      0.00      7.60      0.80
22      0.00      0.00      0.00     42.40      0.00      1.40      0.00      0.00      0.20      0.00      8.20      2.00
23      0.00      0.00      0.00      8.60      0.00      8.60      0.00      1.80     27.40      0.00      2.80      0.00
24      0.00      3.80      8.80     10.60      0.00      0.00      0.00     50.80      0.00      0.00      4.60      0.00
25      0.00      0.00     48.80     24.40      0.00      0.00      0.00     55.00      0.00      0.00      6.00      0.00
26      0.00      0.00      2.20      4.00      0.00      0.00      0.00     27.80      0.00      0.00     27.00      0.00
27      0.00      0.00     65.60      0.00      0.00      0.00      0.00      7.20      0.00      0.00     14.80      0.00
28      0.00      0.00     13.00      3.40      0.00      0.00      4.00      0.00      0.00      0.00      8.20      0.00
29      0.00    -99.00      0.20      0.00      0.00      0.00      2.60      0.40      0.00      0.00      0.20     10.40
30      0.00    -99.00      0.00      2.00      1.00      0.00     10.20      0.00      0.00      0.00      0.00      6.40
31      0.20    -99.00      0.00    -99.00      0.00    -99.00      2.20      0.00    -99.00     15.80    -99.00     11.80
2016
01      5.00      0.00      0.00      0.00      0.00      0.00      0.00      0.00      0.00      1.00     80.60    -99.00
02      0.00      0.00      2.40      0.00      0.00      0.00      0.00      0.00      0.00      0.00     56.00    -99.00
03      0.00      0.00      0.20      0.40     10.40      0.00      0.00      1.00      0.00      0.00      6.80      7.40
04      0.00      1.20      0.00      0.00      6.80      6.20      3.00      5.40      0.00      9.00      2.60      6.80
05      0.00      0.00      0.00      0.00      0.60      8.00      0.00      0.20      1.20      0.00      0.00      7.80
06      0.00      0.00      0.00      0.00      6.40      0.00     60.80      0.20      2.20      0.00      2.60      3.20
07      0.80      0.00      0.00      0.00      0.00      5.60      0.20     10.20      0.00     30.00     19.00      8.60
08      0.20      0.00      0.00      0.00      0.20      0.00     18.20      0.00      0.80      0.00      5.80      0.00
09      2.00      0.00      0.00      0.00      0.00      0.00      0.00      0.00     30.60      0.00      2.40      0.00
10      0.00      0.00      0.00      0.00      5.60      0.00      0.00      0.00      0.00      0.00      0.00      0.00
11      0.00      0.00      0.00      0.00      0.00      5.00      4.40      0.00      0.60     11.60      0.00     22.00
12      0.00      0.00      0.00      0.00      0.00      0.00      0.20      0.00    135.80      1.40      0.00     12.20
13      0.80      0.00      0.00      0.00      0.80      0.00      0.00      0.00    143.60      2.00      0.00    197.60
14      0.00      0.00      0.00      0.00      0.00      0.00      0.00      0.00      0.00     21.80      0.00    158.00
15      5.60      0.00      0.00      0.00      1.60     25.80      0.00      0.00      0.00     64.60      0.00    126.00
16     23.20      0.00      0.00      0.00     43.80     20.00      8.00      0.00      0.00     50.60      0.00     51.00
17      0.00      0.00      0.00      1.00      0.00      0.60      2.40      0.00      0.00      0.40      0.00      2.20
18      0.80      0.00      0.00      0.00      0.00      0.20      0.20     18.60      0.00      5.20      0.00      7.20
19      0.00      0.00      0.00      0.00     66.40      0.00      0.00      0.00     13.00      0.00      0.00     13.00
20      0.00      0.00      0.00      0.00      0.00      0.00      2.00      0.00      7.20      0.00      0.00     69.20
21      0.00      0.00      0.00      0.00      0.00      0.00      0.00     11.60     34.60      4.60      0.00      0.00
22      0.00      0.00      0.00      0.00      4.40      0.00      0.00     15.80     26.60      0.00      0.00      5.20
23      0.00      0.00      0.00     12.80     15.40      0.00      1.40      5.20     21.80      9.80      0.00      0.60
24      0.00      1.60      0.00     16.00      7.60     29.00      0.20     29.00     15.80      0.00      0.00     10.00
25      0.00      0.00      0.00      0.20     16.80     10.80      0.80      3.40      0.00      0.00      0.00      0.00
26      0.00      0.00      0.00      0.00      0.00      0.20      0.00      0.40      5.60      3.20      0.00      0.00
27      0.00      0.00      0.00      2.60      0.00      8.80      5.20     22.60      0.00      3.80      0.00      6.80
28      0.00      0.00      2.40     12.40      4.00     77.80      3.00      7.40      0.00      0.00      0.00      6.40
29      0.00      0.00      0.00      6.60      2.00      0.20      0.00     18.80      0.00      0.60      0.00      0.00
30      0.00    -99.00      0.00      0.20      5.60      0.00      0.00     11.60      0.00    114.60      0.00      0.00
31      0.00    -99.00      0.00    -99.00      1.20    -99.00      0.00      0.00    -99.00     77.20    -99.00     38.00
2017
01     14.00      3.20      0.00      0.00      0.00      0.00     38.00      0.20      0.20      0.20     76.80      0.00
02      6.20      1.00      0.00      2.60      0.00      0.00      0.00      0.00      0.00     31.40      0.00     19.60
03      1.20      6.80      0.00      2.80      0.00      0.00      0.00      0.00     12.20      6.00      4.80     30.00
04      1.80      0.00      0.00      0.00      0.00      0.00      1.80      0.00      0.40      1.00    156.40      6.20
05      4.00      0.00      0.00      0.00      1.80      0.00     22.80      0.00      8.20      0.00    160.20     14.60
06      2.80      0.00      0.00      0.00      0.00      0.00      0.40     19.80      1.40      1.00     44.20      0.00
07      0.00      0.00      0.00      0.00      8.00      3.40      0.00      0.00      0.00      0.20      5.20      2.40
08      0.80      0.00      0.00      0.00     20.40      6.40     10.00      0.00      3.20      5.00    128.20      5.00
09      5.20     13.60      1.20      0.80      1.20     21.20      5.60      0.00     45.60     48.20     32.40      0.80
10     11.20      0.20      0.00      0.00      0.80      1.20      0.60      0.00      0.00      6.60      6.60      0.00
11      4.20      6.20      0.00      0.00      0.00      0.00     12.20      6.40      0.00      3.00      2.40      0.00
12      0.00      0.20      0.00      0.20      4.40      0.00     44.40      0.00      0.00      8.60      0.00      0.00
13      1.00      0.00      0.00     46.00      6.40      4.60      4.20      0.00      0.60      0.00      0.00      0.00
14      0.00      0.00      0.00      0.00      1.80     35.20     16.20      0.00     74.40      0.00      0.00      0.00
15      0.20      0.00      0.00      0.00     30.60      0.00      7.00      0.00     27.00      0.00     54.40      1.00
16     15.60      0.00      0.00      0.00     21.00      0.00     27.60      0.00      0.00      0.00     13.80     12.00
17     10.40      0.00      0.00      0.00      4.00      0.00     36.60      0.00     17.00      0.00      0.00     10.60
18      0.00      0.00      0.60      0.00      0.60      0.00     19.20     39.80      0.00      0.00      0.00      0.00
19      0.00      0.00      0.00      0.00      4.20      0.00     11.00      0.20      0.00     31.60     73.20      0.00
20      0.60      0.00      0.00      0.00     25.00      0.00      0.00      0.00      0.00      0.00     86.60      0.00
21      7.60      0.00      0.00      0.00      0.20      0.00     50.80      0.00      0.00      0.00     36.60      0.00
22      9.00      0.00      2.20      0.00      1.40      0.40     34.60      0.00      0.00      0.00     16.40      0.00
23      1.80      0.00      0.00      0.00      0.40      0.00      0.00      0.00      1.60      0.60     20.80      2.80
24      2.00      4.20      0.00      3.40      9.80      8.00      0.20      0.00      0.00      5.40      0.20      0.40
25     20.80      1.80      2.00     11.60      0.20     11.60     33.00     21.00      7.20      5.00      0.00      0.00
26      0.80      0.00      0.00      0.00      5.00      1.40      1.20     44.40      0.00      0.00      0.00     13.40
27      0.40      0.80      1.00      5.60      0.00      7.20      2.00     23.20      0.00      3.00      0.60     39.20
28      1.60      0.00      0.00      0.40      2.60     28.60      0.20     51.80      0.00      0.00      6.20      7.80
29      0.00    -99.00      8.00      0.20      1.80      0.00      0.00      0.40      0.00      1.00      5.80      5.80
30      0.00    -99.00      0.00      0.00      2.00     19.40      0.00      5.40      0.00     11.00      0.20      2.00
31      0.00    -99.00      0.20    -99.00      0.00    -99.00      0.00     58.00    -99.00     60.80    -99.00      4.60
2018
01      1.00      0.00      0.00      0.00      0.00      0.00      0.00      0.00      0.80      0.00      0.00      2.80
02      1.60      0.00      0.00      0.00      0.00      0.00      0.00      0.20      1.20     14.00      0.00      0.00
03      6.20      0.00      7.60      0.00      0.00     30.60      0.00      0.00      0.00     50.60      0.00      0.00
04      1.00      0.00      0.00      0.00      0.00      7.20      0.00      9.00      0.00     26.20      0.00      0.60
05      2.80      0.00      0.00      0.00      0.00      0.00      0.00     52.40      0.00      0.00      0.00      0.20
06      0.00      0.00      0.00      0.00      9.40      0.00      0.00      0.00      0.00      0.00      2.80      0.00
07      0.00      0.00      0.00     10.00     34.60      0.20      0.00      0.00      0.00      0.00     52.40     14.40
08      0.00      0.00      0.00      1.40      3.40      1.20      2.20      0.00      0.00      0.00      4.60    115.60
09      1.80      0.00      0.00      0.00     30.60      0.00      1.00      5.00      1.40      0.00    114.60     35.80
10      0.00      0.00      0.00      0.00      5.40      0.00     21.60      0.00      4.00      3.40      8.40     69.40
11      0.00      0.00      0.00      0.00      0.00      2.80      3.40      0.00      8.60      2.40      0.00     40.20
12      0.00      0.00      1.40      0.00      0.00      2.40     11.20      0.00     32.80     10.60      0.00     20.20
13      3.00      1.20      0.00      0.00      0.00      0.00     42.40      0.00     15.80     37.40      0.00      3.20
14      4.60      0.00      4.00      0.00      0.00      0.00      0.00      6.60      2.00      1.60      0.00     22.00
15      0.40      0.00     28.60      0.00      0.00      0.00      5.60      0.00     34.20      0.00      0.00     29.80
16      0.00      0.00      0.00      0.00      0.00      0.00      1.00      0.00      0.00      0.00      0.00      7.20
17      0.00      0.00      0.00      0.00      0.00      0.60      0.00      0.00     13.80      0.00      0.00     10.80
18      0.00      0.00      0.00      0.00      0.00      0.00     12.40      0.00      5.60     26.20      0.00      0.20
19      0.00      0.60      6.40      0.00      0.00      0.00      0.40      3.40      1.00     13.00      8.60      0.00
20      1.20      0.00      5.80      0.00      0.00      0.00      0.00      0.00      1.40     27.00      0.20      0.00
21      0.00      0.00      0.00      0.60      0.00      0.00      2.00      0.00      1.60      0.00      0.00      0.00
22      0.20      8.00      0.00      4.20      0.00      7.20      1.20      0.20     10.20      0.20      0.40      0.00
23      0.60     11.20      0.00      0.00      0.00      0.00      1.20      0.00      0.00      0.00      0.80      0.00
24     20.40      0.00      0.00      0.40      0.00     41.80      0.00      0.00      0.00      9.20      0.40      1.40
25      3.20      0.00      0.00     14.20      4.40     74.80      1.00      0.00      0.00      0.00     12.40      0.20
26      1.20      1.80      0.00     36.20      0.00     42.40      0.00      5.00      0.00      0.00      2.00      0.00
27     14.40      0.80      0.00      0.00      0.00     11.20      1.40      0.20      0.00      0.00      0.00      7.00
28      0.80      0.00      0.00      0.00      0.00      0.00      2.60      0.20      9.20     10.80      4.40      1.80
29     10.40    -99.00      0.00     30.80      0.00     15.20      0.00      0.00      0.20      1.00     77.60     19.60
30      0.00    -99.00      0.00      4.80      0.00      0.00      2.00      0.00      1.00      0.00     11.20      2.80
31      0.00    -99.00      0.00    -99.00      0.00    -99.00      0.00      0.00    -99.00      0.00    -99.00      0.00
