MinhLong            
   108.70600       14.938000              57
2011
01      0.00      6.80      0.00      0.60      7.20     91.20      0.20      3.60      0.00     44.20     93.60      7.20
02      1.00      1.40      0.00      0.00      0.00      0.00      0.00      0.20      5.00     20.80      3.00      5.20
03      0.60      2.60      1.20      0.00      0.00     22.20      3.40      0.00      0.00      2.60      6.60      0.00
04      3.20      0.00     13.00      0.00      0.00     20.40      1.20      0.20      1.00      2.40     45.40      0.20
05      1.20      0.00      0.00      0.00      0.00      7.00      0.00      0.00      9.40      8.60    170.40      6.80
06     13.40      0.00      0.00      0.00     57.40     27.00      9.60      3.00     10.40      2.80     66.40      2.40
07     36.80      0.00      2.00      0.60      0.20      0.20      0.20      0.00      2.80     39.00    225.80     16.20
08     20.00      0.20      1.00      2.00      0.00      0.00     14.40      0.00     10.80      0.00      2.80     79.60
09      9.00      0.00      0.60      5.20      0.00     10.40      0.00     14.00     25.60     63.00      2.20     36.80
10      4.40      0.00      1.60      0.00      0.00      0.00      0.20      0.20     51.20      6.20      0.20     21.00
11      1.00      0.00      0.00      0.00      0.00      1.00     30.80      0.00      2.00      1.60      0.00      2.40
12      0.00      0.20      0.00      0.00     11.60      0.80      6.60      0.60      5.20      2.00      0.00      0.00
13      0.00      7.20      0.00      0.00     10.80     24.00      0.00      9.00      8.20     47.60      0.00      0.60
14      0.00      1.40      0.00      0.00      1.80      0.60      7.40      9.40      2.20     21.60      2.40     19.20
15      2.20      0.60      0.20      0.00      0.80      0.00      0.60     16.00      2.20     43.20     20.00     37.40
16      0.40      0.00     12.00      0.20     24.20      0.00      0.40      1.80      0.20     17.80     37.60     37.20
17      0.20      0.00      1.00      0.00      9.00      9.20      0.00      0.00      5.80     73.00      0.00     43.40
18      1.60      0.40      0.20     43.80      0.00      0.40      0.00      3.20      4.20     40.60      0.00     28.80
19      1.00      0.80      0.40      3.80     43.80      2.40      0.00      2.60      9.40     53.00      0.20     13.20
20      2.20      0.80      0.00      6.20      0.00      0.60      0.60     32.60     53.00      5.00     11.20     18.60
21      1.40      0.60      0.00      0.00      0.00      0.00      0.00     18.20     13.80     10.80     84.20     23.00
22      1.60      0.20      5.60     16.60      0.00      0.00      0.00      0.20      3.80      0.60     56.00     29.40
23      2.60      0.00     26.80      5.00     67.40      0.00      0.60      0.00     77.00      0.00     70.80     15.80
24      4.60      0.00     27.80      0.00     21.20      3.60      0.40      0.00    140.60      2.60     11.40     19.60
25      5.80      0.00     36.40      0.00      0.40      0.00      2.60      1.80     13.40     50.80     80.60      5.00
26     14.80      0.00     37.40      3.60      0.20      0.00      0.00      0.00     19.40     76.60     20.00      3.40
27     10.00      0.00      4.80      6.60      0.20      0.00      0.00      0.00     47.60     61.80      0.40     10.80
28     24.60      0.00     10.60      0.00      0.00      0.00      0.00      1.20      0.80    193.20      0.20      3.00
29     18.60    -99.00     20.40      0.00      0.00      0.00      0.00      1.60      0.00     22.00      4.20      0.00
30     27.40    -99.00      1.00      0.00      0.00      0.20     18.40     20.20      2.40     37.40      5.20     38.40
31     37.40    -99.00      0.60    -99.00      3.20    -99.00      1.40      6.60    -99.00     47.60    -99.00     33.00
2012
01     18.00      1.00      0.00     10.20      0.00     29.20      0.60      0.00      0.00      0.00      3.20      0.00
02      3.00      0.40      0.00      7.60      0.00     30.80      6.80      0.20     12.40      0.00      3.20      0.00
03      0.00      2.60      0.00      1.20      0.00      5.40     27.40      0.00      1.40      0.00      0.00      0.00
04      4.20      0.60      0.00      0.40      0.00      0.40     11.20      0.00      3.00      0.00      0.00      0.00
05      2.40      0.00      0.00      0.60      3.80      0.60     11.40      0.00      8.60      0.60      0.00      0.00
06      0.20      0.20      0.00     34.20      5.20     20.20      2.00      0.00      8.60    163.20      0.80      0.00
07      4.20      0.00      0.80     18.80     20.80      6.00      0.20      0.00      0.00     18.00      4.00      0.00
08     10.40      0.00      0.00      2.00      1.20      7.00      0.00      1.00      1.40     11.80      4.80      0.00
09      9.40      0.00      1.00      0.00      5.40      0.00     23.80      1.40      0.00      6.40      0.20      0.00
10      4.20      0.00      3.20      1.00      0.00      0.00     27.20      0.00      1.60      2.00      0.00      0.00
11     17.60      0.20      0.20      6.20      0.20      0.00     16.20      0.00     13.20      0.80     16.60      0.00
12     29.40      3.00      1.00      0.20     38.80      0.00      0.20      0.00     10.40      0.00     34.20      1.00
13     11.20      0.00      0.00      3.00      0.80      0.00      0.00      2.60     48.60      0.00     22.00      0.80
14      0.20      0.20      0.00      0.20      1.00      0.00      0.00      0.00     47.20      0.00      2.20      3.40
15     14.80      0.00      0.00      2.60     65.60      0.00      0.00      0.00     16.20      0.00     11.60      0.40
16      2.00      7.60      0.00      0.20      5.20      2.40      0.00      0.00      0.00      0.00     69.00      0.00
17      1.60     28.00      0.00      6.40     22.20     14.40      1.80      0.00      0.60      0.00     32.20      0.00
18      0.00     18.20     30.40      0.00      0.00      0.20     16.80      0.20      2.20      0.00      4.20      1.80
19      0.00     13.80      1.40      0.40      0.00      0.00      7.80      0.00      1.00      0.00     13.00     13.40
20      4.80      3.80      0.00     27.20      0.00      0.00     40.20      2.60      0.00      0.00      4.20      0.20
21      0.00      0.20      0.00      0.20      0.00      0.00      0.00      9.20      0.00      0.00      0.20      0.00
22      4.00      0.00      0.00      0.00      0.00      0.00      0.00      0.20     24.20      1.60      0.00     14.60
23      1.80      0.00      0.00      0.00      2.20      0.00      1.20     54.80      0.20     25.00      0.00     71.60
24      0.20      0.00      0.40      0.00      0.00      3.60      0.00     48.40      0.00      2.00      0.00     18.00
25      0.80      0.00      0.20      2.20      0.00      0.00      0.00     23.40      7.40      4.20      0.40      6.00
26      0.20      0.00      1.40      0.00     17.00      0.00      0.00      7.20     16.60      0.80      3.20     22.00
27      0.00      2.20      3.80      0.00      1.80      0.00      0.00      0.40     55.80     31.80      2.40      9.80
28      0.20      0.40      0.00      0.00      0.00      0.00      0.00      0.00     29.60      0.00     15.80      5.20
29      1.80      0.00      0.00      0.00      0.00      0.00      0.00      0.00      4.00      0.00      0.00      7.80
30      6.80    -99.00      0.00      0.00     13.40      0.00      0.00      0.00      3.00      1.60      0.00      2.00
31      7.40    -99.00      9.40    -99.00     49.80    -99.00      0.20      0.40    -99.00      1.60    -99.00      0.00
2013
01      0.00      0.00      0.00      0.00     22.40      0.20     24.40      3.00     29.20      8.00      0.00     10.80
02      0.00      0.20      0.00      0.00      0.00      0.00      7.60      0.40      0.00    293.80      0.00      0.00
03      1.00      0.00     31.40      0.00      5.80     15.20      0.40      2.40     37.60    123.20      0.20      0.00
04      5.00      1.20     20.20      0.00      0.20      5.40     12.60      0.00     16.60     83.20      0.00      4.00
05      3.40      0.40      1.80      0.00      0.00     12.00      4.20      0.00      9.80      0.00     42.20      0.40
06     14.80      0.00      0.00      0.00      3.20      0.40      2.60      0.00     27.60      0.00    121.20      1.00
07      9.00      0.00      0.60      0.00      3.80      0.40      0.20      0.00      6.40      0.00    376.60      0.00
08      1.80      1.20      0.00     10.80      0.80      0.00      0.00      0.00      0.20      0.00     67.40      0.00
09      4.20      0.00      0.00      0.60      4.20      0.00      9.00      1.40     19.00      0.00     12.40      0.00
10      3.00      3.60      0.00      9.80      6.80      1.20      8.40      0.00      6.80      0.00     29.60      0.00
11      5.80      0.00      0.00     12.60     19.80     10.40      0.20      0.40      6.00      4.40      0.20      0.00
12      0.00      1.60      0.00     12.60      8.20      0.00      0.00     11.80      0.80      3.80      0.00      0.00
13      0.00      0.20     29.40     10.00      0.20      0.00     27.00      0.00      4.60      0.00      3.60      0.00
14      0.00      0.00      0.00      0.20      0.00      0.00     23.60      0.00     84.00     30.60     22.80      0.60
15      0.00      0.20      0.00      0.00      2.00      0.00      0.00      0.00      8.80    259.80    331.40      3.00
16      0.40      0.80      0.80     20.00     45.60      0.20     23.20      0.00     21.20      3.20     24.60      0.20
17      0.40      0.00      0.00     33.00     14.60     46.80     41.00      0.00     32.80     27.20     41.80     12.20
18      0.80      0.00      1.20      0.60      0.00      0.20      9.20      0.00    184.20      5.00      8.60      0.20
19      3.00      0.20      0.00      0.00      0.00      0.00      4.40      0.00      0.20     10.40     38.60      0.20
20      0.20      0.00     13.20     34.20      0.00      0.40      0.80      1.60      1.20     31.60     16.20      0.00
21      0.00      7.00      1.40      4.40      0.00      0.00     56.40      0.20      8.20     12.00      3.40      0.20
22      0.20     12.60      2.80      6.60      0.00     37.20      8.00      0.40      4.80      1.20      4.60      1.00
23      0.00     18.60      0.00     17.20      0.00      2.00     13.60      0.00     12.20      0.00      4.00      0.00
24      0.00     26.00     17.40      1.20      0.00      3.80      1.40      0.00      0.00      2.80      0.00      5.00
25      0.40      4.40      0.00      0.20      0.00      0.00      1.20      0.00     71.40      0.60      6.20      0.00
26      0.00      0.60      5.80      7.40      0.00      0.00      1.60      0.60     52.60      1.00      6.60      0.00
27      1.20      0.00      0.00     11.00      0.40      0.00      1.20      0.00     29.80      0.20      8.20      1.40
28      4.00      0.20      0.00      0.20      0.20      0.00      5.80     33.80     15.00      0.40     30.20      0.60
29      0.80    -99.00      1.80      3.60     18.20      0.40      2.60      0.20      0.20      1.60     30.40      0.00
30      0.00    -99.00      0.40     47.40      0.20      0.00      9.40      0.00      3.20      9.20      8.80      0.00
31      0.40    -99.00      5.80    -99.00     30.60    -99.00     15.00      0.00    -99.00      0.00    -99.00      0.00
2014
01      0.00      0.00      0.00      3.20      7.60     20.80      0.00      3.40      2.40      0.20      2.80     47.40
02      0.00      0.20      0.00      0.00      5.20      0.20      0.00      1.20     10.80      0.00      0.20     35.40
03      0.20      0.00      0.00      4.80     12.60     31.40      4.40      6.00      1.60      0.00      0.20     14.40
04      1.20      0.00      0.00      2.60      0.40      0.60     48.40      6.20     18.60      0.00      3.40      3.40
05      0.00      0.00      1.60      0.60     82.20      0.20      0.80      0.40      0.20     36.40     10.20     12.80
06      0.00      0.00      0.00      0.00      0.00      0.00      0.00      3.20      0.00     28.20     21.20     16.60
07      0.00      0.00      0.00     15.40      0.00      0.00      0.00      0.40     15.60     62.20      0.00      2.60
08      0.00      0.00      0.00      0.40     44.80      0.00      4.20      0.20     59.00      9.40      0.00      8.20
09     19.60      0.00      4.00      0.40      0.20      0.00     23.20      0.00     18.60      0.20      2.00     29.00
10     19.00      0.60      2.20      0.00      0.00      0.00      1.80      0.00      1.60      0.00      0.20      2.00
11     19.20      0.00      0.20      0.00      0.00      2.40      0.40      0.00      0.40      0.00      0.00     10.00
12     10.60      0.40      0.00      0.00      4.40      0.40     17.00      0.00      5.80      7.40      4.80     26.20
13     18.40      1.00      0.20      0.00      0.00      0.00     15.00      4.60     11.40     13.20    120.00     43.80
14      0.00      0.20      1.20      0.00      0.00      0.00     23.60    -99.00     24.80      7.80     84.00     21.60
15      0.00      0.20      1.00      0.00      0.00      0.00      0.00    -99.00     19.20      0.60    133.80      7.00
16      0.20      0.00      0.00      0.00      0.00      0.00      0.80    -99.00      0.40      8.20     22.20     22.80
17     11.60      0.00      0.20      0.00      1.80      2.60      0.00     13.60      4.80      7.60      8.80     19.20
18      3.40      0.00      0.00      0.00     10.60      0.00      1.00     46.40      3.40     88.40     11.00     10.20
19      7.00      0.40      0.00      0.00      0.00      0.00      4.40      0.00      0.00     20.80     15.40      4.20
20      5.00      0.00      0.00      0.00      0.60      0.00    -99.00      4.80      3.00      6.00     23.60      0.40
21      0.40      0.00      6.80      0.00      0.00      0.00      0.40     10.40      0.20      8.20      2.60     14.20
22      0.60      0.00     35.40      0.00      0.00      0.00      8.00      4.40      0.00     41.20      0.00     18.60
23      0.00      1.60      5.20      0.00      0.00      0.00      1.00     14.40     31.00     31.00      6.00      5.40
24      0.00      0.00      0.20      0.00      0.00      0.00      1.00      0.20      6.40     42.20      2.60     12.20
25      0.00      0.00      0.40      0.00      0.00      0.00      0.00      0.00      1.00     55.60      5.40     16.00
26      0.00      0.00      0.00      0.00      0.00      0.00      0.60      6.80      0.00     30.60      0.40     15.80
27      0.20      0.00      0.00      2.20      7.00      0.00      0.40      2.60      0.00      3.20      0.00     47.60
28      0.00      0.00     14.00     29.40     49.00      0.60      0.40      1.00      0.00     18.40      0.00     20.00
29      0.00    -99.00      0.00     35.80      0.00      3.40     15.00     57.20      1.20      1.60      1.80      0.80
30      0.00    -99.00      0.00      4.80     29.80      6.80      1.00      4.80      0.00     11.00     25.60      0.00
31      0.00    -99.00      0.00    -99.00      1.80    -99.00     10.80     48.80    -99.00     37.60    -99.00      0.20
2015
01      2.20     66.80      0.00      0.00     44.40      0.00      0.00     25.60      2.20     42.40     72.60      0.20
02     11.80     82.40      0.00      0.00      0.80      0.00      0.00     13.80      0.00      5.00     49.00      0.00
03     15.40     17.40      0.00      0.00      0.00      0.00      0.00      2.40      0.00     22.60     20.20      0.00
04      0.80      6.60      0.00      0.00     25.40      6.00      0.00     13.00     15.00     12.20    105.00      0.00
05      0.00      2.20      0.00      0.00     13.60     54.60      0.00      2.60      0.40      4.60     83.60      0.00
06      0.20     24.40      0.00      0.00      7.40     11.60      0.00     13.80     18.60      9.60     19.20      8.60
07     29.20      0.40      0.00      0.00      1.00      0.00      1.60      4.80      0.20     10.00     37.40      1.40
08     56.40      3.80      0.00      0.00      0.00      0.00      1.60      2.00      0.00     61.00      1.60     24.40
09     69.80      3.00      0.00      0.00     47.60      0.00      6.00    135.80      0.00     43.60      5.60      0.80
10     28.60      4.80      0.00      0.00     51.60      0.00      0.20      0.00     16.00      5.00      0.80      0.00
11      5.00      0.00      0.00      0.00     14.80      7.60      0.00      2.80      0.20     22.00     13.80      1.20
12      0.00      0.00      0.20      6.20     21.60      0.00      0.40      1.20      3.60     43.00     21.40      0.00
13      0.00      0.20      1.40      0.00      9.20      3.40      0.80      0.00     19.60      9.40      0.00      0.00
14      0.00      0.00     31.60      0.00      8.20      0.60      0.20      0.00    184.60      8.60      2.80      0.00
15      0.00      0.00      0.00      0.00     22.40      3.20      0.60      0.00     54.40     56.40      4.40      2.00
16      0.00      0.00      0.00      0.00      0.20      0.00      0.00      0.20     18.20      0.00      0.00     38.00
17     12.00      0.40      0.00      0.00      0.00      0.00      5.60      0.00      0.00      0.00      0.00      2.00
18     12.00      0.80      0.00      0.00      6.40     26.20      5.00      9.00      0.60      0.00      6.00      1.00
19     25.40      2.60      0.00      0.00      0.00      0.20      7.40      7.40      0.20      0.00      0.00     23.00
20      0.40      0.80      0.00      0.00      0.20      0.20      4.20      8.20      0.00      0.20      0.80     33.40
21      0.00      0.00      0.00     15.80      0.00      3.40      0.20      0.00     18.40      0.00     10.80     18.80
22      0.00     30.20      0.00     55.80      0.00      2.20      0.00      0.00      1.80      2.40      3.20      4.20
23      0.00      6.60      0.00     23.60      0.00      3.00      0.00      0.00     51.00      0.00     14.80      0.00
24      0.00      0.00     17.00      6.40      0.00      6.20      0.00      0.00      0.00      0.00     22.80      0.00
25      0.40     17.80    226.40      3.60      0.00      0.00      0.00     14.80     12.80      0.20     28.80      5.00
26      0.20      0.80    151.00      4.20      0.00      0.00      0.00      6.60     44.00      0.00     22.40      0.80
27      0.00      0.20     10.80      0.00      0.00      0.00      1.60      0.60      0.00      0.20    122.20      0.00
28      0.00      0.00      1.80     14.40      0.00      0.00      1.00      0.00      0.00      0.00     30.40      0.60
29      0.00    -99.00      4.20      0.80      0.00      0.00      3.40      0.00      1.40      0.00     10.60     13.40
30      0.00    -99.00      0.20      0.00      0.00      0.00      7.20      1.60      1.80      0.00     12.00     49.00
31      8.20    -99.00      0.00    -99.00      0.00    -99.00      2.40      0.00    -99.00     21.80    -99.00     23.80
2016
01     23.20     25.80      0.00      0.00      1.60      0.00      0.00      2.20      1.80      2.80    197.40     57.20
02      3.80      0.00      1.40      0.00      0.00      8.40      0.00      0.00      0.00      0.00     31.00     84.80
03      1.00      0.00      0.60     24.20     64.60      0.00      0.00     20.00      0.00     38.00     54.80    233.60
04      0.00      6.60      0.00      0.00      3.40      0.80      1.80      3.60      0.00     10.20     23.00     48.20
05      0.00      7.20      0.00      0.00      0.00     66.00    -99.00      0.20      0.20     12.60      0.00     38.80
06      0.00      0.20      0.00      0.00      3.80      0.20      1.40      7.00      0.00      9.20     10.40     22.40
07      0.00      1.00      0.00      0.00      0.00      1.80     11.40      0.00      0.00     14.40     12.00     48.20
08      0.00      0.00      0.00      0.00     17.20      0.40    -99.00      0.00      0.00      3.80     52.80      4.00
09      0.20      5.00      0.00      0.00      3.60      0.00     13.80      0.00      0.00     22.20     15.60      0.00
10      0.20      0.00      0.00      0.00      0.20      0.00      0.00      1.00     24.60      0.00      0.40      0.20
11      0.00      0.00      1.60      0.00      0.00      0.00      1.00      0.00     22.60     21.40     27.60     18.60
12      6.40      0.00      0.40      0.00      1.40      0.00    -99.00      0.00    172.20      1.40     29.80     43.40
13      0.00      0.00      0.00      0.00     43.20      0.00      5.60      0.00    130.00      0.00      0.60    107.40
14      0.00      0.00      0.60      0.00      0.20      0.00      0.00      0.80      0.00      0.40      0.00    158.00
15      0.20      0.20      0.20      0.00      0.00      0.00    -99.00      0.40      8.80     31.40      0.20    283.00
16      2.80      0.80      0.00      0.00      0.00      0.60     11.40      0.00      0.00     95.20      0.00     88.20
17      0.00      0.00      0.00     24.00      0.00      1.20      0.00      0.00      0.00      0.00     37.80     35.80
18      0.20      0.80      0.00      0.00     24.60      6.60    -99.00      6.20      1.00      0.00     33.40     35.60
19      0.40      0.00      0.00      0.00     54.00      2.20     28.20      9.60      0.80      0.00     22.60     13.20
20      0.20      2.20      0.00      0.00      0.00      0.00      1.00      0.00     20.20     12.40     21.00      3.00
21      0.00      0.00      0.00      0.00      0.00      9.20    -99.00      1.00     42.80      0.00      4.00      3.60
22      0.60      0.00      0.00      0.00     28.20     24.00      1.40      2.60     17.80      0.00      7.20     32.60
23     13.40      1.40      0.00      0.00    140.60     57.80    -99.00     27.00     24.20      3.00      3.00     35.40
24      0.20      2.20      1.60     16.20     29.00    159.20      3.80     26.40     31.60      0.20      0.00     33.80
25      1.60     17.00      0.80      0.20      4.80     16.20      0.00     37.80      3.00      0.00      2.80      0.00
26     11.80      2.20      2.60      0.00      0.20     36.80      4.60     12.20      1.00      5.40      6.80      0.00
27      1.00      0.80      6.00      0.80      0.00     46.80      3.80     12.40      0.00      0.60      0.00     22.80
28      0.40      0.40      2.00      0.80      6.80     31.80      2.80      1.00      0.00      4.00      4.20      9.80
29      0.80      6.20      0.20      5.40      0.00     10.40      0.20     19.00     11.20     10.40     46.80      3.40
30      1.20    -99.00      0.00      0.20      0.00      0.20     10.00      0.20     14.60     20.60     70.80     13.40
31      0.80    -99.00      0.00    -99.00      0.00    -99.00      0.00      0.00    -99.00     55.60    -99.00     67.80
2017
01     67.40     40.80      5.80      0.00      4.80      0.00      0.00      0.00     15.80      3.80    136.40     20.60
02     44.80     51.20      0.20     13.40      0.60      0.00      0.00      0.00      0.20      3.60      1.20     44.80
03     16.60     29.40      0.00      6.20      0.20      0.00      0.00      0.00      1.80     23.20     13.60     79.80
04     15.40      3.00      0.00      0.20      3.40      0.00      0.00      0.00      0.40      8.80    304.40     73.00
05      2.60      0.00      0.00      1.00     13.00      0.00      1.40      0.00      3.20      1.00    413.80     41.20
06      7.60      0.00      0.00      0.20      0.00     14.40      3.80      6.20     47.60      1.40     73.80      5.20
07      2.40      0.00      0.00      0.40      0.00     12.00      0.00      0.00     10.20      4.80      8.60      0.00
08      5.20      0.00      0.40      0.20     14.40     31.80      0.00      0.00     12.80     16.60     32.40     17.80
09      2.40     18.40      0.60      3.00      0.00      1.20      6.80      0.00     34.40     15.40     70.80      0.40
10      3.80      4.40      0.00      0.00      2.80      1.60      0.20      0.00      0.00      3.20     43.00      0.00
11      3.20     14.40      0.00      0.00      0.00      0.00      5.00      0.00      0.00     11.40      7.40      0.00
12      2.60     12.00      0.00     16.20      7.80      0.00     66.00      0.00      0.00      7.60      0.00      0.20
13      1.80      8.60      0.00      1.00     22.80     76.20     11.40      0.00      0.20      2.40      0.00      0.00
14      4.00     31.00      0.00      0.00     33.80      0.40      0.00      2.00     60.40      0.00      0.40      0.00
15     10.80     24.80      0.00      0.00     12.40      0.00      1.60     38.00     10.60      0.00     50.80      5.20
16     14.00      0.20      0.60      0.00     47.60      0.00     18.00      0.20      0.60      0.00      0.20     18.60
17      3.40      0.20      3.40      0.00     94.40      0.00      0.20      8.80     17.60      0.00      0.00     13.60
18      1.20      8.20      1.20      0.00      6.20      0.00      1.60     21.60      2.20      3.80      0.00      1.20
19      2.80      0.00      0.00      0.00     24.20      0.00      4.80      6.60      0.20     76.00    183.40      2.20
20     25.60      0.00      0.00      0.00      5.80      0.00      4.20      0.20      0.00      0.00     39.40      0.60
21     46.00      0.00      0.00      0.00     34.20      0.00     31.60      0.00      0.00      0.00     15.20      1.20
22     23.40      0.00      0.00     10.00     23.20      0.00     27.00      1.60      0.60      0.00     59.20      7.40
23     15.40      0.00      0.80      0.40     16.40     38.00      0.80      0.20      4.60      0.00     30.60      3.20
24     35.20     11.40      0.00      2.60     68.00     77.20     36.00      0.00      3.00     19.60     17.20     10.00
25     33.00      3.20      4.00      1.40      0.60      2.40     17.20      9.80     11.20     25.00     16.00      1.00
26      3.80      2.60      1.40     23.60      0.20      0.00      9.40     23.20      0.20      4.80     34.20     45.20
27      4.60      9.40     14.20     19.00      3.20      2.00      2.80     31.00      0.00      4.20     14.60     35.00
28      0.20     13.00      0.20      4.60     41.60     40.40      6.20      0.20      0.20      0.40     18.80     12.80
29      0.00    -99.00      5.60      1.20     23.00      5.40      0.00      4.00      3.20      0.20     64.40     35.00
30      0.00    -99.00      0.00      0.60      6.40      0.00      0.00      0.20     19.40     15.20     11.00     18.60
31      0.00    -99.00      8.00    -99.00      0.00    -99.00      0.00     34.40    -99.00    176.00    -99.00     15.60
2018
01     10.20      0.20      0.00      0.00      0.00      0.00      0.00      0.80      6.80     18.00      0.00      6.80
02      9.40      0.60     18.00      0.00      3.20      2.00      0.00      0.00      7.60     22.80      0.00      0.20
03     13.80      0.20     14.60      0.00      0.00     33.60      0.00      0.00     27.00     39.40      0.00      0.00
04     13.00      0.00      0.00      0.00      0.00      0.20      0.00      0.20      9.00     76.40      0.00      0.20
05      2.40      0.00      0.00      0.00      0.40      0.00      0.00     41.40      0.00      0.00      0.00      0.00
06      1.40      0.00      0.00      4.00     11.40      3.20      0.00     24.60      0.00      0.00      5.20      2.20
07      0.20      0.00      0.00     20.60      0.00      1.00      0.00      0.00      0.00      0.00     57.60      6.20
08      1.40      0.00      6.60     22.80      2.40      0.00      0.00      0.00     63.40      0.00     41.40      6.00
09     66.60      0.00      2.20      0.00      2.00      0.80      1.80      2.00     26.80      0.00      7.80     18.40
10      0.00      0.00      3.00      0.00      5.80      0.20      4.40      1.40     51.80     19.00      1.80     27.00
11      0.00      4.80      0.20      0.00      0.00      0.00      0.00      0.00     16.20     17.20      0.20     39.80
12     13.00     10.00      0.40     11.00      0.00      3.60      0.00      0.40     28.00     19.40      0.00     72.80
13     22.60      5.40      0.00      8.40      0.00      0.00      0.00      2.00      2.60     22.40      0.00     36.20
14     15.80      0.00      3.40      0.00      0.00      0.20      4.60     12.40      1.80     34.20      0.00     81.40
15      5.40      0.20     32.80      0.00     11.20      0.00     13.20      1.40     14.60     37.60      0.00     77.60
16      1.00      0.00      0.00      0.00      0.60      0.00      3.80      0.60      4.20      0.20      0.00     57.00
17      0.40      0.00      0.00      0.20      6.60      1.00      0.00      0.20      0.00      0.00      0.00     18.60
18      0.00      0.60      0.00      0.00      2.20      0.00     12.80      0.60      4.00      0.20      0.00      6.00
19      6.40      0.40      0.00      1.20      0.00      0.00      1.80      2.60      4.00      2.20      0.00      0.00
20      4.20      0.00      0.00      0.00      0.00      0.00      0.00      2.20      5.80     14.20      0.00      0.00
21      1.00      0.00      0.20      0.20      0.00      0.00      2.60      0.00      4.00      0.40      0.00      0.00
22      0.40      0.00      3.40     14.40      0.00      0.00      0.20      0.60      0.20      3.40     63.80      0.00
23      1.40      9.60      0.20      0.00      0.00      0.00     22.40      1.60      2.00      0.20     10.80      0.80
24      0.40      0.20      0.00      0.40      0.00      2.00      0.00      0.00      0.20      5.00      9.40     15.60
25      5.20      0.00      0.00     19.60     12.20     14.40      1.40      0.00      0.00      0.00     27.80      4.60
26      4.00      0.20      0.00      1.20      0.00      4.80      4.40      1.00      0.00      0.00     14.80      3.20
27      2.60      0.00      0.00     12.80      0.00      2.80      7.60      2.80      0.00      7.20      4.00      8.20
28      0.00      0.00      0.00      0.60      4.40      0.00      5.80      0.00     42.60     45.60     11.60     45.60
29     13.80    -99.00      0.00      7.40      0.20     23.60      0.00      0.00      0.20      0.40     55.60     75.00
30      0.80    -99.00      0.20      3.80      0.00      0.00      1.80      0.00      7.80      0.00      6.60     33.20
31      0.80    -99.00      0.00    -99.00      0.00    -99.00      0.00      0.00    -99.00      0.00    -99.00     13.20
