MinhHoa             
   106.23400       17.913000              20
2011
01      0.20      8.20      0.20      0.00      0.00      0.00      0.00     23.00      0.00    121.00     17.20     29.00
02      0.80      1.40      1.00      0.00      0.00      0.00      0.00      0.00      0.80     24.00      0.60     19.40
03      0.00      0.00      3.40      0.00      0.00      0.00      0.00      0.80      2.00     42.40      1.40      2.40
04     18.60      0.00      6.00      0.00      0.00      1.00      0.00      0.00     14.40     41.80     86.20      0.00
05      5.60      0.00      0.40      0.00      0.00      0.00      0.00      0.00      1.40      3.20      7.80      8.20
06     29.00      0.20      0.00      0.00      0.00      0.00      0.00      0.00      7.00      0.00     70.00     13.60
07     59.00      0.20      3.80      0.00      0.00      0.00      0.00      0.00      0.00      0.20    256.60     13.80
08      4.80      0.00      0.00      0.00      0.00      0.00      0.00      0.00     49.00     12.40    116.00     12.40
09     40.40      0.20      0.00      0.20      0.00      4.20      0.00      0.00     15.40    210.60     18.40    103.00
10     26.40      0.00      0.60      0.20      0.00      1.00      1.20      0.00     12.00     18.80      2.40     82.60
11      5.00      0.00      0.00      0.00      6.20      0.00      0.40      0.00      7.20     31.60      0.00     29.40
12      2.00      0.00      0.00      0.00      0.20      0.00      0.00      0.00     56.80      1.20      0.00      0.20
13      1.80      0.40      0.00      0.00      1.20      0.00      0.00      0.00      2.20     14.60      3.60      0.40
14      0.20      0.40      0.00      0.00     24.00     31.00      0.00      0.00      0.60      5.60     10.20      6.20
15      8.80      0.00      0.60      0.00      0.00      0.20      0.20      3.00      0.00     36.20     18.40     44.20
16      3.40      0.00     14.20      0.60      5.00      0.00      0.20      0.20     18.60    350.40     40.00    136.40
17      0.40      0.20      4.80      0.00     69.20      0.00      0.00      5.60      0.00    198.80      0.00     46.80
18      0.80      0.40      0.00     38.00      0.00      4.80      0.00      0.00      0.00     33.40      0.00     12.40
19      9.60      0.80      0.00     10.60      0.00     36.80      0.00     13.80      0.00     67.20      0.00      0.40
20      1.20      0.60      0.00      3.00     11.00      0.00      0.00      1.40     12.40      0.00      9.40      9.00
21      7.40      0.00      0.00      0.00      0.00      0.00      0.00      0.00     55.20      4.80     18.20      8.20
22      1.80      0.00      2.60      0.00      0.00      0.40     10.00      0.00    140.80      0.00      3.00     15.40
23      2.80      0.00     19.40      1.80     12.80      0.40      0.00      0.00     62.40      0.20      0.00     14.60
24      5.20      0.00     13.00      5.80      2.20      2.20      0.00      0.00     56.00      7.60      7.40     26.00
25      8.80      0.20     41.20      3.60      2.20      0.20      0.00      0.00     36.40      3.20     96.40      2.00
26      8.00      0.00      8.40      0.00      1.20      0.00      0.00      0.00    165.20      0.00     45.00      0.00
27     13.40      0.20      3.00      0.40      0.00      0.00      0.00      0.00     41.60     19.80      8.20      6.00
28     29.60      0.00      5.80      0.20      0.00      0.00      0.00      0.00      0.00      2.20      0.00      1.00
29     18.80    -99.00     10.40      0.00      0.00      0.60      0.20      0.00      1.00      1.20     11.40      0.00
30      8.40    -99.00      9.60      1.60      0.00      0.20      1.80      6.60      0.40     11.20      6.20     12.00
31      7.00    -99.00      1.40    -99.00      0.00    -99.00      3.40      0.00    -99.00     10.60    -99.00     16.60
2012
01     11.40      0.20      0.40      8.60      0.00      1.20      4.80      1.20      0.60      0.00     14.00      0.00
02      1.80      0.00      0.00      1.00      0.20      1.60      0.00      0.00      0.20      0.80      2.20      0.80
03      0.00      1.20      0.20      0.20     12.00      0.00      0.00      0.00     29.80      0.20      0.40      0.00
04     10.40      0.00      0.00      0.20      0.00      0.00      1.00      0.00    194.60      0.00      7.00      0.00
05      2.40      0.00      0.20     11.40      0.00      0.00      0.00      0.00      6.00      0.00     22.60      8.20
06      0.40      0.20      0.20      0.20      0.00      0.00     11.00      0.00      3.20     65.40      0.20      2.00
07      2.00      0.20      0.00      7.80      0.00      2.40      0.20      1.00      3.60    104.60      0.20      0.00
08      3.00      0.20      0.00      0.00      0.00      5.00      0.00      0.80      0.00     26.60      0.00      0.00
09      2.40      0.00      0.20      0.00      0.00      0.60      0.00      0.00      0.00      2.00      0.00      0.40
10      2.60      0.60      0.80      0.40      0.00      0.00      0.00      0.00      6.20     16.00      0.00      0.00
11     12.00      0.00      0.40      0.00      0.00      0.00      0.00      0.00      0.40      1.00     14.00      5.40
12     25.80      0.00      0.60      0.00      1.40      0.00      0.00      0.00      0.80      0.20    108.80      9.40
13      8.00      0.00      0.20      0.00      0.00      0.00      3.40      0.00     18.20      0.00      8.00      0.00
14      0.00      0.00      0.00      0.00      0.00      0.00      0.00      2.20     25.00      0.00      5.80      0.00
15      0.00      0.20      0.00      0.00      1.80      0.00      0.00      1.60     18.60      0.00     85.60      0.00
16      6.00      4.20      0.20      0.00     91.40      7.60      0.00      0.00      0.00      0.00     97.20      0.00
17      0.00     17.80      0.00      0.00      5.20      0.40      0.00      1.00      0.00      0.20    114.00      0.00
18      0.00     25.20      0.80      0.00      2.00      2.00      0.40      0.00      1.40      0.00      1.80      1.60
19      0.00     18.20      0.00      0.00      0.00      0.00      0.20      0.00      0.00      0.40      6.80     32.20
20      0.00      2.60      0.00      0.00      0.00      0.00      4.80      0.00      0.00      0.00      0.60      0.00
21      0.60      0.00      0.00     18.40      0.00      0.00      0.00      0.00      0.00      0.00      0.00      0.20
22     19.60      0.00      0.00      0.00      5.60      0.00      0.00      6.40      0.00      0.00      0.20      6.00
23     11.00      0.00      4.00      0.00      0.20      0.00      0.40     23.40      0.00      2.60      0.00    137.00
24      0.00      0.00      5.20      0.00     50.40      0.00      0.20     31.20      0.00      2.00      0.00     43.00
25      7.40      0.00      0.60      0.00      0.20      0.00      1.40     12.80      1.20      0.00      0.00      0.00
26      0.00      1.00      0.40      0.00      0.00      0.00      0.00      0.20     82.80      2.80      0.60      5.40
27      0.00      1.40      4.20      0.00      7.20      0.00      0.00     32.00     34.20     88.80      0.20      4.20
28      0.00      0.00      0.00      0.00      0.20      0.00      0.00     58.60     12.60     15.40      0.00      4.00
29      1.20      0.40      0.00      0.00      0.20      0.00      0.00      0.00     17.60      0.00      0.00      6.60
30      5.80    -99.00      0.00      0.00     14.80      1.40      0.00      0.00      7.00     57.20      0.00     42.60
31     11.60    -99.00      5.80    -99.00     34.80    -99.00      0.00     11.20    -99.00     59.20    -99.00      6.80
2013
01      0.20      0.00      0.00    -99.00     15.00      0.00     14.40    -99.00      3.40      0.60      0.00     10.20
02      0.00      0.00      0.00    -99.00      0.40      0.00     15.00      4.80      0.00     21.60      0.20      0.80
03      0.80      0.20     48.40    -99.00      0.00     63.00      0.20      1.00      0.00     36.00      0.00      0.00
04      2.40      0.20      7.40    -99.00      5.00      3.80      0.00      0.00      0.00      0.60     17.40     17.00
05      0.20      0.00      1.20    -99.00      0.00      0.00      0.00      0.00      0.00      0.00     72.20      0.80
06     10.60      0.20      0.00    -99.00      0.40      0.00      0.00      0.00      0.00      1.80      9.40      2.80
07     11.80      0.00      0.20    -99.00      0.80      0.00      2.80     12.40      6.60      0.20     24.80      0.20
08      1.40      0.20      0.00    -99.00      0.00      0.00      0.00      0.20      1.20      0.00      0.40      0.00
09     12.40      4.00      0.00    -99.00      0.00      0.00      6.60      0.00      7.80      0.00     13.40      0.00
10      1.20      2.40      0.00    -99.00      0.80      9.80     11.60      0.00     60.20      0.60     76.40      2.00
11      3.00      0.00      0.00    -99.00      1.60      9.00      0.40      0.00     34.60     25.80      0.20      0.00
12      2.40      0.20      0.00    -99.00      0.00      0.60      0.00     15.00      4.00      0.20      0.00      0.00
13      0.20      1.00      0.80    -99.00      0.00      0.00      0.00      0.00     17.60     11.60      0.20      3.40
14      0.00      0.00      0.00      0.00      0.00      0.00      0.80      0.00      2.40     54.20     22.40      8.60
15      0.00      0.00      0.00      0.00      0.00      0.00      0.00      0.00      0.20    124.40    446.80     12.80
16      0.00      0.20      0.00      0.60      0.00      0.00      0.00      0.00      0.00     32.40     79.60      8.00
17      0.20      0.20      0.20      2.40      0.20      0.00      0.00      0.00     52.40      1.20     31.20      6.00
18      0.20      0.00      0.00      1.60      1.40      0.00      0.00      0.00    219.20      3.00     15.20      7.20
19      2.20      0.20      0.00      0.00     16.00      0.00     36.00      0.00      6.00     12.60      5.00      1.20
20      0.80      0.00      0.00      0.00      0.00      3.00      5.00      0.00      2.40     44.40     26.80      0.00
21      0.20      0.20      0.00      0.00      0.00      0.00      0.00      0.00      4.20    101.20      3.80     10.60
22      0.40      0.00      0.00      0.00      0.00     14.20      0.40      0.00      0.00     11.40      7.00      6.20
23      0.00      4.20      0.00      2.60      0.00      0.20     27.20      0.00      0.00      8.80      0.60      0.00
24      0.20     18.00      0.00      0.80      7.20      0.40      4.20      1.40      0.00      1.00      0.20      0.00
25      3.00      0.00      0.00      0.20      0.00      3.20      0.00      0.20      1.00     22.40     38.80      0.00
26      0.00      0.00      0.00      9.40      0.00      0.00      0.00      5.40     23.20     16.20      1.00      0.00
27      0.20      0.20      0.00      0.20      0.00      0.00      0.00      0.00     41.20      1.60      4.00      2.40
28      0.20      0.00      0.00      0.00      0.00      0.00      0.00      0.00      4.00      0.00    169.20      0.40
29      0.20    -99.00      0.00      0.20      0.00      0.60      0.00      0.00      6.80      0.40     33.60      2.00
30      0.00    -99.00      0.00      0.40      0.00      0.00      0.00      4.00     80.60      5.40      8.20      1.40
31      0.00    -99.00      0.00    -99.00      0.00    -99.00      0.00      0.80    -99.00      0.00    -99.00      0.00
2014
01      0.00      0.00      0.00    -99.00      8.60      0.00      0.00      0.00     12.20      0.00      0.40    134.80
02      0.00      0.20      0.00    -99.00      0.20      0.00      0.00      3.00      7.60      0.00      0.00    125.80
03      0.20      0.20      0.60    -99.00      1.00      0.00      0.00      0.00      0.20      0.00     10.00     63.00
04      2.20      0.00      0.00    -99.00      4.20      0.00      0.00      0.00      0.00      0.00     47.40     11.40
05      0.00      0.00      1.60    -99.00      2.40      0.00      0.00      0.00      0.00     80.60      0.00      6.20
06      0.00      0.20      0.00    -99.00      4.00      0.00     38.40      0.00      0.00     57.40      0.20     13.80
07      0.20      0.00      0.00    -99.00      1.40      0.00      0.00      0.00      0.40     81.80      0.00     23.20
08      0.20      0.00      0.00    -99.00     31.60      0.00      0.00      0.00      0.00     63.20      0.00     23.20
09      6.60      0.20      0.40    -99.00      0.00      0.00      0.00      0.00      0.00      0.20      4.00     14.60
10      1.20     16.20      0.20    -99.00      0.00      0.00      0.00      0.00      0.00      0.00      0.00      1.00
11      0.20      0.60      0.00    -99.00      0.00      0.20      0.00      0.00      0.00      0.20      0.20      0.60
12      1.00      0.20      0.20    -99.00      0.00      2.20      0.00      0.00     14.00      9.80      3.20     58.20
13     43.60      4.40      0.00    -99.00      0.00      0.60      0.00      4.20    -99.00     75.60     62.60     28.40
14     10.60      5.80      2.80      0.00      0.00      0.00      0.00    -99.00    -99.00      8.40     10.80      1.20
15      0.00      0.00      1.00      0.00      0.00      0.00      0.00    -99.00    -99.00      7.80     45.60      0.20
16      4.60      0.20      0.20      0.00      0.60      0.00      0.00    -99.00    -99.00      1.00      0.20     50.00
17      1.80      0.00      0.00      0.00      0.00      0.00      0.00      0.20    -99.00     11.20      0.20     31.40
18      4.40      0.40      0.00      0.00      0.00      0.00      0.00      0.00    -99.00     63.00      6.60      4.40
19      2.40      4.80      0.20      0.00      0.00      1.20      0.00      0.00    -99.00      0.40      0.00      2.20
20      4.00      2.60      0.60      0.00      0.00      0.00      0.00     13.80    -99.00      2.20      2.00      0.20
21      0.00      0.00     10.00      0.00      0.00      0.00      0.00      2.20    -99.00     61.00      0.40     25.00
22      2.00      0.00      4.40      0.00      0.00      0.00      0.00      0.00    -99.00     37.80      2.60     16.60
23      0.00      0.00      0.20      0.00     38.60    -99.00      0.00      0.00    -99.00     65.00      1.60      1.60
24      0.00      0.20      0.00      0.00      0.00    -99.00      0.00      0.00    -99.00     41.40     12.40      8.40
25      0.20      0.20      0.00      0.00      0.00    -99.00      0.00      0.00    -99.00     25.60      0.20     14.00
26      0.00      0.00      0.00      0.00      0.00    -99.00      0.00     21.60    -99.00      7.20      0.20     10.80
27      0.00      0.00      0.00      0.00      0.00    -99.00      0.00      0.00    -99.00     16.60      0.00     12.40
28      0.00      0.00    -99.00      0.00      0.00    -99.00      0.00     85.00    -99.00     24.80      0.00     77.00
29      0.00    -99.00    -99.00      0.00      0.00    -99.00      0.00      0.20    -99.00      0.20      0.00      0.20
30      0.20    -99.00    -99.00      0.00      0.00    -99.00      0.00      6.40    -99.00      0.00     53.00      0.00
31      0.00    -99.00    -99.00    -99.00      0.00    -99.00      0.00     16.20    -99.00     48.20    -99.00      0.00
2015
01      0.20      4.20      0.00      0.00      0.00      0.20      0.00      0.80      0.00     20.20    173.60      0.20
02     12.00      7.40      0.00      0.00      0.00      0.60      0.00      1.80      0.00     41.40     14.60      0.00
03     11.40      0.00      0.00      0.00      0.00      0.00      0.00      3.40      0.00     23.60     30.60      0.00
04      0.20      1.60      0.00      0.00      0.00      0.00      0.00      1.80      0.00      2.80     97.80      0.00
05      0.00      0.40      0.00      0.00      0.00      0.00      0.20      0.00      0.00      9.00     33.00      0.00
06      0.00     36.60      0.20      0.00      0.00      0.00     23.60      0.20      0.00     35.00      2.00     60.20
07      2.00      0.20      0.00      0.20      0.00      0.00      8.60      0.00      0.00     15.80      0.20      9.60
08      0.00      0.00      0.20      0.00      0.00      0.00    -99.00      0.00      0.00     33.60      0.00     18.40
09      0.00      0.00      0.00      0.20     11.20     10.40    -99.00      0.00      0.00      0.60      0.20      1.40
10     12.20      0.00      0.20      0.20      1.20      0.00    -99.00      0.00     23.40     25.80      2.20      0.00
11      4.40      0.00      0.00      1.80      0.00      0.00    -99.00      0.20      2.00     22.20      0.00      0.00
12      1.40      0.00      1.40     45.00      1.60      0.00    -99.00      0.20      7.00     25.60      0.20      0.00
13      0.20      0.00      0.20      0.00      0.00      0.00    -99.00      0.20     38.20     65.40      0.00      0.00
14      0.00      0.00      0.40      0.20     18.00      0.00      7.40      0.00     83.20    150.80      0.00      0.00
15      0.00      0.00      0.00      0.20      2.00      0.00      0.20      5.60     93.40      2.60      0.00      9.80
16      0.00      0.00      0.00      0.00      0.00      0.00      0.00      0.00      1.00      0.20      0.00    152.60
17      0.00      0.00      0.00      0.00      0.40      0.00      0.00      0.00      0.00      0.00      0.00     26.40
18      0.00      0.00      0.00      0.00      0.00      0.00      0.00      0.00      0.00      0.20      0.00      3.60
19      0.00      0.00      0.00      0.00      4.00      0.00      3.60      0.00      0.00      0.00      0.00      2.60
20      0.00      0.00      0.00      0.00      0.00      0.00      3.00      0.00      0.00      0.20      3.60      4.60
21      0.00      0.00      0.00      0.00      0.00      0.00      0.00      0.00      6.20      0.00      2.20      8.00
22      0.00      0.00      0.00     43.80      0.00      8.60      0.00      0.00      0.00      0.20      0.20      4.60
23      0.00      0.00      0.00     13.40      0.00      1.00      0.00      0.00      2.00      0.00      4.40      0.00
24      0.00      0.00     11.80      0.60      0.00      0.20      0.00      0.00      0.00      0.40      5.40      0.00
25      0.00      0.00      1.20     39.40      0.00      0.00      0.00      0.00      0.00      0.20      0.20      0.00
26      0.00      0.00      2.20      7.80      0.00      0.00      2.40      0.00      0.00      0.00      2.00      0.20
27      0.00      0.00     12.60      0.00      4.60      0.00      2.60      0.00      0.00      0.00     76.20      0.00
28      0.00      0.00    156.80      0.60      0.00      0.00      5.60      0.00      0.00      0.00     47.60     10.40
29      0.00    -99.00      0.40      0.00      0.00      0.00      4.20      0.00      0.00      0.00     14.40      4.40
30      0.00    -99.00      0.20      1.80      0.00      0.00     13.00      0.00      0.00      0.00      0.20      2.00
31      0.00    -99.00      0.00    -99.00      3.80    -99.00      2.40      0.00    -99.00     35.80    -99.00      6.80
2016
01      2.20      5.60      0.00      4.60      0.00      0.00      0.00      0.00      0.00      0.00     55.00     97.20
02      4.20     13.40      1.40      0.00      0.00     11.40      0.00      0.00      0.00      0.00     45.40     66.20
03      3.80      2.80      0.40      0.00      8.40      0.00      0.00      0.00      0.00      4.00      3.00    133.40
04      0.40      6.20      0.00      0.00      0.20      0.40      0.00      0.60      0.00      0.40      5.20     27.80
05      0.20      5.00      0.00      0.00      0.00      6.60     22.20     46.80      0.00     24.20      0.20      2.60
06      0.00      3.20      0.00      0.00      0.00      0.00     58.80      0.20      5.60     35.40     29.60     21.00
07      0.00      8.00      0.00      0.00      1.40     36.80      0.40      0.00      5.20      9.00     21.20     53.40
08      0.00      0.20      0.00      0.00      0.00      0.00      0.80      0.00      0.00     49.20     73.80     34.00
09      0.00      0.00      0.00      0.00      0.00      0.00      0.00      0.00      0.00      9.80      8.40      1.20
10      0.00      0.00      1.60      0.00      0.00      0.00      0.00      0.00      0.00      5.40      0.20      0.00
11      0.00      0.00      1.40      0.00      0.00      0.00      0.00      0.00      0.00     52.00     12.20     20.20
12      6.80      0.00      0.00      0.00      0.00      0.00      0.00     10.00     53.40     32.40      0.20      6.00
13      2.00      0.20      0.00      0.00     35.60      0.00      0.00      0.80     89.00    141.00      0.00    133.40
14      0.00      0.20      0.40      0.00      0.00      0.00      0.00      0.80      0.60    100.60      0.20     45.40
15      0.00      1.60      0.00      0.00      0.00      0.00      0.00      0.00      0.00     22.00      0.00    229.00
16      1.00      2.60      0.00      0.00      0.20      0.60      3.00      0.00      0.00     46.00      0.00     76.20
17      3.00      1.20      0.20      0.00      0.00      0.20      0.00      0.00      1.40      6.20     75.00      5.60
18      2.60      1.20      0.00      0.00     27.60      0.00      0.00      3.00     20.40      0.60      7.00      5.80
19      2.80      0.60      0.00      0.00      0.00      0.00      0.00      0.00      0.20      0.00     16.00      3.60
20      0.00      2.40      0.00      0.00      0.20      0.00      0.00      0.00     16.40      0.00      4.00     12.00
21      0.00      0.00      0.00      0.00     15.60      0.00      0.00     26.80    331.00      0.00      4.00      2.00
22      0.20      0.00      0.00      0.00      2.60      0.00      0.00     24.60    134.40      0.00     31.00      5.60
23     25.00      6.00      0.20      0.00      0.00      3.40      0.00      0.20     10.60      0.00     29.80     12.00
24     69.40     27.60      2.40      0.00      9.40      2.40      0.00     62.20      4.80      0.00     33.40     17.80
25      4.00      5.60     12.60      0.00     13.60      2.20      0.00      1.40      1.40      0.00     12.40      0.20
26      3.60      0.80      2.00      0.00      0.20      3.80      0.00      0.00      0.80      8.20     45.20      0.00
27      0.80      2.00      6.20      0.00      0.80     28.00      0.60      0.00      0.20     11.60      9.60     47.80
28      0.20      1.20      0.20      0.00      0.00     11.20      4.20      2.60      0.00      0.00      1.20     39.20
29      0.20      0.00      0.00      0.00      0.00      0.60      0.00      7.60      6.40      6.20     10.20     19.00
30      1.00    -99.00      0.00      0.00      0.00      2.00      0.00      0.80      0.00     38.60     94.20     10.00
31      0.20    -99.00      0.00    -99.00      0.20    -99.00      0.00      0.00    -99.00     44.00    -99.00    -99.00
2017
01      3.40     17.80      0.00      0.00      0.00      0.00      0.00      0.00     22.40      0.00     52.00      0.80
02     18.00      8.20      8.00      4.60      0.00      0.00      0.00      0.00      0.20     23.00      3.80     62.60
03      0.00      1.40      0.00      0.20      0.00      0.00      0.00      0.00      0.00      2.00     15.00     33.00
04      0.00      3.40      0.20      0.00      0.00      0.00      0.00      0.00      0.00      0.00    137.80      4.00
05      0.00      0.00      0.20      0.60      0.60     11.80     14.00      0.00      0.00      2.80    201.60     21.20
06      0.00      0.20      0.20      0.00      0.00      0.00      0.00      6.80      0.00      0.40     30.80      0.20
07      0.00      0.20      0.00      0.00      0.00     54.40      0.00      0.00      9.80      0.00    204.40      0.00
08      0.00      0.20      1.20      0.00      2.20     14.00      0.00      0.00      0.00     38.80    163.20     12.20
09      0.00     51.80      0.40      0.00      6.40      4.60      0.20      0.00      0.00     93.00     26.40      4.00
10      0.00      7.20      0.00      0.00      0.00      0.00     14.40      0.00      0.00      0.00     23.60      0.60
11      0.00     59.20      0.00      0.00      0.00      0.00      0.00      0.00      0.00      7.00      0.40      0.60
12      0.00     36.60      0.00      0.80      0.20      0.00     34.00      4.80      0.00      5.80      0.00      0.00
13      0.00      1.80      0.00      3.20      6.20      3.40      2.40      0.00     12.80      0.40      0.80      0.00
14      0.00      0.40      0.00      0.00      0.20      7.40      0.00      0.00    100.60      0.00     93.20      0.20
15      0.00      2.60      0.00      0.00     20.40      0.00      3.60      0.00     74.40      3.60     18.40     10.40
16      0.00      0.20      0.40      0.00     24.60      0.00     63.00      0.00      0.00      0.00      8.20     57.00
17      0.00      0.20      0.20      0.00      1.00      0.00      5.00      0.00      0.00      0.40      0.00     67.80
18      0.00      0.80      1.20      0.00      0.80      0.00      9.40     11.40      0.00     16.40      0.00      0.40
19      0.00      0.00      0.00      0.00      7.60      0.00     20.60      2.80      0.00     44.80    103.80      0.00
20      0.00      0.20      0.00      0.00      0.00      0.00      0.00      0.00      0.00      2.20    176.00      4.00
21      0.00      0.00      4.20      0.00      0.20      0.00      0.00      0.00      0.00      0.40    129.00      5.20
22      0.00      0.00      0.20      3.80      0.00      0.00      4.60      0.00      0.40      0.60    220.00      2.00
23      0.00      0.00      0.00      0.00      8.00      0.00      0.80      0.00      2.20     27.40    137.80      2.80
24      0.00      2.20      0.00      1.40      5.00      0.00      0.00      0.00      0.20     16.60     13.80     29.00
25      0.00      6.60      0.20      0.40    123.00      0.20    152.00      4.60      5.40      3.40      4.00      8.20
26      0.00      5.40      5.20      0.00     12.60      1.40      2.80     53.20      0.00      1.60     17.20     20.00
27      0.00      5.60      8.40      6.60      0.40      0.00     28.80     12.40      0.00      0.60      9.80     17.40
28      0.00      0.20      1.20      6.80      3.20      0.00      6.80     28.20      1.40      1.00     21.60      9.00
29      0.00    -99.00      2.40      3.80      0.80      3.20      0.00     11.60      0.00      0.20     40.60     15.20
30      0.00    -99.00      0.00      0.00     14.20      8.00      0.00      0.20      0.00     92.20     19.20      1.20
31      0.00    -99.00     22.60    -99.00      0.20    -99.00      0.00      0.00    -99.00     32.40    -99.00      1.80
2018
01      3.00      1.60      0.20      0.00    -99.00    -99.00      0.00      0.00      0.00      0.00      0.00      2.60
02      2.80      9.60      0.00      0.00    -99.00    -99.00      0.00      0.00      0.00      0.00      0.00      0.00
03      8.40      2.40      0.00      0.20    -99.00    -99.00      0.00      0.00      0.00      0.00      0.00      0.20
04     12.60      0.00      0.00      0.00    -99.00    -99.00      0.00      0.00      0.00      0.00      0.00      2.20
05      3.00     13.80      0.00      0.00    -99.00    -99.00      0.00      0.00      0.00      0.00      4.40      0.00
06      0.40      0.20      0.00      0.00    -99.00    -99.00      0.00      0.00      0.00      0.00      2.00      0.00
07      0.20      0.00      0.00    134.60    -99.00    -99.00      0.00      0.00      0.00      0.00     32.80      1.80
08      9.80      2.00     11.40     19.80    -99.00    -99.00      0.00      0.00      0.00      0.00     64.60     16.40
09     24.00      0.00      3.20      0.00    -99.00    -99.00      7.60      0.00      0.00      0.00     91.00    133.80
10      0.80      0.20      0.20      0.00    -99.00    -99.00     26.40      0.00      0.00      0.00      2.60    240.80
11      2.40      8.00      0.00      0.00      0.60    -99.00     60.80      0.00      0.00      0.00      0.20     32.80
12      6.00      6.40      0.20      0.00      0.00    -99.00      0.20      0.00      0.00      0.00      0.00    102.40
13      7.00      0.60      0.00      0.00      0.00    -99.00      2.40      0.00      0.00      0.00      0.00     20.60
14     11.60      0.20      2.80      0.00      0.00    -99.00      0.00      0.00      0.00      4.40      0.00     20.20
15      0.20      0.20      3.40      3.40      0.00    -99.00      0.80      0.00      0.00      0.20      0.00     49.60
16      0.00      0.20      0.20      1.00      1.20    -99.00      7.60      0.00      0.00      0.00      0.00     18.00
17      0.00      0.00      0.00      1.80      0.00    -99.00     21.80      0.00      0.00      0.00      0.00     29.80
18      0.00      0.00      0.00      0.40      0.00    -99.00      8.40      0.00      0.00      0.00      0.00      2.80
19      6.80      0.00      0.00      0.40      0.00    -99.00      1.00      0.00      0.00      6.20      0.00      0.00
20      0.40      0.00      0.80      0.00      0.00    -99.00      0.00      0.00      0.00     12.60      0.00      0.20
21      0.20      0.00      0.20      0.00      0.00    -99.00      2.60      0.00      0.00      0.00      0.00      0.20
22     12.60      0.20      0.00      0.00      0.00    -99.00     14.60      0.00      0.00      0.00     42.60      0.20
23      0.00      7.40      0.00      0.00      0.00    -99.00      0.00      0.00      0.00      0.00    102.80      0.00
24      7.40      0.00      0.00      0.00      0.00    -99.00      0.00      0.00      0.00      0.00     26.80      8.20
25      0.00      2.00      0.00      0.00      0.00    -99.00      0.00      0.00      0.00      0.00     25.20      1.20
26      0.00      0.20      0.00     10.60      0.40    -99.00      5.80      0.00      0.00      0.20      4.60      0.20
27      7.20      0.00      0.00      0.00      0.00    -99.00      6.40      0.00      0.00      0.00      6.00     19.80
28      0.00      0.00      0.00     10.40      0.00    -99.00      4.80      0.00      0.00      0.60     18.00      0.00
29     34.00    -99.00      0.00      2.00      0.00    -99.00      1.60      0.00      0.00      0.60     87.20     28.40
30      0.60    -99.00      0.00    -99.00     16.60    -99.00      0.00      0.00      0.00      0.00      6.60     25.40
31      8.80    -99.00      0.00    -99.00      0.20    -99.00      0.20      0.00    -99.00      0.20    -99.00     26.00
