MyChanh             
   107.27600       16.615000               2
2011
01      0.00      0.20      0.00      0.00      9.60      1.80      5.60      4.80      0.00     21.40     11.80      8.20
02      0.00      0.60      0.00      0.20      0.00      0.00      0.60      8.00      1.40      2.40     10.20      0.20
03      0.00      0.20      1.60      0.00      0.00     12.00      0.00     14.80      2.00     27.60      0.60      0.20
04      0.00      0.00      0.80      0.20      0.00      5.40      0.00      6.00      1.40      8.20      2.00      0.00
05      0.40      0.00      0.00      0.00      0.00     45.00      0.00     38.20     43.80      1.20     21.20      1.20
06      5.00      0.00      0.00      0.00      0.00      0.00      0.00     15.80      7.40      0.00     47.20      4.60
07      0.40      0.00      0.20      0.20      0.20      0.20      0.00     26.20      1.80      1.40    155.20      0.80
08      0.00      0.00      0.00      0.20      0.00      0.00      0.00     50.60      0.20      2.00     47.20     17.60
09      8.80      0.00      0.40      0.20      0.00      0.00      1.20      2.80     15.80     72.80      1.60      4.20
10      0.00      0.00      0.60      0.00      0.00      0.00      0.00      3.40     59.00     64.00      1.00      5.00
11      0.00      0.40      0.20      0.60      0.00      0.00      0.00      6.80     10.40      3.20      0.00      2.40
12      0.40      0.00      0.00      0.00      3.60      0.00      0.20      0.00     56.20     12.60      0.20      0.00
13      0.00      5.00      0.20      0.00      1.60      0.00      5.60      2.20      6.20     88.00      0.00      0.00
14      0.00      0.20      0.00      0.00      7.20      1.00     19.60      0.00     31.20     76.80      1.00      0.20
15      3.20      0.00      0.80      0.00      1.40      0.80     22.40     12.40      5.40     93.00      0.00      0.80
16      0.00      0.00      0.80      0.40      0.00      0.00      4.40      0.20     13.20    240.20      0.80      1.80
17      0.00      0.20      0.60      0.00      0.00      0.20      1.40     33.20     11.20      3.00      0.00      3.80
18      0.20      0.20      0.00     30.40     10.80      0.40      6.80      2.20      0.00      0.80      0.00      4.60
19      0.20      0.00      0.00      0.00      3.00      0.00     10.60      4.40      0.20     11.80      0.20      1.20
20      0.00      0.20      0.00      0.00     17.60      0.60      2.80      2.20      1.00      0.00      6.00      1.00
21      0.00      0.20      0.00      0.00      0.00     12.40      3.20      0.20     19.40      0.00      4.80      0.60
22      0.00      0.00      0.80     19.80      6.60      0.00      3.80      0.00     66.20      0.00     15.20      0.80
23      0.20      0.40      1.60      0.40      3.00      0.40     15.40     18.40     33.40      0.00      2.60      9.60
24      0.00      0.20      0.80      0.20      0.00      4.40      0.20      7.00      0.80      7.20      9.20      5.60
25      0.00      0.00      0.20      0.40      0.00      7.20      0.60      0.00      9.80     11.20      0.00      0.80
26      0.40      0.00      0.00      0.00      0.00      2.00      1.60      0.00     41.00      4.40      8.40      0.00
27      0.60      0.00      0.20      2.60      0.00      0.20      2.80      0.40    136.20     17.80      5.40      0.40
28      0.40      0.00      0.00      1.80      0.00      7.60      5.40      1.60      6.00     18.20      0.20      0.20
29      0.00    -99.00      1.60      0.00      0.00     59.80      4.20      2.00     11.80      2.80      0.00      0.20
30      0.40    -99.00     10.20      1.20      0.00      7.00     47.00      4.80     17.20      5.40      0.00      5.40
31      0.40    -99.00      5.80    -99.00      0.00    -99.00     30.40      2.60    -99.00     10.00    -99.00      0.40
2012
01      0.00      0.20      0.00      0.00      0.00      3.20     46.20     18.00     18.80      0.00      0.20      0.20
02      0.20      0.00      0.20      0.00      0.00      7.00      9.00      0.00      5.20      0.00      0.00      0.20
03      0.00      0.40      0.00      0.00      0.00     21.00      0.00      2.40      1.40      0.00      0.20      4.40
04      0.00      0.20      0.20      9.20      0.00      1.00     58.20      0.20     30.00      0.00      0.00      0.40
05      0.20      0.20      0.00     40.20      0.00      0.20      8.60      2.40     38.00      0.00      1.00      0.00
06      0.20      0.20      0.00      0.00      0.00      0.00      0.20      8.40     28.80     27.20      3.80      0.00
07      1.60      0.00      0.00     73.20     16.00     66.20      1.20      4.60      2.20    106.40      0.20      0.00
08      6.00      0.20      6.00      0.20     12.20      5.20      5.40      1.60     32.40     14.80      0.00      0.00
09      5.40      0.00      0.60      0.00      8.40      2.60      0.20      9.40      0.00      0.20      0.00      0.00
10      0.00      0.20      0.00      7.40      0.00      0.00      0.00      1.80      2.00     30.40      0.00      0.00
11      0.80      0.20      0.20      0.20      0.00      0.00      0.20      1.60     12.20      0.60     21.20      0.20
12      0.80      0.20      0.20      0.00      1.60      0.00      4.20      0.60      0.00      0.40     27.60      7.00
13      0.40      0.60      0.20      0.00      0.00      0.00      5.00      0.20      3.40      0.00      8.60      0.00
14      0.20      0.00      0.00      1.00      0.00      0.00      0.00      0.00     60.60      0.00      0.60      0.20
15      0.80      0.00      0.00      0.20      7.00     22.20      0.00     27.60     66.20      0.40      1.60      0.00
16      0.20      0.20      0.40      0.00      0.80     54.00      0.00      0.20      0.80      0.00      0.60      0.00
17      0.20      0.20     11.80      0.40      2.60    127.00      0.00      0.60      6.20      0.00     14.80      0.00
18      0.00      0.00      0.20      3.00     16.60     42.00      0.00      5.20      1.80      0.00      0.00      7.20
19      0.20      0.40     19.80      0.00      0.00     15.20      0.60      0.00      0.00      0.00      1.40      0.00
20      0.40      0.40      0.20      0.00      0.00     12.60      0.00      0.80      0.00      0.40      0.60      0.00
21     22.60      0.40      0.00     32.40      0.00      0.20      0.00      0.00      0.00      0.00      0.00      0.00
22      5.60      0.20      0.00      0.20      3.60      4.80     51.40      0.00      0.00      0.20      0.20     10.60
23      0.00      0.00      0.20      0.00      4.80      5.60     66.60      0.80      0.00      1.20      0.00     10.80
24      0.20      0.00      0.00      0.00      0.20      0.20      8.60      0.40      0.00      0.20      0.00      2.60
25      0.00      0.00      0.00      0.00      0.80      0.00      9.80      5.40      0.60      0.20      0.00      0.00
26      0.20      0.40      0.00      1.40      0.00      1.40      0.00      0.80     20.60      3.60      0.20      4.20
27      0.20      0.00      0.00      0.00      5.60      0.00      0.60      0.80     39.00     19.20      0.00      0.80
28      0.00      0.00      0.00      0.00      0.40      0.00      0.20      2.20     18.80      8.20      0.00      1.00
29      0.40      0.20      0.00      0.00      0.00      0.00     22.20     13.20     18.20      0.00      0.00      0.20
30      0.40    -99.00      0.00      0.00      1.80      2.00     11.60      0.00      0.80      0.20      0.00      2.60
31      0.00    -99.00      0.20    -99.00      1.20    -99.00     35.40      0.00    -99.00      1.60    -99.00      0.60
2013
01      0.00      0.00      0.00      0.00     60.60      0.20      9.60     12.40      0.20      0.80      0.00      1.40
02      0.00      0.60      0.00      0.00     18.20      1.40      1.80      1.00      0.00     36.20      0.00      0.00
03      0.00      0.00      1.00      0.00      3.60     17.80      1.80     43.20      0.00     37.60      0.00      0.00
04      0.60      0.00      0.00      0.00      0.20      1.80      0.40      0.00      0.00     27.00      6.20      0.80
05      0.00      0.20      0.00      0.00      0.00      0.20     55.00      0.40      7.00      0.00     72.20      0.20
06      1.20      0.00      0.20      0.00      0.00      0.00      9.00      0.00     41.20      0.00     37.60      2.60
07      0.40      0.20      0.00      0.00      0.00      0.00      0.20     10.80      9.00      0.40     66.00      0.00
08      0.20      0.00      0.00      0.00      1.00      0.00      0.00      0.00     11.00      0.20      5.40      0.00
09      0.00      0.60      0.00      0.00      8.40      0.00      6.20      0.20      6.60      0.00     17.80      0.00
10      0.00      0.40      0.00      0.00      3.60      3.80      5.40      0.00     21.60      0.00     25.40      0.00
11      0.20      0.00      0.00      0.00      5.80     40.20      3.80      0.00      7.00     12.80      0.00      0.00
12      0.00      0.00      0.60      0.20      0.20      0.00      0.00      1.60      2.20      0.00      3.40      0.00
13      0.00      0.00      7.60      0.20      0.20      0.00      0.00      0.00     62.40      0.00      1.80      0.80
14      0.00      0.00      0.00      0.00      0.00      0.00      7.20      0.00      1.40     23.60     13.80      0.00
15      0.00      0.60      0.00      0.00      0.00      0.00      0.20      0.00      4.60    264.60     44.00     10.40
16      0.00      0.40      0.00     40.60      0.00      0.00      0.00      2.00     14.20      4.40      5.40     19.40
17      0.00      0.00      0.20     21.80      0.00      0.00      0.00      0.20     37.80      4.00      9.00      6.20
18      0.60      0.00      1.00      1.00      0.00      0.00      0.00      3.00    258.40      1.40      4.40      0.20
19      0.00      0.00      5.20      0.20      0.00      0.00      0.00      3.80     49.00     17.60      3.40      0.00
20      0.00      0.00      4.00      0.20      0.00      0.60     99.80     17.20     19.80      3.60      1.00      0.00
21      0.00      1.40      0.00      4.20      0.00     10.40      1.20      5.20     68.80     10.40      0.60      0.00
22      0.00      4.20     10.80      0.00      3.20     51.60      0.60      7.20      4.80      6.00      0.40      0.00
23      0.00      5.20      0.40     16.20     43.20     44.00      3.20      6.00      0.00     41.00      0.60      0.00
24      0.00      4.00     17.00      0.80      0.00      1.60     11.60      1.00      0.00      0.00      0.00      0.00
25      0.60      0.20      1.40     12.40      0.00      8.80      7.40      3.20     10.00      0.00      0.80      0.00
26      0.20      0.20      1.80     12.40      0.00      3.40     19.60      4.80      5.20      0.00      0.00      0.00
27      0.00      0.00      0.00      0.00      0.00      9.80      8.20      5.40      8.80      0.00      0.80      0.00
28      0.00      0.00      0.00      0.00      0.00      0.20     26.40      0.00     10.80      0.00      1.40      0.20
29      0.00    -99.00      0.00      4.20      0.40      0.00      3.80      0.00      0.60      1.20      1.60      0.20
30      0.00    -99.00      0.00      0.00      0.00      0.00      3.40      0.00     84.40      2.00      2.20      0.00
31      0.00    -99.00      0.00    -99.00     78.00    -99.00      9.00      9.80    -99.00      0.00    -99.00      0.00
2014
01      0.00      0.00      0.00      0.00     52.00      0.80     16.20      0.80     12.80      0.20      0.60     53.80
02      0.00      0.20      0.00      1.00      0.00      0.00      1.80      0.40      7.00      0.20      0.00     40.80
03      0.20      0.20      0.20      0.00      0.80      0.00      0.60      1.80      0.20      0.00     11.80      7.60
04      0.00      0.20      0.00      2.20      8.40      0.00      0.80     26.40      2.60      0.00      6.80      0.80
05      0.00      0.00      0.00      0.20      0.20      0.00      0.00      9.20     21.40     27.20      0.20      0.20
06      0.00      0.00      0.00      0.00      0.00      0.00      0.80      1.40      0.20     40.20      0.00      0.20
07      0.20      0.20      0.20      0.00     10.60      0.20      6.60      1.80     16.20      5.40      0.00      0.40
08      0.20      0.00      0.20      2.40     10.40     18.20      0.00      0.20      0.20      2.60      0.00      0.00
09      2.60      0.00      0.00     32.60      9.60      6.60      5.20      0.80      0.00      0.00      0.00      0.00
10      1.40      0.00      0.20      0.00      0.00     49.00      0.80      0.00      0.00      0.00      0.00      0.80
11      0.00      0.00      0.00     32.40      0.00     49.20      0.80      0.00      0.00      0.20      0.00      0.20
12      1.20      0.00      0.20      0.00      0.00     96.00      0.00      0.00      0.00      0.00     13.20      5.20
13      1.40      0.00      0.00      0.00      0.00      2.80      4.60      5.40      0.00      7.80     37.20      1.20
14      0.40      0.00      0.00      0.00      0.00      1.20     29.40    -99.00     44.20      1.20      1.80      0.00
15      0.00      0.20      0.20      0.00      0.00      1.60      0.80    -99.00      0.00      0.40      5.00      0.60
16      0.00      0.20      0.00     71.20      1.40      0.40      0.00    -99.00     18.80      0.00      7.60      8.80
17      0.40      0.00      0.20      0.20      0.00      1.80      7.80      0.20      0.40      4.80      4.80      0.40
18      0.00      0.20      0.00      0.00      0.00      4.40     33.00      6.80      0.00     15.60     18.00      0.20
19      2.20      0.00      0.00      0.00      0.00      0.00     30.20      0.00      0.00      0.20      2.40      0.00
20      2.00      0.00      0.20      0.00      0.00      0.00    -99.00      0.00      0.00      0.00      0.20      0.00
21      0.00      0.40      2.20      0.00      0.00      0.00      5.20      0.20      4.60      2.80      0.00      2.80
22      0.60      0.00      0.40      7.80      0.00      3.20      0.00      4.60      9.40      7.20      0.00      0.20
23      0.00      0.00      0.60      0.00      0.00      7.20     10.20      0.00     12.40      2.60      0.20      0.00
24      0.20      0.00      0.00      0.00      0.00      0.40      1.60      0.00      0.00      5.60      1.00      0.20
25      0.20      0.00      0.00      0.00      2.00      4.60      0.00     31.40      0.20      0.20      0.20      0.60
26      0.00      0.00      0.00      0.00      0.00      0.00      0.00     19.60      6.00      0.20      0.20      1.00
27      0.00      0.00      0.00      0.00      0.00      1.00      1.20      0.00      0.20     19.80      0.00      0.80
28      0.00      0.00      0.00      0.40      0.00     20.80     17.60     14.80      0.00      1.00      0.00      0.80
29      0.00    -99.00      0.00      0.20      3.20      0.80     11.60      9.60      0.00      0.20      0.00      0.40
30      0.00    -99.00      0.00      0.00      0.00      4.40     49.60      1.80     16.00      0.00     25.00      0.00
31      0.00    -99.00      0.00    -99.00     51.00    -99.00     73.20     13.60    -99.00      3.60    -99.00      0.00
2015
01      0.00     11.60      0.00      0.00     23.00      0.00      0.00      9.40     37.60     36.40     87.00      0.00
02      3.40      8.40      0.00      0.00      0.20      0.20      0.00      1.00     17.40     23.80     43.20      0.00
03      1.40      0.00      0.00      0.00      0.00      0.60      0.00      6.00      0.00      0.40      1.00      0.00
04      0.00      0.60      0.00      0.20      0.00      0.00      0.00      6.00     16.60      0.80     51.80      0.00
05      0.20      1.00      0.00      0.00      0.20      0.00      0.00      0.00      0.40      3.40     53.60      0.00
06      0.00      0.00      0.00      0.00      0.00      0.00     35.00      0.00      0.20      6.40      3.20      0.00
07      2.60      0.20      0.00      0.00      0.20      0.00     11.40     11.80      0.00      6.60      0.40      1.20
08     10.60      0.00      0.00      0.00      0.00      0.80     19.20      0.60      0.00     10.40      0.80      0.00
09      5.80      0.00      0.00      0.00      0.20      0.00      0.20     52.80      0.00     42.40      1.40      0.00
10      0.20      0.00      0.00      0.40      0.00      0.00     17.40      0.00      0.60      9.80      0.60      0.00
11      0.00      0.00      0.00      0.00      0.00     19.00     15.80      0.00      0.00      1.20      0.00      0.00
12      0.00      0.00      1.00      0.00      0.00      3.40     38.80      9.40      0.00      0.00      0.00      0.00
13      0.00      0.00      0.00      0.00      1.40      0.00      0.00      0.60     18.20      6.40      3.40      0.00
14      0.00      0.00     12.40      0.00      0.60      0.00     10.60      0.00    231.40     34.60      0.20      0.00
15      0.00      0.00      0.00      0.00      0.00      2.00      0.00      0.00    147.80     33.60      0.00      7.40
16      0.00      0.00      0.00      0.00      0.00      0.00      5.00      0.00     13.00      3.80      0.00      4.00
17      0.00      0.20      0.00      0.00      0.00      2.40      1.00      0.00     13.20      0.20      0.00      0.00
18      2.40      1.40      0.00      0.00      0.00      0.00     13.60      0.00      1.00      0.20      0.20      0.40
19      9.40      0.80      0.00      0.00      0.00      0.00     61.00      0.00      0.20      0.00      0.00      2.80
20      0.00      0.20      0.00      0.00      0.00      0.00     14.60     20.80      0.00      0.20      0.00      0.00
21      0.00      2.60      0.00      1.40      0.00     20.60      0.00      0.00     41.20      0.00      9.00      0.60
22      0.00      7.40      0.00      2.20      0.00     43.80      0.00     13.40      0.00      0.00      4.00      0.40
23      0.00      0.20      0.00      0.60      0.00     59.80      0.40      0.60     30.00      0.00     17.80      0.00
24      0.00      0.00      1.00      0.00      0.00      1.80      2.60      6.80      2.80      1.00      4.60      0.20
25      0.00      0.00      4.00      2.80      0.00      1.40      1.40      1.60      0.00      0.00      0.80      0.00
26      0.00      0.00     10.00      2.80      0.00      0.60     26.00     20.60      4.60      0.00     24.40      0.00
27      0.00      0.00      1.60      0.00      0.00      0.00     25.60      4.60      0.20      0.00      9.60      0.00
28      0.00      0.00      9.00      3.20      0.00      0.00     22.20      5.20      0.00      0.00      2.20      0.00
29      0.00    -99.00      0.00     10.40      0.00      0.00      5.60      0.40      0.00      0.00      3.60      0.20
30      0.00    -99.00      0.00     18.60      0.00      0.00     20.00     12.00      0.20      2.60      0.20      0.00
31      0.00    -99.00     23.00    -99.00      0.00    -99.00     22.00     18.20    -99.00     17.80    -99.00      3.20
2016
01      3.60      0.00      0.00      0.00      0.00      0.00      0.00      0.20      4.00      0.00    228.80      0.00
02      0.00      0.00      0.60     23.00      0.00      0.00     15.60      0.00      0.40      1.00     46.20      0.80
03      0.00      0.20      0.20      0.00      8.40      0.00      2.20      0.00      5.20      0.00      9.60      5.60
04      0.00      0.40      0.00      0.00      0.20      0.00     11.40      4.80      2.80      0.00      0.60      1.60
05      0.00      0.00      0.00      2.40      0.00      0.00     56.20      0.00      2.40      2.00      0.00      3.40
06      0.40      0.00      0.00      0.00      0.00      0.00      6.20      0.80      4.80      8.00      3.20      6.60
07      0.00      0.00      0.00      0.00      1.40     38.80      0.00      1.20      8.80      0.40      3.00      0.40
08      0.00      0.00      0.00      0.20      0.00     17.40      8.60      0.00      0.00      0.00      2.80      0.80
09      0.00      0.00      0.60      1.00      0.00     15.60      4.60      0.00      0.00      0.00     28.80      0.00
10      0.00      0.00      0.00      0.00      0.00      0.00      2.20      3.00      0.00      0.00      1.20      0.00
11      0.40      0.20      0.00      0.00      0.00      0.00      0.00      1.80      7.40      3.40      0.00      1.40
12      0.00      0.00      0.00      0.00      0.00      0.00      0.00      0.80     28.60      7.20      0.00      2.00
13      0.20      0.00      0.00      0.00     35.60      0.00      0.00     10.20    105.60     51.60      0.00     13.60
14      0.00      0.00      0.00      0.00      0.00      0.00      0.00     29.80      0.20    172.80      0.00     32.40
15      7.20      0.00      0.00      0.00      0.00      0.00      0.00      7.60      0.20      5.80      0.00     33.20
16     17.60      0.00      0.00      0.00      0.20      7.00      0.00      6.20      0.00     44.00      0.00     14.60
17     14.20      0.00      0.00      0.00      0.00      0.60      0.00     19.20      0.00      0.00      1.20      1.00
18      0.00      0.00      0.00      0.00     27.60      0.00      0.00     43.40      0.40      0.00      0.80      2.40
19      0.00      0.20      0.00      0.00      0.00      0.00      0.00     17.40      1.40      0.00      0.60      0.40
20      0.00      0.00      0.00      0.00      0.20      6.40      0.00      4.40      4.00      0.00      9.20      0.60
21      0.20      0.00      0.00      0.00     15.60      0.60      4.80      0.20     61.40      0.00      4.00      0.40
22      0.00      0.00      0.00     40.20      2.60      7.20      2.00     51.80     55.20      0.00      0.40      8.00
23      0.20      0.00     11.40      0.00      0.00      3.80      0.00      2.20      7.60      6.00      7.40      2.20
24      0.60      0.00      0.00      0.00      9.40     12.00      3.00    129.40      0.60     10.60     26.60      1.60
25      0.00      0.00      0.00      0.00     13.60      9.00     56.60      0.60     10.40      0.00      0.00      0.20
26      0.40      0.00      0.00      0.00      0.20     18.80      0.20      0.40      0.20      2.20      2.00      0.00
27      0.20      0.00      0.00      7.40      0.80     10.60     30.00      0.60      0.00      0.80      1.80      6.20
28      0.00      0.00      0.40      0.00      0.00     48.40      4.60      1.00      0.80      7.60      0.00      0.00
29      0.20      0.00      0.00      1.40      0.00      8.40      0.20     31.00      0.00     26.20      0.00      0.20
30      0.00    -99.00      0.00      0.00      0.00      0.20     19.40      0.60      7.00     53.80      3.00      0.00
31      0.20    -99.00      0.00    -99.00      0.00    -99.00     50.40      0.00    -99.00      5.00    -99.00      4.00
2017
01      4.40      0.80      0.20      0.20      0.00      0.00     14.60      0.00      0.80      1.60      6.40      2.40
02      4.40      8.80      0.00      0.40      0.00      0.00      0.00      0.00      0.00     12.80      1.00      4.20
03      2.60      9.60      0.00      0.00      0.00      0.00      7.00      0.00      5.80      8.00      0.40      0.80
04      1.60      0.80      0.00      0.00     22.20      0.00      0.00      0.00      1.60      0.00     44.40      3.20
05      2.40      0.00      0.20      0.00      0.00      0.00      0.00      0.00      0.00      0.00     25.60      3.20
06      0.40      0.00      0.00      0.20      0.00     98.40      0.00      0.00      0.00      0.00      3.60      0.00
07      0.00      0.00      0.00      5.00      0.40      6.60      0.00      0.00      7.40      2.20     15.80      0.20
08      0.80      0.00      0.00      0.20      0.80     24.60      0.00      0.00      0.20     36.20      7.40     17.20
09      6.60      7.00      0.00      0.00     22.60      5.20      0.00      0.00      0.00     25.20     21.80     10.00
10      0.40      0.00      0.20      0.00      0.40      5.20    143.20      0.00      0.00      0.60     20.80      0.00
11      0.60      0.80      0.00      0.00      0.40      1.80      0.00      0.00      0.60     14.20      4.80      0.20
12      0.40      0.20      0.00      0.60      2.00     63.40      7.60      0.00      0.00      0.60      0.00      0.00
13      0.00      1.40      0.00      7.00      4.60      0.00      0.40      0.00      0.60      2.80      0.20      0.00
14      0.00      3.40      0.00      0.00     25.40      0.40      1.80      0.00      0.20      0.00      8.40      0.00
15      1.00      3.20      0.20      0.00     10.20      0.60      0.00      0.00      0.00      0.20      3.60      0.40
16      0.00      0.00      9.60      0.00     21.00      0.00      0.00      0.00      0.00      0.00      1.60     24.00
17      0.00      0.00      0.20      0.00      0.20      0.80      0.00      0.00      0.00      0.00      0.00      0.00
18      0.00      0.60      4.00      0.00      1.20     64.20      1.00      0.00      9.80      2.60      0.00      0.20
19      0.00      0.00      0.60      0.00     38.60      0.60      1.80      0.00      1.60      7.00     37.40      0.00
20      0.40      0.00      3.60      0.20      0.20     21.60      0.60      0.00      0.00      0.20     47.60      0.00
21      3.80      0.00      4.60      0.00      0.00      0.00      1.20      0.00      0.40      0.20      0.40      0.20
22     11.80      0.20      0.00      0.00      0.00      0.00      2.00      0.00      0.00      0.00      0.20      0.00
23      2.60      0.00      0.20      0.00      0.00      3.20      0.00      0.00      9.20      2.00      1.80      0.20
24      0.40      0.00      0.00     27.20     58.80     25.40      0.00      0.00      0.00      2.00      0.00      4.40
25      4.40      0.00     10.00      0.00      3.40      0.20      0.00      0.00      5.60      3.20      0.20      0.20
26      3.20      0.00      0.00      0.20      0.20      4.80      0.00      0.00      0.40      2.80      0.00      8.60
27      0.00      0.20      0.00      0.00      0.20      0.20      0.00      0.00      0.00      2.60      0.20      2.20
28      0.00      0.20      0.00      0.00      0.40      0.00      0.00      0.00      0.00      1.00      2.20      0.20
29      0.00    -99.00      8.80      0.00      1.80      1.60      0.00      0.00      0.00      1.00      6.00      1.60
30      0.20    -99.00      0.00      0.00     48.60     12.00      0.00      0.00     44.20      7.00      5.80      6.80
31      0.00    -99.00      6.20    -99.00      1.00    -99.00      0.00      0.00    -99.00      8.60    -99.00     16.00
2018
01      4.60      0.00      0.00      0.00      1.40      0.00      0.00      0.00      0.00      0.20      0.00      0.20
02      7.60      0.00      0.00      0.00     19.80      0.00      0.00      0.20      0.00      0.20      0.00      0.00
03      1.60      0.00      0.00      0.00      0.00      0.00      0.00      1.20     16.60      8.80      0.00      0.00
04      3.40      0.00      0.00      0.00      0.00      4.20      0.00      0.00      0.00      7.20      0.00      2.60
05      0.40      0.00      0.00      0.00     15.20      0.00      0.00      6.20      0.00      0.20      1.20      0.40
06      0.00      0.00      0.80      1.00      0.60     21.80      0.00     31.20      0.00      0.00      7.20      0.00
07      1.00      0.00      0.00      0.00      0.00      0.00     14.60      0.00     32.00      0.00      5.00      0.40
08      0.20      0.00      4.00      0.00      0.00     57.00     27.60      0.20      0.60      0.00     75.40      0.80
09      0.00      0.00      0.00      0.00     10.60     75.00      3.60      3.60      0.20      0.00      2.20      6.20
10      0.00      0.00      0.00      0.00      0.60      2.60      0.00     10.60      0.00      7.00      0.20      7.80
11      0.00      0.20      0.00      0.00      2.60     20.40     32.40      4.20      1.60     76.00      0.00      4.80
12      0.00      0.80      0.00      0.00      0.00      1.00     47.40      2.80      0.60     16.20      0.00      4.20
13      0.60      1.20      0.00      0.00      1.00      0.00     24.00     80.80      5.00      5.20      0.00      0.00
14      0.80      0.00      7.40     19.40      0.00      0.00     41.40    132.00      1.20      0.60      0.00      3.00
15      0.00      0.00      1.60      0.00      0.00     24.60     46.80     13.60     11.80      0.00      0.00      1.60
16      0.00      0.00      0.00      0.00      2.60      2.00    108.60     34.60      7.60      0.00      0.00      4.00
17      0.00      0.00      0.00      0.00      3.40      1.20     26.40      1.60      0.00     12.20      0.00      3.40
18      0.00      0.00     18.40      0.00      0.00      0.00     32.20     11.60     29.00      4.20      0.00      0.20
19      0.00      0.00      0.20      0.00      0.00      0.00      1.60      4.20      2.80     12.60      0.00      0.00
20      0.00      0.00     12.60      0.00      0.00      0.00      0.40      0.20      0.20     16.20      0.00      0.00
21      0.00      0.00      0.00      0.20      0.00      0.20      4.40      0.00      0.00      0.20      0.00      0.00
22      0.00     13.20      0.00      6.20      0.00      2.80    208.80      2.20      1.00      0.00     16.20      0.00
23      1.00      0.00      0.00      0.00      0.00      0.00     31.20      3.00      0.40      0.00      1.60     10.80
24      0.40      0.00      0.00      0.00      0.00     18.20      1.40      2.00      0.00      0.00      1.00      1.00
25      0.00      1.00      0.00      8.40     32.40      7.20     32.80      6.00      0.00      0.00      0.80      0.00
26      1.60      0.40      0.20     85.20      0.40      0.20     23.80     49.20      0.00      0.00      0.00      0.00
27      0.00      0.00      0.00      0.00      0.00      7.80     50.00     49.20      1.00      0.00      1.00      3.60
28      0.20      0.00      0.00      0.00      0.00      0.00     27.00     22.40     12.80      3.00      0.00     10.40
29      0.20    -99.00      0.00     12.80      6.60      0.00     20.60     18.00     19.40      4.20      3.00      6.40
30      0.00    -99.00      0.60      0.00      1.40      0.00      4.80      1.00      3.20      0.00      3.40      2.40
31      0.60    -99.00      0.00    -99.00      0.00    -99.00      0.60      0.00    -99.00      0.00    -99.00      0.00
