NamDong             
   107.72000       16.164000               6
2011
01      0.00      0.00    -99.00      0.00      0.20      0.00     11.00      2.20      0.00     43.40      0.60     15.40
02      0.00      0.40    -99.00      0.00      0.00     36.00      0.00      3.20      0.00      8.20     32.80      3.40
03      0.00      0.00      4.40      0.00      0.00     25.00      0.00     23.20      0.00     66.60      0.00      0.00
04      3.60      0.00      9.80      0.00      0.00      7.00      0.00      0.40     10.80     13.00      7.60      1.20
05      1.60      0.00      0.00      0.00      0.00      0.20      0.00      0.00     55.20      1.20     48.00      1.00
06     13.00      0.00      0.00      0.00      5.60      0.00      0.00      0.00      0.20      1.80    129.40     22.40
07      6.20      0.20      9.40      1.40      0.20      0.00      0.00      4.60      0.00     18.00     63.80      2.80
08      0.00      0.00      1.00      1.40      0.00      0.00      0.00      2.80      1.40     19.60     79.20     66.20
09     23.20      0.20      2.60      7.20      0.00      0.00      0.40      0.60     25.20     95.40     10.00     24.20
10      0.20      0.00      2.40      0.40      0.00      0.00     19.40      7.40     98.40     58.80      3.60     26.80
11      1.20      2.00      0.80      0.20      0.00      0.00      0.00      0.00     17.60      2.00      0.00      0.20
12      1.20      0.00      0.00      0.00     59.40     19.20      0.00      0.00     29.80    248.40      0.20      0.00
13      0.00      3.20      0.00      0.00      0.20      0.00      0.00      0.00      1.80     26.80      1.40      0.00
14      0.20      3.20      0.00      0.20     10.00      0.00      4.60      0.00      0.00     23.60      0.60      0.00
15      1.80      0.00      5.20      0.00     27.80      0.00      6.80      0.00      0.00     78.00      0.20      9.80
16      0.00      0.40     13.00      0.00     97.00      0.00      2.00     10.60      9.60    410.20      0.00     29.00
17      0.20      0.80      8.80      0.00      7.60      0.00      0.40     24.60      0.00     58.80      0.00     10.40
18      1.80      0.80      0.00     31.40      5.40      0.00      1.80      0.20      0.00      7.00      0.20      2.00
19      0.20      3.20      0.00      0.00      0.20      0.00      2.40      4.40      0.80      9.60      0.20      8.00
20      0.80      0.60      0.00      2.40      9.80      0.00      1.20      0.20      6.40      0.00      0.20      0.00
21      6.80      0.20      0.20      0.40      0.00      0.00      0.00      6.40     48.60      1.40      5.60      1.00
22      0.20      1.20      7.60      0.00      0.00      0.00      0.00      0.20    317.60      0.00     36.20     13.60
23      3.20      2.00      5.00      0.00     16.80      0.60      0.00      0.00     48.20      0.20      1.80     25.20
24      2.00      0.80      5.80      1.60      0.00      0.80      0.00     52.60      0.40      0.40      6.00      5.60
25      0.00      0.20     12.20      0.60      0.00      4.20      0.00      9.20      8.20      7.00      0.00      0.00
26      0.40      0.00      4.00      0.00      0.00      0.00      0.00      4.00     61.00      9.00     22.20      0.20
27      0.20      0.00      4.00     15.60      0.00      1.80      0.00      6.20    119.00      1.20     45.80      0.40
28      2.00      0.20      0.80      0.00      0.20     14.00      0.00      0.20      0.20     21.20      9.60      2.60
29      8.00    -99.00      2.00      5.20      0.00      0.60      0.00     28.20      3.20      4.80     67.80      0.80
30      0.00    -99.00     19.40      0.00      0.00      0.00     11.20      0.00     33.60     19.20      0.80      0.20
31      0.00    -99.00      7.40    -99.00      0.00    -99.00      2.40      0.00    -99.00     13.60    -99.00      0.20
2012
01      2.80      0.20      1.20      0.20      0.00     38.20      0.20      0.00      1.00      0.20      1.20      0.00
02      1.00      2.20      0.60      0.00      0.00     27.60      2.40      0.20      0.60      0.00      0.20      0.60
03      0.00      2.60      0.20      0.60      0.00     23.60     37.80      0.00      0.20      0.00      0.00      2.00
04     15.60      0.00      0.20      0.00      0.00      0.20     48.00      0.00      2.20      0.00      0.40      2.00
05      0.20      0.00      0.20      4.60      0.00      0.00     13.80      0.00     30.80      0.00      8.60     29.20
06      0.60      0.00      0.00      0.20      0.00     13.00      1.20      0.00     10.80     10.80      0.20      0.60
07      1.00      2.40      0.00     26.60      3.80      2.60      0.00      0.00      8.40    142.40      2.60      0.00
08      1.40      0.40     16.60      0.20      7.20      8.40     11.40      0.60      0.20     79.00      0.00      0.00
09      5.00      0.20      2.80      0.00      2.80      0.60      0.20      0.40      0.00      3.00      0.00      0.00
10      1.40      0.40      6.60      0.80      0.00      0.00      0.00      0.00      0.00      3.00      0.00      0.00
11      0.40      0.00      4.80      0.20      0.00      0.00      0.00      0.00      0.40     26.20     10.00      0.00
12      0.20      0.40      1.80      0.00      5.00      0.00      0.00      0.00      0.40      0.00      6.60     11.40
13      0.20      0.40      1.00      0.00      0.00      0.00      0.00      0.20      5.00      0.20     52.20      6.00
14      0.20      0.00      0.40      0.20      0.00      0.00      0.00      0.00    214.40      0.00      4.40      1.40
15      0.20      0.00      0.20      0.00    112.40     22.40      0.00      2.40    109.00      0.20      4.80      0.60
16      0.40      2.60      0.00      0.00     20.00     53.00      0.00      0.20     16.60      0.00      2.20      0.00
17      0.60      5.20      0.40      0.00      0.00      0.00      0.00      0.20      0.40      0.20     84.20      0.00
18      0.60      7.40      0.00      0.00     15.20     10.80      0.00      0.00      0.20      6.00      0.40     61.00
19      1.00      7.40      1.20      0.00      0.00      0.00      0.80      0.00      0.00      0.40      1.80     14.80
20      1.60      0.20      0.00      0.00      0.00      0.00      0.00      0.00      0.00      1.40      0.60      0.00
21      1.80      0.20      0.20     35.80      0.00      0.00      0.00      1.40      0.00      0.20      0.00      0.00
22     64.20      0.00      0.00      0.20      0.20      3.20      0.60     10.60      0.00      0.00      0.00     88.80
23      5.00      0.20      5.40      0.00      0.00      0.40      6.80      1.60      0.00     10.80      0.00     77.00
24      1.20      0.00      0.20      0.00      0.00      0.00      1.20      0.20      0.00      0.20     39.20      1.00
25      5.60      0.20      0.00      0.00      0.00      0.00      0.40      0.40      0.00      1.20      0.20      0.20
26      0.60      5.40      0.00      0.00     10.60      0.00      0.40      0.20     24.40      5.60      4.60      6.40
27      0.60      1.20      0.00      0.00      4.00      0.00      0.00      0.80     60.60     33.40     19.00      5.60
28      0.00      4.60      0.00      0.00     38.00      0.00      0.20      1.20     50.40     32.20      0.00      3.20
29      3.60      0.60      0.00      0.00      6.00      0.00      0.20      2.80     38.60      0.00      0.00      6.20
30      6.00    -99.00      0.00      0.00      1.20      0.00      0.00      2.60      5.40      9.20      0.00     23.40
31      2.40    -99.00      4.00    -99.00     23.40    -99.00      0.20      1.60    -99.00      6.80    -99.00      2.80
2013
01      0.00      0.20      0.00      1.80     41.00    -99.00    -99.00      0.00      1.00    -99.00      1.60      1.40
02      0.80      0.00      2.40      0.80     17.00    -99.00    -99.00      5.20      0.00    -99.00      0.20      0.00
03      0.00      0.20     12.60      0.00      2.40    -99.00    -99.00      4.00      0.00    -99.00      0.20      0.00
04      1.40      0.20      1.80      0.00      0.60    -99.00    -99.00      0.00      0.00    -99.00      1.20      0.60
05      5.80      0.60      0.00      0.00      0.00    -99.00    -99.00      6.80     42.60    -99.00     71.80      2.40
06     14.80      0.20      0.40      1.00      0.00    -99.00      0.00      0.20     28.00    -99.00     21.20     10.60
07      3.40      0.00      0.20      0.00      0.00    -99.00      0.00     41.60     55.40    -99.00      6.60      0.00
08      1.20      1.60      0.00      0.20      0.00    -99.00      6.20      4.20      2.20    -99.00      2.80      0.20
09      0.60      1.40      0.00      1.20      0.00    -99.00      0.20     24.40      8.40    -99.00      4.00      0.00
10      0.00      2.60      0.00      1.40      0.00    -99.00      0.00      0.20     70.80    -99.00     19.60      0.00
11      0.40      0.00      1.40      0.60      0.00    -99.00      0.00      0.00     28.60    -99.00      0.20      0.00
12      0.00      0.00     10.20      1.40      0.00    -99.00      0.00      5.20     47.60    -99.00      8.80      1.20
13      0.00      6.20     16.40      0.80      0.00    -99.00      0.00      1.60      9.80    -99.00      8.80      6.20
14      0.00      0.20      0.60      0.40     37.20    -99.00      0.00      0.00      1.20    -99.00     10.00      0.80
15      0.20      0.40      0.00      0.20      0.00    -99.00      0.00      0.00      0.00    -99.00     59.00     26.20
16      0.20      5.80      0.40     14.00      0.00    -99.00      0.00      0.00      0.00    -99.00     19.00     26.40
17      1.60      0.00      0.00      9.40      0.00    -99.00     22.00      0.00      8.00    -99.00      8.20      8.60
18      3.40      0.00      0.00      1.00      0.00    -99.00      1.80      0.00    145.40    -99.00     25.20      1.60
19      0.20      0.20      0.60      0.00      0.00    -99.00     23.60      0.00    134.60    -99.00     26.00      0.00
20      0.00      0.00      2.60      0.60      0.00    -99.00     36.00      2.40     51.20    -99.00      3.20      0.00
21      0.00      0.60      0.00      0.00      0.00    -99.00      1.60     10.00      1.20    -99.00      5.60      0.00
22      0.20     26.80      4.60      0.00      7.00    -99.00      2.40      4.60      0.20    -99.00      7.60      0.00
23      0.00     15.80      0.00      4.80    -99.00    -99.00     13.20      0.00      0.00     18.80      3.20      0.00
24      0.00      1.80      0.00      0.00    -99.00    -99.00      1.40      0.00      0.00      1.60      1.80      0.00
25      2.00      1.40      4.80      0.20    -99.00    -99.00      3.40      0.00      0.20      0.80      9.60      0.00
26      0.40      0.20      0.00      0.00    -99.00    -99.00      0.40      0.00     69.40      0.00      0.00      0.00
27     11.80      1.80      0.00      0.00    -99.00    -99.00      1.40      0.40     29.20      0.20      1.20      0.80
28      1.00      1.20      0.00      0.00    -99.00    -99.00      3.60      6.40     35.00      0.20     43.20      0.00
29      1.40    -99.00      1.40      2.20    -99.00    -99.00      1.00      0.00     14.80      1.00      1.00      0.00
30      0.20    -99.00      0.00      0.00    -99.00    -99.00      0.60      0.00     80.20      5.60      0.20      0.00
31      3.00    -99.00     10.80    -99.00    -99.00    -99.00      0.00      0.40    -99.00      0.00    -99.00      0.00
2014
01      0.00      0.20      0.00      0.00      0.00      0.00      0.00      0.00     17.00      0.00      1.00     89.40
02      0.00      0.20      0.20      0.20      0.00      0.00      0.00      0.00     35.60      0.00      0.00     29.00
03      0.20      0.20      0.60      0.00      0.20      0.00      0.00      0.00      4.60      0.00     45.20      7.40
04      0.00      0.20      1.60     19.80      1.80      0.00      0.00      0.00     15.80      0.00     10.00      5.40
05      0.00      0.20      3.60      0.40      0.20      0.00      0.00      0.00      0.20      3.00      0.80      0.20
06      0.00      0.00      0.40      0.00      0.20      0.40      0.00      0.00      0.00     26.40      0.00      0.60
07      0.20      0.20      0.60     10.20      0.80      0.20      0.00      0.20      0.20     73.00      0.20      1.40
08      0.20      0.00      0.20      4.80      1.80      1.80      0.00      0.00      0.00      0.00      0.00      0.60
09     10.40      1.20      7.40      1.80      1.80      0.00      0.00      0.00     58.00      3.00      0.80      0.00
10      1.00     14.40      2.00      0.20      0.20      0.00      0.00      0.00     65.80      0.00      0.00      7.00
11      1.00      7.80      0.40      0.00      0.00     26.60      0.00      0.00      0.20      0.00      0.20      0.40
12      0.00      0.40      0.00      0.00      0.00      9.40      0.00      0.00      9.00      2.40    179.80      6.40
13     13.00      6.80      0.00      0.00      0.00     15.80      1.00     13.60      0.00     46.60     61.80      3.00
14      0.40      1.60      0.00      0.00      0.00      0.20      0.80    -99.00      0.00     12.80     15.00      0.00
15      0.00      0.00      0.60      0.00      0.00      0.00      0.00    -99.00      1.60      1.40     15.40      7.40
16      0.00      0.20      1.60      0.00      0.00      0.00      0.00    -99.00     30.60      1.60     13.40     34.20
17      0.00      0.00      0.80      0.00     14.80      0.00      6.80      0.20      0.00     24.00     18.60      0.00
18      0.00      5.20      0.00      0.00      0.00      0.00      0.00      1.60      0.00      3.80     21.20      0.00
19      0.40      6.40      0.00      0.00      0.00      0.00      6.20      0.00      0.00     14.40     12.20      0.00
20      2.40      0.00      0.60      0.00      0.00      0.00    -99.00      0.80      0.20      4.20      0.00      0.00
21      0.00      0.00     18.20      0.00      0.00      0.00      0.00      2.00      0.00      0.40      0.20     11.80
22      0.00      0.20      2.00      0.00      0.00      0.60     19.80      0.00      2.40     10.20      0.00      3.60
23      0.00      1.20      1.40      0.00      0.00     13.00      7.20      0.00      1.40     26.00      1.60      0.00
24      0.20      0.20      0.00      0.00      0.00      0.00      0.20      3.20      0.40     12.20      4.00      7.40
25      0.20      0.00      0.00      0.00     23.60      0.00      0.00      0.80     17.20     12.00     12.00      0.00
26      0.20      1.80      0.00      0.00      0.00      0.00      0.00     33.40      0.00      7.60      4.00      2.40
27      2.00      0.40      0.60      0.40      0.00      0.00      0.00      3.00      0.00     21.00      0.00      3.40
28      0.00      0.00      0.20      1.00      0.00     14.20      0.00     31.60      0.00     17.00      0.00     20.40
29      0.00    -99.00      0.00      7.40      6.00      9.00      0.40      0.20      0.00      0.20      0.20      0.00
30      0.20    -99.00      0.00      0.20      0.00     15.20     35.00      3.80      1.40      5.80     72.60      0.00
31      0.20    -99.00      0.00    -99.00      0.00    -99.00      0.60     11.60    -99.00     24.80    -99.00      0.20
2015
01      0.00      1.80      0.20      0.40      0.00      0.00      0.00     25.00      0.00      0.00    191.20      0.60
02      1.80      7.40      0.00      0.00     34.80      0.00      0.00      0.40      0.20      0.00    155.00      0.00
03      0.00      2.00      0.20      0.00      0.00      0.00      0.00      8.00      0.00      0.00      1.80      0.00
04      0.00      0.60      0.40      0.00      0.00      0.00      0.00     15.40      0.60      0.00     61.40      1.00
05      0.00     14.60      0.60      0.00      0.00      0.00      0.00      0.00      0.00      0.00     90.60      0.00
06      0.00      6.60      0.20      0.40      0.00     32.40      1.60      0.00      0.00      0.00     99.60      8.80
07      9.60      0.00      0.00      0.20      0.20     19.40      6.40      0.00      0.00      0.00      3.00      1.00
08     12.00      6.80      0.00      0.00      0.00      0.00      0.00      0.00      3.40      0.00      3.20      0.00
09      6.20      0.20      0.20      1.60     42.20      0.00      0.00      0.00      0.00      0.00      0.80      0.20
10      0.20      0.00      0.60      0.40      0.00      0.00      3.20      0.00      6.60      0.00      0.00      0.00
11      0.00      0.80      0.00      1.40      0.00     11.40      0.80      0.00      3.20      0.00      0.20      0.00
12      0.00      1.00      3.40      1.00      0.00     20.80      5.80      0.00     19.60      0.20      0.20      0.00
13      0.40      0.00      0.20      0.20      9.40      0.00      0.00      0.00     39.20     17.40      0.00      0.00
14      0.00      0.00      0.00      0.00      0.00      0.00      0.00      0.00    310.60     61.00      0.00      0.00
15      0.00      0.40      0.00      0.00      0.00     34.40      0.00      0.00     99.60     22.00      0.00     47.40
16      0.00      0.00      0.00      0.00      0.00      0.00      0.00      0.00     30.40      0.20      0.00     64.00
17      0.20      0.00      0.00      0.00      0.00      0.00      5.60      0.00      0.00      0.20      0.00      1.20
18      0.40     10.00      0.00      0.00      0.00      0.00      9.00      0.00    -99.00      0.20      0.20      0.40
19      1.60      1.80      0.00      0.00      0.00      0.00     27.20      0.00    -99.00      0.20      5.60      0.60
20      0.00      0.20      0.00      0.00      0.00      0.00      2.00      0.00    -99.00      0.00      2.80      0.20
21      0.20      6.00      0.00      0.40      0.00     19.40      0.00      0.00    -99.00      0.00     22.60      0.60
22      0.20      1.00      0.00      0.00      0.00     35.60      0.00      0.00    -99.00      0.00     19.60      2.00
23      0.20     10.00      2.20     13.00      0.00     73.60      0.00      0.00    -99.00      0.00     18.20      0.00
24      0.00      0.20     10.80     52.40      0.00      1.80      0.00      0.00    -99.00      0.00      3.40      0.00
25      0.20      0.00      4.00     18.40      0.00      0.00      0.20      0.00    -99.00      0.00      0.00      0.40
26      0.20      7.40      4.00     26.20      0.00      0.00      2.00      0.00    -99.00      0.00    113.00      0.20
27      0.00      0.20     27.80      0.20      0.00      0.00      7.60      0.00    -99.00      4.40     11.00      0.40
28      0.00      0.00      6.00      5.80      0.00      0.00     12.80      0.00    -99.00      0.00      3.40      2.20
29      0.00    -99.00      1.80     10.60      0.00      0.00      7.00      0.00    -99.00      0.00     26.60      3.00
30      0.20    -99.00      0.00     31.00      0.00      0.00     13.40      0.00    -99.00      0.00      0.20      4.80
31      0.00    -99.00      0.00    -99.00      0.00    -99.00      8.20      0.00    -99.00     11.20    -99.00     40.00
2016
01      6.00      9.40      0.00      0.00      0.00      0.00      0.00      0.00      6.40      0.00    145.20      2.60
02      0.40      4.00      1.60     23.60      0.00      0.00      0.00      0.00      0.00     16.40     41.40      1.20
03      0.00      0.20      0.00      0.20     11.40      0.00      0.40      0.00      0.20      3.40      6.00      0.20
04      0.20      0.00      0.00      0.00      0.20      0.00      0.00      0.00      0.00      0.00      2.00      0.20
05      0.00      0.40      1.00      0.00      0.00      0.00     17.20     25.00      0.00      0.00      0.00      6.20
06      0.00      0.80      1.20      0.00      0.00      0.00      4.20      0.00      0.60    111.60     15.60      8.20
07      0.00      0.00      0.20      0.00      0.00      0.00      1.60      0.00      0.60      0.40     24.60      4.00
08      0.00      0.00      0.00      0.00      3.40      0.00      0.00      0.00      0.00      0.20     49.80      0.40
09      0.80      0.00      0.00      0.60      0.00      0.00      0.00      0.00      0.00      0.00      1.60      0.00
10      0.00      0.00      7.00      0.00      0.00      0.00      0.00      0.00      0.00      0.00      0.80      0.00
11      1.40      0.00      6.80      0.00      0.60      0.00      0.00      0.60      6.00     13.80      0.00      0.00
12      1.40      0.00      0.20      0.00      0.00      0.00      0.00      0.00     16.20     13.40      0.00     15.80
13      8.40      0.00      1.60      0.00     48.60      0.00      0.00      3.40    109.60     68.80      0.00     14.80
14      0.80      0.00      0.00      0.00      0.20      0.00      0.00     11.40      0.00    523.00      0.20     70.20
15      3.60      5.00      0.00      0.00      0.00      0.00      0.00      2.40      0.00     68.60      0.00    121.60
16      3.40      1.00      0.00      0.00      9.40     17.80      0.00      1.60      0.00     24.80      0.20     46.60
17      4.20      0.00      0.00      0.00      0.00      0.20      0.00      0.00      0.00      0.80      0.60      0.60
18      6.40      0.00      0.00     16.20      5.00      0.00      0.00      2.80      0.00      0.00      6.40      0.80
19      1.40      1.20      0.00      0.80      0.00      0.00      0.00      3.80      0.00      0.00      0.00      7.00
20      0.00      0.60      0.00      0.00      0.00      0.00      0.00      0.20     60.80      0.00     14.60      3.40
21      0.60      0.00      0.20      0.20     15.40      0.00      0.00      0.00    116.80      0.00     14.60      0.20
22      1.20      0.00      0.20      9.20      0.00      0.40      0.00     33.60    251.60      0.60      6.60      3.80
23     26.00      3.20      0.60     20.60      3.40      7.20      0.00     13.20     66.60      0.00      0.80     12.80
24     21.80     15.40      6.00      0.00      9.60      1.40      0.00      1.80     28.80      7.60    245.80      1.20
25      0.40      2.20     11.00      0.00      1.00      0.00      0.00      2.60      2.40      1.80      0.80      2.00
26      0.20      0.00      0.40      0.00      0.20      0.00      0.00      0.20      0.60      1.40     19.00      0.00
27      0.00      0.00      0.40      0.20      0.00     32.80      0.20      0.00      0.00      0.00      1.00      6.60
28      0.00      0.20      4.20      0.00      0.00     36.00      1.60     79.60      0.20      0.40      0.00      0.20
29      1.00      0.00      2.00      0.00      0.00     25.40      3.00     26.00      0.80     30.40      1.80      1.80
30      4.40    -99.00      0.00      0.00     27.40      0.00      0.00      0.00      0.80     48.00      5.20      0.40
31      0.60    -99.00      1.40    -99.00      0.20    -99.00      0.00      0.00    -99.00    128.60    -99.00      3.40
2017
01      2.00     26.00      1.20      0.00      0.00      0.00      1.00      4.00      0.00      1.60      8.40      0.80
02      4.80     26.80      0.00      1.40      0.00      0.00      0.00      0.00      0.00     19.00      1.80     35.20
03      5.40      7.80      0.00      0.80      0.00      0.00      0.00      0.00      0.00     23.20      0.00     10.40
04      5.20      0.80      0.00      0.00     11.60      0.00      0.00      0.00      0.20      2.40     82.60     35.20
05      0.80      0.20      0.20      0.40      0.20      0.00      0.00      0.40      0.40      2.20     97.00      4.40
06      0.20      0.20      0.00      0.20      0.00      0.00      0.00      4.60      0.00      0.20      3.20      0.00
07      0.00      0.20      0.00      0.00      0.20     45.00      0.20      0.00      3.60      1.40     15.60      0.80
08      3.20      1.80      5.00      0.00      0.00     17.80      0.00      0.00      0.00     33.60     26.20     33.00
09     17.60     10.40      0.40      0.00     29.60     36.60      0.00      0.00      0.00     70.60     26.20      0.80
10      1.60      2.40      0.20      0.00      3.40      0.20      0.00      0.00      0.00     21.00     80.60      0.00
11      3.20     10.20      0.00      0.00      0.00      0.00     35.40      0.00      0.00     64.20      3.00      2.20
12     19.20      0.80      0.20      7.20      0.20      0.00     51.00      0.00      0.00      5.40      0.00      0.00
13      1.40      0.60      0.20      0.40     18.40      0.00      0.60      0.00      0.00      4.20      0.00      0.00
14      0.40      0.00      2.80      0.00      1.20      0.00     36.60      0.00    100.40      0.80     21.00      0.00
15      7.40      2.40      2.80      0.00     50.00      0.00      1.00      0.00    185.80      0.60      3.60     13.20
16      4.20      0.20      6.00      0.00     25.00      0.00     73.60      0.00     16.40      0.00      2.80    105.60
17      1.40      0.00      2.80      0.00      0.00      0.00     12.40      0.00      0.20      0.00      0.00      0.00
18      0.00      0.20      5.40      0.00      0.20      0.00      0.00     10.20      2.00      8.40      0.20      0.00
19      0.60      0.00     17.60      0.00     45.00      0.20      0.00      6.60      0.00     15.80     60.60      0.00
20     10.80      0.00      0.40      0.00     34.00      3.40      6.80      0.20      0.00      0.00    151.60      0.00
21     20.20      0.20      9.80      0.00      0.00      0.00      0.00      0.00      0.00      4.40     12.20      0.00
22     57.60      0.00      0.00      1.40      6.60      0.00      0.80      0.00      0.00      0.20     16.00      0.00
23     13.40      3.20      0.20      0.00      0.00     14.80      4.00      0.00      9.20      1.60     15.20      2.60
24      0.40      3.60      0.40      0.80     10.40     12.40      0.00      0.00      0.60      2.00      0.00     14.80
25     18.60      5.80      0.00      0.20     43.80      0.00     98.60      0.20      2.00     13.00      0.00      0.00
26      1.60      2.20      5.00      0.00      1.20      0.00     58.20     32.60      0.00      0.00      0.00      8.00
27      0.20      0.00      1.40     12.00      0.00      0.00     35.20     36.60     31.40      0.60      0.40      1.60
28      0.20      0.00      0.00      2.20      0.00      0.00      7.60     42.40      1.20     13.80     13.80      0.20
29      0.20    -99.00      0.00      0.20      0.00     35.00      0.00     14.20     13.80      7.40     10.20     11.00
30      1.00    -99.00      0.00      0.00      0.00      0.00      0.20     33.40     39.40      0.80      3.60      2.20
31      0.00    -99.00      2.20    -99.00      0.00    -99.00      0.00      0.80    -99.00      0.80    -99.00     30.80
2018
01      2.80      1.00      0.40      0.00      0.80      0.00      0.00      0.00      0.00     25.80      0.00      2.80
02      2.00      4.20      0.00      0.00      0.00      0.00      0.00      0.00      0.00     23.00      0.00      0.20
03     16.40      0.20      0.20      0.00      0.00      0.00      0.00      0.80      0.00     35.00      0.60      0.00
04     11.00      0.00      0.00      0.00      0.00      0.60      0.00      0.00      0.00      5.20      0.00      0.00
05      8.00      0.80      0.00      0.00     82.20      2.20      0.00      0.00      0.00     21.40      0.00      0.20
06      1.20      0.00      0.20      0.00      1.40      1.40      0.00      0.00      0.00      0.00      6.80      0.20
07      0.20      0.00      0.00      4.40      0.00      0.20      0.00      0.00      0.20      0.80      6.60     71.20
08      6.80      0.20     37.20      0.00      0.00      0.00      0.00     10.60      1.80      0.00     10.40     96.20
09      8.80      0.00      0.40      0.00      0.00      0.00      0.00      2.40      1.60      0.00     58.60     96.80
10      0.00      0.20      2.00      0.00     15.80      0.00     42.40      0.00      0.00     21.20      8.00     23.20
11      0.00      3.00      0.00      0.00      0.00      0.00      1.20      0.00      0.00     99.60      0.60     43.60
12      0.00      9.40      0.20      0.20      0.60      0.20      6.60      1.20      0.00     67.80      0.60     23.20
13      0.20      0.40      0.00      0.00      2.80      0.00      0.00      6.80      0.20     12.00      5.80      0.60
14      1.00      0.00     27.80      0.00      0.20      3.40      1.80      0.00      4.20      0.20      3.80      0.60
15      0.00      0.00      1.00      5.20      0.00      0.80      7.80      0.00      7.20      0.00      0.00      2.00
16      0.00      0.20      0.00      7.20      0.00      0.00      0.80      3.80      0.00      0.00      0.20     12.20
17      0.00      0.00      0.00      0.00      0.20      0.00     19.40      2.00      0.00      2.40      0.00      1.40
18      0.00      0.00      0.00      0.00      0.00      0.00     26.80      0.00     24.40      0.80      0.00      0.00
19      0.00      0.20      0.20      0.00      0.00      0.00      0.60      0.00      0.60     53.40      0.00      0.20
20      0.60      1.00      9.80      0.00      0.80      0.00      3.20      0.00      0.80     20.80      0.00      0.00
21      0.60      3.00      0.00      0.00      0.00      0.00     19.60      0.00      0.40      0.20      0.20      0.00
22      1.00     12.20      0.00     38.60      0.00      0.00    112.20      0.00      0.20      0.20     96.60      0.00
23      0.60      6.40      0.00      0.00      0.00      0.00      0.00      5.80      4.60      0.00      7.00      7.00
24      2.40      0.00      0.20      0.00      0.00      1.80      1.40      0.20      0.20      0.20      6.60      0.40
25      3.60      6.40      0.00     47.40      5.20     10.80      3.80      8.80      0.00      0.00     14.00      0.00
26      1.00      6.00      1.20      2.60      0.00      0.20      5.40      7.20      0.00      0.20      5.20      1.20
27      8.20      0.20      1.20      2.80      0.00     39.40      4.60      0.00     26.00     12.00      1.60      1.40
28      2.20      0.00      0.00     45.60     24.80      0.00     10.20      1.80      1.40     31.40      0.20      0.40
29      9.00    -99.00      0.60     21.20      0.00      3.80     10.20      1.60     42.40      8.20      4.60     36.40
30      0.40    -99.00      0.00      8.20      0.00      0.00      0.00      0.00      0.00      0.60     10.40      5.00
31      2.00    -99.00      0.00    -99.00      1.00    -99.00      6.00      0.00    -99.00      0.00    -99.00      0.20
