NongSon             
   108.03400       15.703000              19
2011
01      0.00      7.60      0.00      0.00      0.00      0.00      0.00     28.20      0.00     58.00     10.00     47.20
02      0.60      0.20      1.20      0.00      0.00      0.00      0.00      0.00      0.00     14.00      0.20      8.80
03      0.00      0.00      2.40      0.00      0.00      0.00      0.00      0.60      0.00     30.60      2.40      1.40
04     25.00      0.00      5.00      0.00      0.00      0.00      0.00      0.00      4.00     36.20     89.40      0.00
05      3.00      0.00      0.60      0.00      0.00      0.00      0.00      0.00      3.20      2.80      4.00      2.00
06     27.00      0.20      0.00      0.00      0.00      0.00      0.00      0.00      0.00      0.00     37.00      4.60
07     35.80      0.20      1.60      0.00      0.00      0.00      0.00      0.00      0.00      0.40    219.20     10.40
08      2.40      0.00      0.00      0.00      0.00      0.00      0.00      0.00     33.40     20.20     90.40      4.60
09     23.40      0.00      0.00      0.00      0.00     14.20      0.20      0.00     11.40    270.80     10.60     64.00
10     13.00      0.00      0.20      0.00      0.00      1.60      0.20      0.00     15.00     39.00      1.80     68.20
11      1.40      0.00      0.00      0.00      1.20      0.00      0.00      0.00      6.20     26.00      0.00     30.00
12      0.00      0.00      0.00      0.00      0.40      0.00      0.00      0.00     49.60      0.80      0.00      0.00
13      0.80      0.00      0.00      0.00      1.80      0.00      0.00      0.00      2.00     46.00      2.40      0.00
14      0.00      0.00      0.00      0.00     25.40     39.80      0.00      0.00      0.60      4.00     12.40      2.00
15      7.80      0.00      0.00      0.00      0.00      0.00      0.00      1.80      0.00     12.60     29.00     31.00
16      1.60      0.00      4.20      0.20      0.60      0.00      0.00      0.20      4.60    370.40     53.20    105.60
17      0.20      0.00      1.60      0.00     38.60      0.00      0.00      5.20      0.00    201.60      0.00     30.20
18      0.40      0.00      0.00     21.40      0.00      0.00      0.00      0.20      0.00     29.40      0.00      6.00
19      6.20      0.00      0.00      6.00      0.00      5.20      0.00     10.60      0.00     20.00      0.00      0.20
20      0.20      0.00      0.00      5.80     11.60      2.80      0.00      1.20      9.80      0.00      4.60      2.20
21      3.00      0.00      0.00      0.00      0.00      0.00      0.00      0.00     49.20      1.00     17.40      4.40
22      0.40      0.00      1.40      0.00      0.00      0.00     15.60      0.00    119.00      0.00      4.40      8.40
23      0.60      0.00      7.20      0.20     10.00      3.60      0.00      0.00     39.20      0.00      0.00     14.40
24      1.40      0.00      4.20      0.80      0.20      1.00      0.00      0.00     40.80      0.60      6.80     32.00
25      2.40      0.20     14.00      4.40      1.40      0.20      0.00      0.00     30.20     12.60     79.40      2.00
26      2.80      0.00      1.40      0.00      0.40      0.00      0.00      0.00    140.20      0.00     41.20      0.00
27      7.00      0.00      0.40      0.00      0.00      0.00      0.00      0.00     35.20     25.80     12.60      2.40
28     11.60      0.00      0.40      0.20      0.00      0.00      0.00      0.00      0.00      2.00      0.00      0.60
29      8.00    -99.00      4.00      0.00      0.00      0.20      0.20      0.00      0.60      1.40      1.20      0.00
30      2.40    -99.00      6.40      0.80      0.00      0.00      2.20      0.00      0.60      9.00      2.80      7.20
31      2.20    -99.00      1.20    -99.00      0.00    -99.00      2.40      0.00    -99.00     23.80    -99.00      9.80
2012
01      4.20      0.00      0.00      5.20      0.80      0.00      3.00      0.80      0.20      0.00     10.00      0.00
02      1.80      0.00      0.00      1.60      0.00      1.20     11.60      0.00      0.20      5.00      1.60      0.00
03      0.00      0.40      0.00      0.00      0.80      0.00      0.00      0.00     14.60      0.00      0.00      0.00
04      4.20      0.00      0.00      0.40      0.00      0.00      0.20      0.00    149.80      0.00      6.40      0.00
05      0.00      0.00      0.00      5.40      0.00      0.00      0.00      0.00     20.20      0.00     18.60      6.40
06      0.00      0.00      0.00      0.20      0.00      0.00     35.00      0.00      3.00     67.40      0.60      0.00
07      1.60      0.00      0.00      5.00      0.00      3.00      0.00      0.40      1.00    122.60      0.00      0.00
08      1.00      0.00      0.00      0.00      0.00      2.80      0.00      1.40      0.00     29.00      0.00      0.00
09      0.80      0.00      0.00      0.00      0.00      0.40      0.00      0.00      0.00      0.20      0.00      1.00
10      0.20      0.00      0.00      0.00      0.00      0.00      0.00      0.00     12.00     21.60      0.00      0.00
11      3.20      0.00      0.00      0.00      3.80      0.00      0.00      0.00      5.00      0.60     22.60      0.00
12      8.40      0.00      0.00      0.00      0.00      0.00      0.00      0.00      3.20      0.00     48.20     12.40
13      5.00      0.00      0.00      0.00      0.00      0.00      2.00      0.00     18.20      0.00      3.20      1.20
14      0.00      0.00      0.00      0.00      0.00      0.00      0.00      0.20     11.20      0.00      0.80      0.00
15      0.00      0.00      0.00      0.00      0.20      0.00      0.00      0.40     16.00      0.00     67.80      0.00
16      3.80      1.20      0.00      0.00     76.20      5.20      0.00      0.00      0.00      0.00     88.20      0.00
17      0.00      5.80      0.00      0.00      0.20      0.20      0.00      0.60      0.20      0.00    118.40      0.00
18      0.00     13.80      3.40      0.00      6.80      1.60      0.00      0.00      2.60      0.00      0.60      0.60
19      0.00     14.60      0.00      0.00      0.20      0.00      0.00      0.00      0.00      0.20      8.00     27.80
20      0.00      0.40      0.00      0.00      0.00      0.00      0.00      0.00      0.00      0.00      2.20      0.00
21      0.40      0.00      0.00     16.40      0.00      0.00      0.00      0.00      0.00      0.00      0.00      0.00
22     14.80      0.00      0.00      0.00      2.80      0.00      0.00      3.80      0.00      0.00      0.00     10.20
23      1.40      0.00      2.20      0.00      0.00      0.00      0.40     12.00      0.00      6.00      0.00     97.80
24      0.00      0.00      1.60      0.00      0.00      0.00      0.00     11.80      0.00      0.00      0.00     43.60
25      1.20      0.00      0.00      0.00      0.00      0.00      1.00     10.40      7.60      0.00      0.00      0.40
26      0.00      0.00      0.00      0.00      0.00      0.00      0.00      0.00     49.60      3.40      0.00      3.20
27      0.00      0.00      2.00      0.00      2.80      0.00      0.00     14.00     24.00     89.60      0.00      2.40
28      0.00      0.00      0.00      0.00      0.00      0.00      0.00     41.80     33.80     18.60      0.00      0.60
29      0.40      0.00      0.00      0.00      0.40      0.00      0.00      0.00      5.80      0.00      0.00      3.60
30      1.40    -99.00      0.00      0.00      6.60      3.00      0.00      0.00      0.40     34.60      0.00     25.80
31      1.40    -99.00      3.00    -99.00     30.40    -99.00      0.00     27.20    -99.00     40.40    -99.00      2.20
2013
01      0.00      0.00      0.00    -99.00      4.00      0.00     35.20    -99.00      2.00      0.60      0.00     14.20
02      0.00      0.00      0.00    -99.00      0.00      0.00     16.20      4.40      0.00     14.00      0.00      0.80
03      0.20      0.00     24.40    -99.00      0.00     33.80      0.00      1.00      0.00     14.40      0.00      0.00
04      1.40      0.20      3.80    -99.00      1.80      0.20      0.00      0.00      0.00      2.80      8.00     12.80
05      0.00      0.00      0.00    -99.00      0.00      0.00      0.00      0.00      0.00      0.00     81.00      0.20
06      4.20      0.00      0.00    -99.00      0.00      0.00      0.00      0.00      0.00      8.40      3.40      1.20
07      4.00      0.00      0.00    -99.00      1.20      0.00      1.60     13.20      9.20      0.20      3.60      0.00
08      0.40      0.60      0.00    -99.00      0.00      0.00      0.00      0.00      1.20      0.00      0.00      0.00
09      4.60      1.20      0.00    -99.00      0.00      0.00      1.80      0.00      4.00      0.00      6.60      0.20
10      0.00      0.40      0.00    -99.00      1.40     11.40      6.20      0.00     75.20      0.00     60.00      0.00
11      1.40      0.00      0.00    -99.00      3.20     10.40      0.20      0.00      6.80     33.20      0.00      0.00
12      0.80      0.00      0.00    -99.00      0.00      0.60      0.00     11.80      0.80      0.00      0.00      0.00
13      0.00      0.00      0.00    -99.00      0.00      0.00      0.00      0.00     19.00      1.80      0.80      0.80
14      0.00      0.00      0.40      0.00      0.00      0.00      0.20      0.00      1.20     31.40     22.60      4.60
15      0.00      0.00      0.00      0.00      0.00      0.00      0.20      0.00      1.60     81.40    412.20      4.80
16      0.00      0.00      0.00      0.40      0.00      0.00      0.00      0.00      0.00     22.80     97.40      6.20
17      0.20      0.00      0.00      1.60      1.20      0.00      0.00      0.00     49.40     18.60     19.20      1.20
18      1.00      0.00      0.00      1.40      0.00      0.00      0.00      0.00    171.00      4.80      7.40      1.40
19      1.00      0.00      0.00      0.00     18.20      0.00     38.60      0.00      2.80     18.80      0.80      0.00
20      1.20      0.00      0.00      0.00      0.20      5.20      4.40      0.00      2.00     26.40     20.80      0.00
21      0.00      1.40      0.00      0.00      0.00      0.00      0.00      0.00      1.20     68.60      3.00      3.80
22      0.20      0.00      0.00      0.00      0.00     12.60      0.00      0.20      5.20     14.80      1.60      1.20
23      0.00      3.20      0.00      2.20      0.00      0.00     27.00      0.00      0.00      8.20      0.00      0.00
24      0.00      8.40      0.00      0.20      4.00      0.20      0.00      1.20      0.00      0.40      0.20      0.20
25      4.80      0.20      0.00      0.00      0.20      1.80      0.00      0.00      6.20     17.40     40.20      0.00
26      0.00      0.00      0.00      7.20      0.00      0.00      0.00      3.20     21.20     16.60      2.20      0.00
27      0.00      0.00      0.00      0.20      0.00      0.00      0.00      0.00     27.20      2.60      0.00      1.60
28      0.00      0.00      0.00      0.00      0.80      0.00      0.00      0.00      1.60      0.20     93.40      0.20
29      0.00    -99.00      0.00      0.00      0.00      0.00      0.00      0.00      4.00      1.00     17.20      0.60
30      0.00    -99.00      0.00      0.20      0.00      0.00      0.00      1.00     60.40      3.60      5.00      0.40
31      0.00    -99.00      0.00    -99.00      0.00    -99.00      0.00      0.00    -99.00      0.00    -99.00      0.00
2014
01      0.00      0.00      0.00    -99.00      8.00      0.00    -99.00      0.00      7.80      0.00      0.60    131.60
02      0.00      0.00      0.00    -99.00      0.00      0.00    -99.00      4.20     10.20      0.00      0.20     85.40
03      0.20      0.00      0.00    -99.00      1.00      0.00    -99.00      0.00      0.20      0.00     11.00     64.60
04      1.00      0.00      0.00    -99.00      3.60      0.00    -99.00      0.00      0.00      0.00     49.60      6.80
05      0.00      0.00      0.60    -99.00      0.00      0.40      0.00      0.00      0.00     90.00      0.20      2.40
06      0.20      0.00      0.00    -99.00      2.00      0.00      0.00      0.00      0.00     59.00      0.00      6.80
07      0.00      0.00      0.00    -99.00      1.20      0.00     19.00      0.00      0.20     71.00      0.00     18.20
08      0.00      0.00      0.00    -99.00     37.40      0.00      0.60      0.00      0.00     59.20      0.00     20.40
09      3.80      0.00      0.00    -99.00      0.00      4.60     22.80      0.00      0.00      0.00      0.80     22.00
10      2.20      7.80      0.00    -99.00      0.00      0.00      0.00      0.00      0.00      0.00      0.20      1.00
11      0.20      0.20      0.00    -99.00      0.00      0.00      0.00      0.00      0.00      0.00      0.00      0.00
12      1.00      0.00      0.00    -99.00      0.00      2.20      2.60      0.00      0.00     14.00     12.80     39.80
13     33.80      0.00      0.00    -99.00      0.00      0.00      0.00      0.00    -99.00    103.60     61.20     18.00
14     11.00      1.40      0.80      0.00      0.00      0.00      0.00    -99.00    -99.00      4.80      2.60      1.00
15      0.00      0.00      0.20      0.00      0.00      0.00      0.20    -99.00    -99.00      7.20     58.40      0.00
16      2.40      0.00      0.00      0.00      0.00      0.00      0.00    -99.00    -99.00      0.20      3.00     30.00
17      2.20      0.00      0.00      0.00      0.00      0.00      0.00      0.00    -99.00     11.20      0.20     20.00
18      4.20      0.00      0.00      0.00      0.00      0.00      0.20      0.00    -99.00     32.80      3.60      1.80
19      2.20      1.20      0.00      0.00      0.00      0.00      3.00      0.00    -99.00      1.00      0.00      0.20
20      1.00      0.60      0.20      0.00      0.00      0.00    -99.00      4.00    -99.00      4.60      2.40      0.00
21      0.00      0.00      9.60      0.00      0.00      0.00      0.00      0.80    -99.00     26.20      0.40     22.80
22      2.40      0.00      1.80      0.00      0.00      0.00      0.00      0.00    -99.00     40.60      5.00     16.40
23      0.00      0.00      0.00      0.00     18.00    -99.00      2.60      0.00    -99.00    151.40      2.40      1.40
24      0.00      0.00      0.00      0.00      0.00    -99.00      0.00      0.00    -99.00     26.00      4.80      4.00
25      0.00      0.00      0.00      0.00      0.00    -99.00     10.40      0.00    -99.00     39.80      0.80      0.20
26      0.00      0.00      0.00      0.00      0.00    -99.00     17.60     16.20    -99.00      8.20      0.00    -99.00
27      0.00      0.00      0.00      0.00      0.00    -99.00     14.20      0.00    -99.00      3.60      0.00    -99.00
28      0.00      0.00    -99.00      0.00      0.00    -99.00      0.00     89.20    -99.00     59.60      0.00    -99.00
29      0.00    -99.00    -99.00      0.00      0.00    -99.00      0.00      0.20    -99.00      0.20      0.00    -99.00
30      0.00    -99.00    -99.00      0.00      0.00    -99.00     42.00      4.60    -99.00      0.20     27.80    -99.00
31      0.00    -99.00    -99.00    -99.00      0.00    -99.00      0.20     18.80    -99.00     40.80    -99.00    -99.00
2015
01    -99.00      2.80      0.00      0.00      0.00      0.20      0.00      1.80      0.00     27.40    180.20      0.20
02      0.20      3.80      0.00      0.00      0.00      5.60      0.00      1.20      0.00      3.20     14.80      0.00
03    -99.00      0.20      0.00      0.00      0.00      0.00      0.00      3.00      5.80     25.40     14.00      0.00
04    -99.00      0.40      0.00      0.00      0.00      0.00      0.00      0.60      0.00      3.20     71.00      0.00
05    -99.00      2.00      0.00      0.00      0.00      0.00      0.00      0.00      0.00      9.40     45.40      0.00
06    -99.00     61.80      0.00      0.00      0.00      0.00     52.20      0.40      0.00     43.80      2.80     44.80
07    -99.00      0.00      0.00      0.00      0.00      0.00     11.60      0.00      0.00     18.00      0.00      6.60
08    -99.00      0.00      0.00      0.00      0.00      0.00    -99.00      0.00      0.00     17.20      6.40      7.80
09    -99.00      0.00      0.00      0.00      4.60      0.00    -99.00      0.00      0.00      0.40      1.40      0.00
10    -99.00      0.00      0.00      1.00      1.00      0.00    -99.00      0.00     24.80     12.60      3.80      0.00
11    -99.00      0.00      0.00     11.00      0.00      0.00    -99.00      0.00      2.40     12.80      0.00      0.00
12    -99.00      0.00      5.80     29.60      0.00      0.00    -99.00      0.00      0.00     19.40      0.00      0.00
13    -99.00      0.00      0.00      0.60      0.00      0.00    -99.00      0.00     57.40     69.00      0.00      0.00
14    -99.00      0.00      0.00      0.00     18.40      0.00      4.20      0.00     73.80    172.20      0.00      0.00
15    -99.00      0.00      0.00      0.00      0.40      0.00      0.00      0.20    109.20      2.40      0.00     21.40
16    -99.00      0.00      0.00      0.00      0.00      0.00      0.00      0.00      2.20      0.60      0.00    119.00
17    -99.00      0.00      0.00      0.00      0.40      0.00      0.00      0.00      0.00      0.00      0.00     28.40
18    -99.00      0.00      0.00      0.00      0.00      0.00      0.00      0.00      0.00      0.00      0.00      1.60
19    -99.00      0.00      0.00      0.00      0.00      0.00      4.40      0.00      0.00      0.00      0.00      2.40
20    -99.00      0.00      0.00      0.00      0.00      0.00      3.60      0.00      0.00      0.00      6.60      2.00
21    -99.00      0.00      0.00      0.00      0.00      0.00      0.00      0.00     14.00      0.00      4.20      3.60
22    -99.00      0.00      0.00      8.60      0.00      2.40      0.00      0.00      0.20      0.00      0.00      3.40
23      0.00      0.00      0.00      9.20      0.00      6.40      0.00      0.00      0.00      0.00      1.20      0.00
24      0.00      0.00      9.00     61.80      0.00      0.00      0.00      0.00      0.00      0.60     12.00      0.00
25      0.20      0.00      0.60     44.60      0.00      0.00      0.00      0.00      0.00      0.20      1.20      0.00
26    -99.00      0.00      1.00      0.00      1.20      0.00      2.20     25.40      0.00      0.00      0.80      0.00
27    -99.00      0.00      7.80      0.00      0.00      0.00      2.60     35.40      0.00      0.00     54.80      0.00
28    -99.00      0.00    148.20      0.40      0.00      0.00      7.40      0.00      0.00      0.00     46.00      5.60
29    -99.00    -99.00      0.40      0.00      0.00      0.00      4.00      0.00      0.00      0.00      5.00      1.40
30    -99.00    -99.00      0.00      1.60      0.00      0.00     15.40      0.00      0.00      0.00      0.20      1.40
31    -99.00    -99.00      0.00    -99.00     33.00    -99.00      3.00      0.00    -99.00     63.80    -99.00      4.80
2016
01      1.20      1.60      0.00      0.20      0.00      0.00      0.00      0.00      0.00      0.00     37.60    104.00
02      1.80      5.80      0.80    -99.00      0.00      4.20      0.00      0.00      0.00      0.40     64.80     50.60
03      2.00      0.60      0.00    -99.00      0.00      0.20      0.00      0.00      0.00      3.40      4.00    112.00
04      0.20      2.20      0.00      0.00      4.80      0.20      0.00      0.00      0.00      7.00      1.20     23.60
05      0.00      1.40      0.00      0.00      0.00      1.00     28.00     12.60      0.20     27.00      0.20      5.00
06      0.00      2.40      0.00      0.00      0.00      0.00     43.60      0.00      6.60     34.60     44.20     18.20
07      0.00      8.40      0.00      0.00      0.00     10.20      3.20      0.00      0.80      7.80     21.40     56.80
08      0.00      0.00      0.00      0.00      0.00      0.00      0.00      0.00      0.00     27.80     86.20     29.20
09      0.00      0.00      0.00      0.00      0.00      0.00      0.00      0.00      0.00      0.20      3.80      0.20
10      0.00      0.00      0.00      0.00      0.00      0.00      0.00      0.00      0.00      0.20      0.20      0.00
11      0.80      0.00      0.20      0.00      0.80      0.00      0.00      0.00      0.00     26.20      7.20     11.40
12      9.60      0.00      0.00      0.00      0.00      0.00      0.00      0.00     42.00     21.20      0.20      3.80
13      2.80      0.00      0.00      0.00     25.00      0.00      0.00      0.20     74.00    111.80      0.00    130.80
14      0.00      0.00      0.00      0.00      0.00      0.00      0.00      1.60      0.80     70.00      0.00     40.20
15      0.00      0.00      0.00      0.00      0.00      0.00      0.00      0.00      0.00     31.20      0.00    195.20
16      1.80      0.00      0.00      0.00      5.80      0.80      0.00      0.00      0.00     53.20      0.00     66.00
17      2.80      0.00      0.00      0.00      0.00      0.00      0.00      0.00     14.80      6.40     38.60      5.80
18      0.20      0.40      0.00      0.00      0.00      0.00     10.80      2.80     58.60      0.20      9.60      4.60
19      0.40      0.00      0.00    -99.00     34.20      0.00      0.20      0.00      0.00      0.00      1.00      3.20
20      0.00      0.20      0.00    -99.00      0.00      0.00      1.20      0.00     27.20      0.00     25.40      4.40
21      0.00      0.00      0.00    -99.00      1.60      0.00      0.20      3.80    376.00      0.00      4.60      3.40
22      0.00      0.00      0.00    -99.00      0.20      0.00      0.00     25.80    181.20      0.00     37.20      5.20
23     10.40      1.20      0.00    -99.00      0.00      0.00      0.00      1.80      8.00      0.00     43.40     12.40
24     56.40     13.40      0.00    -99.00      0.00      1.80      0.00     25.80      0.80      0.00     66.00     15.80
25      1.40      1.00      6.20    -99.00     14.20      0.40      0.00      1.00      3.20      0.00      7.00      0.20
26      0.20      0.00      0.40    -99.00     16.00      2.00      0.00      0.00      0.20      4.60     42.80      0.00
27      0.00      0.00      1.80    -99.00      0.00     20.20      0.60      0.20      0.00      1.40      9.00     75.60
28      0.00      0.00      0.20    -99.00      0.00      6.80      4.00      0.40      0.00      0.00      0.60     38.40
29      0.00      0.00      0.00    -99.00      0.00      0.00      0.00      5.20      0.20      0.80      8.40     15.60
30      0.20    -99.00      0.00    -99.00      0.00      3.40      0.00      0.40      1.00     34.60    108.80      6.40
31      0.00    -99.00      0.00    -99.00      0.00    -99.00      0.00      0.00    -99.00     26.40    -99.00    -99.00
2017
01      5.40     13.60      0.00      0.00      0.00      0.00      0.00      0.00      6.40      0.00     38.40      0.60
02     13.60      4.20      2.60      2.80      0.00      0.00      0.00      0.00      0.00     48.00      4.40     66.60
03      0.00      0.80      0.00      0.20      0.00      0.00      0.00      0.00      0.00      1.40      9.00     28.00
04      0.00      2.80      0.20      0.00      0.00      0.00      0.40      0.00      0.00      0.00    119.00      1.60
05      0.00      0.00      0.20      0.20      1.00     12.20     19.00      0.00      0.00     16.40    186.20     19.60
06      0.00      0.00      0.20      0.00      0.00      0.00      0.20      0.20      0.00      0.40     23.40      0.00
07      0.00      0.00      0.00      0.00      0.00     38.00      0.00      0.00      4.80      1.80    189.80      0.00
08      0.00      0.00      0.40      0.00      3.20     10.40      0.00      0.00      0.00     27.00    173.20     12.20
09      0.00     32.80      0.20      0.00      5.20      5.80      1.60      0.00      0.00     96.00     19.00      5.00
10      0.00      2.40      0.00      0.00      0.20      0.20     39.20      0.00      0.00      0.20     25.40      0.00
11      0.00     40.20      0.00      0.00      0.00      0.00      0.00      1.20      0.00     15.80      5.60      0.20
12      0.00     38.20      0.00      0.20      0.00      0.00     28.40     13.80      0.00      4.80      0.00      0.00
13      0.00      1.20      0.00      1.20      0.80      0.20      0.80      0.00     15.20      4.00      0.60      0.00
14      0.00      0.60      0.00      0.00      0.00     10.00      0.00      0.00     82.20      0.20     64.80      0.00
15      0.00      4.00      0.00      0.00     23.00      0.00      3.20      0.00     77.00      1.00     14.40      7.80
16      0.00      0.00      0.40      0.00     21.40      0.00     58.00      0.00      0.00      0.00     10.80     35.80
17      0.00      0.20      0.20      1.60      0.80      0.00      3.20      0.00      0.00      0.00      0.20     51.00
18      0.00      0.00      0.40      0.60      0.40      0.00      2.40      9.60      0.00     15.20      0.00      0.00
19      0.00      0.00      0.00      0.00     18.80      0.00     16.20      0.20      0.00     57.00    110.00      0.00
20      0.00      0.20      0.00      0.00      0.00      0.00      0.00      0.00      0.00      3.00    171.00      1.60
21      0.00      0.00      5.80      0.00      0.00      0.00      0.00      0.00      6.60      0.40    111.80      3.40
22      0.00      0.00      0.20      2.00      0.00      0.00      2.60      0.00      6.60      0.20    182.20      0.60
23      0.00      0.00      0.00      0.00      2.20      0.00      0.60      0.00      2.00     36.40    106.20      1.80
24      0.00      2.20      0.00      2.60      3.80      0.00      0.20      0.00      0.00     11.20      7.40     22.60
25      0.00      1.40      0.40      0.00    110.00      0.00    162.40      4.80      4.40      3.40      1.40     10.80
26      0.00      2.40      2.80      0.20     12.20      0.00      2.80     56.40      0.20      0.60      5.20     15.00
27      0.00      2.00      3.60      3.20      0.20      0.00      8.60     21.60      0.00      0.20      5.60     10.40
28      0.00      0.20      1.00      2.60      3.80      0.00     22.80     25.20      0.40      0.00     17.80      4.00
29      0.00    -99.00      1.60      1.40      0.80      0.00      0.00     14.60      0.00      0.00     40.80     12.20
30      0.00    -99.00      0.00      0.00     22.80      0.00      0.00      0.00      0.00     83.20     19.40      2.60
31      0.00    -99.00     29.40    -99.00      0.00    -99.00      0.00      0.00    -99.00     24.80    -99.00      3.20
2018
01      0.60      0.20      0.40      0.00    -99.00    -99.00      0.00      0.00      0.00      0.00      0.00      3.20
02      2.40      5.40      0.00      0.60      0.00    -99.00      0.00      0.00      0.00      0.00      0.00      0.00
03      7.20      1.20      0.00      0.00      0.00    -99.00      0.00      0.00      0.00      0.00      0.00      0.20
04      4.80      0.00      0.00      0.00      0.00    -99.00      0.00      0.00      0.00      0.00      0.00      1.60
05      1.40      9.20      0.00      0.00      0.00    -99.00      0.00      0.00      0.00      0.00      4.40      0.20
06      0.20      0.00      0.00      0.00      0.00    -99.00      0.00      0.00      0.00      0.00      4.20      0.00
07      0.00      0.00      0.00    118.20      0.00    -99.00      0.00      0.00      0.00      0.00     10.80      9.80
08      8.60      1.00     12.40     10.80      0.00    -99.00      0.00      0.00      0.00      0.00     73.40     35.40
09     26.60      0.00      1.40      0.00      0.00    -99.00      0.00      0.00      0.00      0.00     93.20    133.20
10      0.00      0.20      0.00      0.00      0.00    -99.00     25.40      0.00      0.00      0.00      1.00    250.00
11      0.40      7.60      0.00      0.00      2.60    -99.00     34.20      0.00      0.00      0.00      0.20     25.40
12      3.60      4.40      0.00      0.00      0.00    -99.00      0.00      0.00      0.00      0.00      2.60    106.00
13      4.40      0.20      0.00      0.00      0.00    -99.00      6.00      0.00      0.00      0.00      0.00     22.60
14      8.20      0.00      2.20      0.00      0.00    -99.00      0.00      0.00      0.00      0.40      0.00     13.60
15      0.00      0.20      5.40      1.60      0.00    -99.00      1.40      0.00      0.00      0.00      0.00     34.00
16      0.00      0.20      0.00      2.40      0.80    -99.00      5.60      0.00      0.00      0.00      0.00     18.40
17      0.00      0.00      0.00      0.60      0.00    -99.00     38.80      0.00      0.00      0.00      0.00     33.00
18      0.00      0.00      0.00      0.20      0.00    -99.00     12.80      0.00      0.00      0.00      0.00      1.60
19      6.20      0.00      0.00      0.40      0.00    -99.00      0.60      0.00      0.00      4.80      0.00      0.00
20      1.00      0.00      0.00      0.20      0.00    -99.00      0.00      0.00      0.00     17.60      0.00      0.00
21      0.00      0.00      0.00      0.00      0.00    -99.00      0.80      0.00      0.00      0.00      0.00      0.00
22      0.00      0.60      0.00      0.00      0.00    -99.00      8.80      0.00      0.00      0.00     53.40      0.00
23      0.00      4.80      0.00      0.00      0.00    -99.00      0.00      0.00      0.00      0.00    143.40      0.00
24      1.80      0.00      0.00      0.00      0.00    -99.00      0.00      0.00      0.00      0.00     19.00     17.40
25      0.00      1.60      0.00      0.00      0.00    -99.00      0.00      0.00      0.00      0.00     23.40      0.80
26      0.00      0.00      0.00     10.00      3.00    -99.00      3.60      0.00      0.00      0.00      4.20      0.00
27      6.80      0.00      0.00      0.00      0.00    -99.00      6.00      0.00      0.00      5.20      2.60     19.00
28      0.00      0.20      0.00      4.60      0.00    -99.00      2.80      0.00      0.00      1.20     12.00      0.00
29     16.20    -99.00      0.00      1.20      0.00    -99.00      0.80      0.00      0.00      1.80     58.20     20.60
30      0.00    -99.00      0.00    -99.00      3.20    -99.00      0.20      0.00      0.00      0.00     13.00     18.40
31      3.20    -99.00      0.00    -99.00      0.20    -99.00      0.00      0.00    -99.00      0.00    -99.00     17.00
