PhongNha            
   106.31600       17.615000               9
2011
01      0.00      6.20      0.00      0.00      0.00      0.00      0.00      3.00      0.20      0.60     16.60      3.80
02      0.00      1.20      0.20      0.00      0.20      0.00      0.00      0.00      0.00      1.60      0.00     11.00
03      0.00      0.60      3.20      0.20      0.00      0.00      0.00      0.00      0.00     59.60      0.80      0.60
04      0.00      0.40      0.00      0.00      0.20      0.00      0.00      0.00      0.00     13.20     96.80      3.80
05      0.00      0.00      0.00      0.00      0.00      0.00      0.00      0.00      0.00      1.60      1.00     48.40
06      0.00      0.00      0.00      0.00      0.00      0.00      0.00      0.00      1.60      0.00     47.20      7.20
07      5.00      0.00      0.20      0.00      0.00      0.00      0.00      0.00      0.40      0.00     35.80      1.60
08      0.20      0.00      0.00      0.40      0.00      0.00      0.00      0.20      0.00      0.00      4.80      1.20
09      0.00      0.20      0.00      0.00      0.00      0.00      0.00      0.00     19.60     39.40      6.00      3.00
10      0.00      0.00      0.20      0.00      0.00      0.00      0.00      0.00      9.60      1.00      0.00      1.00
11      3.20      0.00      0.00      0.00      0.00      0.00      0.00      0.00     11.60     11.80      0.00      1.20
12      3.40      0.00      0.00      0.00      0.00      0.60      0.00      0.00      0.40      0.00      0.00      0.00
13      0.20      0.00      0.20      0.00      0.00      0.20      0.00      0.80     26.60      2.20      0.00      3.80
14      0.00      2.60      0.00      0.00      0.00      0.20      0.00      0.00     31.20      0.00     18.40      7.80
15     10.00      0.00      0.60      0.00      0.00      0.00      0.00      7.00      0.40      3.20     21.80     29.00
16     16.20      0.00     33.20      0.00      0.00      0.00      0.00      0.80      7.60     74.80      0.20      0.00
17      9.60      0.00      5.00      0.00      0.00      0.00      0.00      0.00      0.00     33.00      0.20      0.00
18     19.40      0.00      0.00      4.60      2.00      0.40      0.00      5.80      0.00      0.60      0.00      0.00
19      1.00      0.00      0.00      0.00      0.00      0.00      0.00      4.40      0.00      1.20      0.00      0.00
20      1.40      0.00      0.00      3.80      0.00      0.00      0.00      0.00      0.40      0.00      0.80     57.60
21     35.60      1.00      0.00      0.00      0.00      0.00      0.20      0.00     70.20      0.00      5.60      3.40
22     43.60      0.00      0.20      0.00      0.00      0.00      0.00      0.00      4.40      0.00      1.00      2.80
23      0.40      0.20     80.00      0.20      0.00      0.00      0.00      0.00    231.20      4.20      0.80      0.40
24      2.40      0.00     26.00      0.00      0.00      0.00     18.20      0.00    147.80      1.00     20.60      0.00
25      0.60      0.00      1.20      0.00      0.00      0.00      7.60      0.00     27.20      0.00     24.60      0.00
26     24.60      0.00     56.40      0.00      0.20      0.00      0.00      0.00      5.80      4.60      6.80     13.40
27     22.00      0.00     13.80      0.00      0.00      0.00      0.00      0.00      0.00      2.40      5.20     31.40
28     16.40      0.00     63.80      0.00      0.00      0.00      0.00      0.00      0.00      0.00      5.60     15.00
29      1.80    -99.00      5.20      0.00      0.00      0.00      0.00      0.00      0.00      0.00      0.00      2.00
30      5.00    -99.00      7.40      0.20     18.20      0.00      0.00      0.00      0.00      4.20      0.60     21.00
31      4.00    -99.00      0.40    -99.00      0.00    -99.00      0.00      8.20    -99.00      0.80    -99.00      2.00
2012
01     24.60      0.80      0.00      6.80      0.00      0.00      0.20      0.00      0.00      2.20      9.60      0.00
02      0.00      1.00      0.00      7.20      0.00      0.00      0.00      0.00      0.20      4.40      3.40      0.00
03      0.20      0.40      0.20      0.00      0.00      0.00      0.00      0.00     35.80      1.80      0.40      0.00
04      4.80      0.40      0.00      0.00      0.00      0.00      0.00      0.00     11.80     11.00      0.00      0.20
05      2.20      0.00      0.00      0.00      0.00      5.60      0.00      0.00     34.00      0.00     22.20     10.40
06      0.40      0.20      0.00      0.00      0.00      0.00      0.00      0.00     40.60     66.60      4.20     29.60
07      4.60      0.20      0.20      0.00     11.80      9.40      0.00      0.00      1.00      0.00      1.00      1.20
08      0.00     11.20      0.00      0.00      0.00      0.00      0.00      0.00      3.20      6.20      0.00      0.00
09      0.00      2.80      1.20      0.00      0.00      0.00      0.00      0.00      0.00      1.20      0.00      0.00
10     18.40      0.00      0.00      0.00      0.00      0.00      0.00      0.00      0.00     12.20      0.00      0.00
11     15.00      0.00      0.00      0.00      0.00      0.00      0.00      0.00     29.00     12.00      0.00      0.60
12      7.20      0.00      0.20      0.00      0.00      0.00      0.00      0.00     24.60      5.60      0.00     25.20
13      5.60      0.00      0.00      0.00      0.00      0.00      0.00      0.00     74.00      0.00      5.20      0.00
14      0.00      0.00      0.00      0.00      0.00      0.00      0.00      0.00     26.80      0.00      0.00      0.00
15     10.20      0.00      0.00      0.00     20.60      0.00      0.00      0.00     50.60      0.00     15.00      0.00
16     25.00     41.20      0.00      0.00      0.00      2.00      0.00      0.80      0.20      0.00     12.00      0.00
17      8.60     27.80      0.20      0.00      4.20     16.20      0.00      0.60      0.00      0.00     25.60      0.00
18     12.80      0.00      0.00      0.00      0.00      0.80      0.00      0.00      0.00      0.00      5.60      0.00
19      0.00      3.00      0.20      0.00      0.00      0.00      0.00      0.00      0.00     10.80      0.20      0.00
20      0.20     10.20      0.00      0.00      0.00      0.00      0.00      0.00      3.20      0.80      0.00      0.00
21      0.00      0.00      0.00     12.40      0.00      0.00      0.00      0.00      0.00      6.20      0.00      2.60
22      0.00      0.00      0.00      0.00      0.00      0.00      0.00      0.00      0.00      1.60      0.00      0.00
23      8.60      0.00      0.00      0.00      0.00      0.00      0.00     29.60      0.00      1.00      0.00      0.00
24      7.80      0.00      5.80      0.00      0.80      0.00      0.00      3.40      2.80      1.00      0.00      2.40
25      9.40      0.00      2.60      0.00      0.00      0.00      0.00      0.20      0.20      0.60      0.00      2.20
26     12.60      0.00      9.40      0.00      0.00      0.00      0.00      0.00     39.00     15.80      0.00      1.40
27      0.00      0.00      0.20      0.00      1.00      0.00      0.00      0.00    115.40     79.40      3.60      0.40
28      0.00      0.00      0.00      0.00      3.60      0.00      0.00      0.00     15.00      0.00     19.80      0.00
29      3.00      0.00      0.00      0.00      0.00      0.00      0.00      0.00     18.80      0.00      0.00      0.00
30      3.80    -99.00      0.00      0.00      0.00     41.00      0.00      0.00     70.20      0.00      0.00     17.80
31     30.00    -99.00      0.20    -99.00     12.60    -99.00      0.00      0.00    -99.00     30.20    -99.00      2.20
2013
01      0.20      0.00      0.00      0.00      7.40      1.60      0.00      0.00      0.00     18.00      0.00      0.00
02      0.00      0.00      0.00      0.00      0.00      0.00      0.00      2.00      0.00    108.20      0.00      0.00
03      0.00      0.00     10.80      0.00      0.00      0.00      5.60      0.00      0.00      4.60      0.00      0.20
04      0.00      0.00      1.20      0.00      0.00      0.00      0.00      0.00      0.00     41.60     27.00      8.80
05      1.20      0.00      6.00      0.00      0.00      0.00      0.00      0.00      0.00      0.00     63.00      0.00
06      5.20      0.00     25.80      0.60      0.20      0.00      0.40     14.40     12.00      0.00     14.60      0.00
07    -99.00      0.00      1.20      9.00      0.20      0.00      0.00      0.00     22.00      0.00     19.00      0.00
08    -99.00      0.00      0.00      0.00      0.00      0.00      0.00      0.00      9.00      0.00      0.40      0.00
09     12.20      0.00      0.00      0.00      0.00      0.00      0.00      0.00     23.20      0.00     14.80      1.40
10      4.60      0.00      0.00     13.60      0.00      0.00      0.00      1.80     43.00      0.00     88.40     12.00
11      0.00      0.00      0.00      3.00      2.60      0.00      0.00     51.40      7.40      3.40      0.00      1.80
12      0.00      0.00      0.00      7.00      0.00      0.00     13.20      4.00      0.00      0.00      0.00     21.80
13      6.40      0.80      0.00      0.00      0.00      0.00      0.40      0.20      1.40     26.20      0.00      0.60
14      0.00      1.20      0.00      0.00      0.00      0.00      4.80      0.00      3.00    256.80      1.40      6.80
15      2.00      0.00      0.00      0.00      0.00      0.00      1.80      0.00      0.00     81.40     52.80      2.00
16      0.20      0.00      0.00      0.00      0.00      0.00      0.00      0.00      6.80      0.00     24.20      0.00
17      1.80      0.00      0.00      0.00      0.00      0.00      0.00      0.00    262.60      0.20      0.20      1.20
18      0.40      0.00      0.00      0.00      0.00      0.00      0.00      0.00     88.80      0.00      0.00      9.60
19      2.20      0.00      0.00      0.00      0.00      0.00      1.60      0.00      0.00     14.80      0.60     14.20
20      0.00      0.80      0.00      0.00      0.00      1.60      1.20      0.40      0.00     33.80      0.00      0.00
21      0.00      2.20      0.00      0.00      0.00      6.60      0.00      0.00      0.00      0.00      0.00     24.60
22      0.00      0.80      0.00      0.00      0.00      1.40     18.20      0.00      0.00      7.60      0.00     10.40
23      0.00     14.00      0.00      0.00      8.80      0.40     27.80      0.00      0.00      0.00      0.00     15.40
24      3.40     13.40      0.00      0.00     51.00      0.00      0.00      0.00      0.00      2.80      0.00     14.20
25      0.00      0.40      0.00      0.00      0.00      0.00      0.00      0.00      0.20      3.20      3.20      4.20
26      4.00      0.00      0.00      0.60     52.60      0.00      0.00     14.00     29.20      0.00      0.20      1.80
27      4.20      0.00      0.00      0.00      0.00      9.40      0.00      8.20     37.60      0.00      0.00      0.00
28      1.40      0.00      0.20      0.00      0.00      0.00      0.00      4.20      2.00      0.40     20.00      0.00
29      0.40    -99.00      0.00      0.00      0.00      0.00      0.00      0.00      1.00      1.40      0.00      0.00
30      0.00    -99.00      0.00      0.00      0.00      0.00     12.00      0.00      8.20      0.00      0.00      0.00
31      0.00    -99.00      3.60    -99.00      0.00    -99.00     16.60      0.00    -99.00      0.00    -99.00      0.00
2014
01      0.00      0.00      0.20      0.00      0.00      0.00      0.00      0.20      7.40      0.00      0.20     13.80
02      0.00      0.00      0.20      0.00    171.60      0.00      0.00      0.00      0.00      0.80      0.00     39.40
03      0.00      0.00      0.00      0.20      0.00      0.00      0.00      0.00      0.00      0.00      3.00      7.20
04      0.00      0.00      0.20     25.80      0.00      0.00      0.00      0.00      0.00      0.40     11.00      6.80
05      0.00      0.20      0.00      0.00      0.00      0.00      0.00      0.00      0.00     28.40      2.20    360.80
06      0.00      0.00      0.20      0.00      0.00      0.00      0.00      0.20      0.00      3.40      0.60     74.20
07      0.00      0.00      0.00      0.00      0.00      0.00      0.00      0.00      3.40     30.20      0.40     24.80
08      0.00      0.00      0.00      0.00      0.00      0.00      0.00      0.00      0.00      1.00      0.00     40.60
09      0.00      0.20      0.20      0.00      0.00      0.00     68.60      0.00      0.00      8.80      2.20      0.20
10      0.00     34.60      0.00      0.00      0.00      0.00      0.40      0.00      0.00      0.00      7.40      8.00
11      2.00     21.60      0.20      0.00      0.00      0.00      0.00      0.00      2.80      1.60      7.20     19.20
12      0.20     16.00      0.20      0.00      0.00      0.00      0.00      0.00      0.00     26.40      2.20     19.80
13      0.40      0.80      0.20      0.00      0.00      1.20      5.40      0.00      0.00     43.80     44.80      2.60
14      3.40      4.60      0.00      0.00      0.00      0.00      0.00    -99.00      0.00      0.00     90.20      2.00
15      4.60      0.20      0.20      0.00      0.00      0.00      0.00    -99.00      1.80      7.20     32.60      2.80
16     18.60      0.00      0.00      0.00      0.00      0.00      0.00    -99.00      0.00      2.40      0.00      1.00
17     15.00      0.20      0.00      0.00      0.00      0.00     11.60      0.00      0.00      0.00      0.80      0.00
18      0.00      0.20      0.00      0.00      0.00      0.00     48.80      0.00      0.00     25.40      1.40     23.80
19      0.00      0.00      0.00      0.00      0.00      0.00      0.00      0.00      0.00      6.20      3.00     25.80
20      1.20      7.20      0.20      0.00      0.00      0.00    -99.00      0.00      0.00     12.60      0.00     20.20
21     10.20      0.00      8.00      0.00      0.00      0.00      0.00      0.00    141.60      2.00      0.00     14.60
22      0.00      0.20      1.60      0.00      0.00     64.80      4.00      0.00      0.20     45.40      3.80      2.00
23      0.00      0.20      0.00      0.00      0.00      2.80      0.00      0.00      6.00     59.00      1.80      0.40
24      0.00      0.00      0.40      0.00      0.00      0.00      0.00      0.00      0.00      4.00      9.00      0.00
25      0.00      0.00      0.00      0.00      0.00      0.00      0.00     10.80    113.00     34.60     24.40      0.00
26      0.20      0.20      0.00      0.00      0.00      0.00      0.00      2.20      0.00     52.40      0.00      0.00
27      4.20      0.00      0.00      0.00      0.00      0.00      4.20      0.00      0.00     27.00      5.00      0.00
28      6.00      0.20      0.00      0.00      0.00      0.00      2.00      1.40      0.00      7.00      0.00      0.00
29      0.00    -99.00      0.00      0.00      0.00      0.80      0.40      0.20      5.20     19.60      4.60      0.00
30      0.00    -99.00      0.00      0.00    -99.00      0.00      0.00     11.40      0.00     10.80     21.40      0.00
31      0.00    -99.00      0.00    -99.00    -99.00    -99.00      0.20      7.80    -99.00     46.60    -99.00      0.00
2015
01      0.60     14.20      0.20      0.00      0.00      0.00      0.00      0.20      0.00      0.40      5.60      0.00
02      4.40      0.00      0.00      0.00      0.00      0.00      0.00      0.00      0.00      0.20     31.80      0.00
03      2.80      0.00      0.00      0.00      0.00      0.00      0.00      0.00      0.00     10.20     64.20      0.00
04      0.00      3.40      0.00      0.00      0.00      0.00      0.00      0.00      0.00      0.80     15.80      0.20
05    -99.00      0.40      0.00      0.00      0.00      0.00      0.00      0.00      0.00      0.00    236.00      0.00
06      0.00      0.00      0.00      0.40      0.00      0.00      0.00      0.00      0.00      0.00      6.40     10.80
07     35.20      0.00      0.00      0.40      0.00      0.00      0.00      0.20      0.00      0.00      0.60      7.00
08    -99.00      0.00      0.00      0.00      0.00      0.00      3.40      0.00      0.00      0.00      0.00     44.80
09      1.80      0.20      0.00      2.40      0.00      0.00      0.00      0.00      0.00      0.00      0.00      6.80
10    -99.00      0.00      0.00      0.40      0.00      0.00      0.20      0.00     14.60      0.00      0.80      0.00
11     36.60      0.00      0.00      0.00      0.00      0.00      0.00      0.00     10.20     36.20     21.60      0.20
12      9.00      0.40      9.00      8.20      0.00      0.00      4.40      0.00     25.20      6.80     10.40      0.00
13    -99.00      0.00      0.00     12.80      0.00      0.00      0.00      0.00     82.00     45.80      3.60      0.00
14      3.00      0.00      0.00      0.00      0.00      0.00      0.00      0.00    186.40      2.80      5.60      0.00
15      0.00      0.00      0.00      0.00      0.00      0.00      0.20      0.00      5.00    221.60      0.00      7.00
16    -99.00      0.00      0.00      0.00      0.00      0.00      0.00      0.00      9.20      6.80      0.00      4.00
17      2.60      0.00      0.00      0.00      0.00      0.00      0.20      0.00     17.20      0.00      0.00      0.00
18    -99.00      0.00      0.00      0.00      0.00      0.00      0.40      0.00      0.00      0.00      0.00      0.20
19      8.40      0.00      0.00      0.00      0.00      1.00      3.00      0.00      0.00      0.00      0.40      3.60
20      0.00      0.00      0.00      0.00      0.00     21.00      0.00      0.00      0.00      0.00     65.40     82.80
21    -99.00      0.00      0.00      0.00      0.00    113.00      0.00      0.00      0.00      0.00     28.40    125.40
22      0.00      0.00      0.20      0.00      0.00      1.40      0.00      0.00      0.00      0.00      0.00     10.00
23      0.00      0.00      0.00      0.00      0.00      0.00      0.00      0.00      0.00      0.40      0.80      0.00
24    -99.00      0.00     26.20      0.00      0.00      0.00      0.00      0.40      0.00      7.80     19.20      0.00
25      0.00      0.00     15.40      5.00      0.00      0.00      0.00      0.00      0.00     15.40     26.20      0.00
26      0.00      0.20      0.00      0.00      0.00      0.00      0.00      0.00      0.00      2.00      8.20      1.80
27    -99.00      0.00      0.20      0.00      0.00      0.00      0.00      0.00      0.00     14.00     15.80      0.00
28      0.20      0.20      0.60      0.00      0.00      0.00      0.00      0.00      0.00      1.20      2.80      7.00
29      0.00    -99.00      1.20      0.00      0.00      0.00      0.60      4.80      4.80      0.40      4.40     10.40
30      0.00    -99.00      0.00      0.00      0.00      0.00      0.00      0.00      0.00      7.60      0.00      1.00
31    -99.00    -99.00      0.00    -99.00      0.00    -99.00      0.00      0.00    -99.00      2.60    -99.00      0.00
2016
01     12.60      1.60      8.40      0.00     17.20      0.00      0.00      0.00      0.00      0.00     92.80     14.20
02     33.00     14.40      2.20      0.20      0.00      0.00      0.00      0.00      0.00      0.00      5.40     75.00
03     13.20     18.20      0.00      0.00      0.00      0.00      0.00      0.00      0.00      0.00      0.00      0.80
04      0.00      7.80      0.00      0.00      0.00      0.00      0.00      0.00      1.20      1.80      0.00     15.40
05      0.00      3.20      0.00      0.00      0.00      0.00      4.60      0.00      0.60      0.00      4.60     53.20
06      0.00     31.60      0.00      0.00      0.00      0.00      0.00      0.00     14.60     24.20     13.40     53.80
07      0.40      0.40      0.00      0.00      0.00      0.00      0.00      0.00      0.00      2.20      5.80     31.00
08      0.00     13.20      0.00      0.00      0.00     24.00      0.00      0.00      0.00     23.80      0.00      0.00
09      0.00     15.40      0.00      0.00      0.00      0.20      0.00      0.00      0.00      0.00      0.60      0.20
10      0.00      1.40      0.00      0.00      0.00      0.00      0.00      0.00      0.00      9.40     11.60      7.80
11      0.00      0.00      8.60      0.00      0.00      0.00      0.00      0.00      2.40     27.60     18.80     27.20
12      0.00      0.00      0.00      0.00      0.00      0.00      0.00      0.00     44.80    117.40      0.60     10.20
13     20.80      0.20      0.00      0.00      1.80      0.00      0.00      0.00      0.00     20.00      0.00     15.80
14      0.40      0.20      0.00      0.00      0.00      0.00      0.00      0.00      0.00      0.00      0.00     26.60
15      0.00     29.80      0.00      0.00      0.00      0.00      0.00      0.00     52.40      7.20      0.00     73.40
16      0.00     21.60      0.00      0.00      0.00      0.00      0.00      0.00      0.00     20.40      0.40     24.20
17      0.00      0.00      0.00      0.00      0.00      0.00      0.00      0.00      0.00      0.00     28.80      1.80
18     13.80      0.00      0.00      0.00      0.00      0.00      0.00      0.60      5.20      0.00      0.00      2.00
19      2.60      0.00      0.00      0.00     15.40      0.00      0.00      0.20      2.20      0.00     25.20      5.60
20      0.00      3.60      0.00      0.00      0.00      9.80      0.00      0.00     12.00      0.00      3.80      0.00
21      0.00      0.00      0.00      0.00     17.00      0.00      0.00      0.00      0.00      0.00      0.00      0.00
22      0.00      0.00      0.00      0.00      0.00      0.00      0.00      1.60     14.20      0.00      0.00      1.00
23     52.40      0.00      0.00      0.00      0.00      0.00      0.00      1.00      0.40      4.80      7.80     24.00
24      2.60      3.40      0.00      0.00     22.20      3.00      0.00     16.20      0.00      0.00      0.00      2.60
25      3.60     48.80     19.00      0.00     70.60     15.40      0.00      0.00      7.00     15.60      0.00      0.20
26     21.00     21.00      6.20      0.00      0.20      1.80      0.00      0.00     10.20      0.00     18.00      0.80
27      5.40      0.00      8.40      0.00      0.00      2.80      0.00      0.40      0.00      0.00     12.60      0.00
28      0.20      0.40      0.00      0.00      0.00      0.00      0.00      0.00      0.00      0.00     10.60      2.80
29      0.00      0.60      0.00      0.00     22.40      0.00      0.00      4.20      0.00      1.00     25.40     12.60
30      0.00    -99.00      0.00      0.00      3.60      0.00      0.00      1.60      0.00      9.00     96.00    109.60
31      0.00    -99.00      0.00    -99.00      0.00    -99.00      0.00      0.00    -99.00      6.40    -99.00      6.20
2017
01      0.00     51.40      1.60      1.80      0.00      0.00      0.00      0.00      0.00      3.80      0.40      6.20
02      0.20      4.20      1.40     33.80      0.00      0.00      0.00      0.00      0.00     47.80      0.00      8.80
03      0.00      1.20      0.00      0.00      0.00      0.00      0.00      0.00      0.00     17.60     79.00      0.00
04      1.60      0.00      0.00      0.00      0.00      0.00      0.00      0.00      0.00      0.00    199.20      0.00
05      0.00      0.00      0.00      6.20      0.00      0.00      0.00      3.60      0.00      0.00    174.40      0.60
06      0.00      0.00      0.00      0.00      0.00      0.00      9.00      0.00      0.00      1.20     51.40      1.00
07      3.00      0.00      0.20      0.00      0.00      0.00      0.00      0.00      0.00     27.20    106.80      8.60
08      0.20      0.00      0.00      0.00      0.00      0.00      0.60      0.00      0.00     16.60     20.00      0.00
09      0.00      7.20      0.00      0.00      0.00      0.00      0.00      0.00      0.00     31.00     25.80      0.00
10      5.80      0.00      0.00      0.00      1.80      0.20      0.00      0.00      0.00      0.00      2.00      0.00
11      0.00      0.00      0.00      0.00     15.20      0.00      0.00      0.00      0.00      1.00      2.60      3.60
12      0.20      5.20      0.00      0.00      0.40      0.00      0.00      0.00      0.00     15.60      0.00      0.60
13      2.20      0.00      0.00      1.20      0.00      0.00     87.20      0.00      6.80     30.00      0.00      1.20
14     50.20      0.20      0.00      0.00      8.00      0.00      5.80      0.00    187.80    134.00      0.00      0.00
15     21.20      0.00      0.00      0.00      4.80      0.00     30.40      0.00      0.20      0.00      7.80      2.80
16     16.00      0.00      0.00      0.00      0.60      0.00      9.00      0.40      0.00      0.00      0.80      0.00
17      0.00      0.00      0.60      0.20      1.80      0.00      0.00      0.00      0.00      0.00      0.00      0.00
18      0.00      0.00      0.00      0.00      6.40      0.00      0.00     21.20      0.00     45.20      0.00      0.00
19      0.20      2.00      0.00      0.00      0.40      0.00      0.00      8.80      0.00     71.20     26.20      0.00
20      0.20      0.00      0.00      0.00      0.40      0.00      0.00      0.20      0.00     13.80      3.20      1.00
21      0.00      0.00      0.00      0.00      0.00      0.00      0.00      0.00      2.80      3.80      1.20     35.00
22      0.00      0.00      0.20      0.00      0.00      0.00      0.00      0.00     32.00      7.00     80.80     11.40
23      2.60      0.00      0.00      0.00      0.00      0.00      0.00      0.00     15.60      1.00      0.20      1.00
24     16.20      1.40      0.00      3.60      0.00      0.00     14.00      0.00      0.00     24.40     30.60      0.00
25     17.40     15.00      0.00      0.00      0.00      0.00      5.60     16.00      0.00      1.40     75.20      5.40
26      0.40      6.20     41.20      0.00      0.00      0.00      0.60      5.20      1.40      5.40     67.80     47.00
27      0.00      2.00     70.60      0.00      0.00      0.00      4.00      6.20      0.00      0.00     10.00      1.40
28      0.00      3.40      1.80     87.80      6.80      0.00      7.80      0.00      0.80      0.00     25.20     37.40
29      0.00    -99.00      0.00     53.00     30.00      0.00      0.00      0.00      0.00      0.00      0.00     10.20
30      7.20    -99.00      0.00      0.00      0.00      0.00      0.00      0.00      2.60      0.60      0.00      0.00
31      3.80    -99.00      0.00    -99.00      0.00    -99.00      0.00     28.80    -99.00     67.00    -99.00      0.00
2018
01      0.20      0.20      0.00      0.00      0.00     14.40      0.00      0.00      0.00     32.80      0.00      0.00
02      3.40      3.60      0.00      0.00      0.00     49.80      0.00      0.00      0.00      7.20      0.00      0.40
03     12.00     73.80      0.20      0.00      0.00    154.20      0.00      0.00      0.00     74.20      0.40      0.00
04     20.40      6.40      0.00      0.00      1.20     64.60      0.00      0.00      0.00      2.80      0.00      0.00
05      6.40      2.20      0.00      0.00      0.00      0.00      0.00      0.20      0.00      0.00      0.00      0.00
06      0.00      1.00      0.00      0.00      0.00     31.60      0.00      0.00      0.00      0.00      0.00     25.20
07      0.00      0.00      0.00      0.00      0.00      0.00      0.00      5.60      0.00      0.00      1.40     61.60
08      0.00      0.00      3.80      0.00      0.00      0.00      0.00     23.20      0.00      0.00      3.60      0.00
09     14.40      0.00     56.80      1.80      0.00      0.00     17.60      7.80      0.40      0.00      0.00     34.00
10     26.00      0.00      1.80      0.00      0.00      0.00     11.40      0.00      0.60      2.40      0.00     45.00
11     35.20      3.00      0.00      0.00      0.00      0.00      0.00      0.00      7.00      0.40     54.00      5.80
12      7.00      0.00      0.00      0.00      0.00      0.00      6.00      0.00      0.00     10.60      2.20      1.20
13      0.00      0.00      0.00      0.00      0.00      0.00      0.00      0.00      6.60     15.20      0.00     21.00
14      0.00      0.00      0.00      0.00      0.00      0.00      0.00      0.00     59.00      0.60      0.00     78.40
15      0.00      0.00     12.80      0.20      0.00      0.60     11.40      0.00     79.00      0.00      0.00      1.60
16      0.00      0.00      0.00      1.40      0.00      0.00      0.20      0.00      0.80      0.00      0.00      0.20
17      0.00      0.00      0.00      0.00      0.00      0.00      0.00      0.00      0.00      0.00     13.40      0.20
18      0.00      0.00      0.00      0.20      0.00      0.00     11.20      0.00      0.00      0.00      0.00      0.00
19      0.40      0.00      0.00      0.00      0.00      0.00      0.00      0.20      0.00      0.00      0.00      4.80
20      1.80      0.00      0.00      0.20      0.00      0.00      0.00      0.00      9.20     17.80      0.00      0.00
21      0.00      0.20      1.60      0.00      0.00      0.00      0.00      0.00      6.00      0.00      0.00      0.00
22      0.40      0.60      0.00      0.00      0.00      0.00      0.00      0.80      4.80      7.80      0.00      0.00
23      2.60      0.00      0.00      0.00      0.00      0.00      0.00      0.40     49.40      0.80      1.00      0.20
24      0.20      0.00      0.00      0.00      0.00     11.00      0.00      0.00      0.00      4.40     18.40     39.00
25      0.00      0.00      0.00      0.00      0.00      0.20     10.40      0.00      0.00      0.00     83.40     58.60
26      0.20      4.00      0.00      0.00      0.00      1.40      0.00      0.00      0.00      4.20     53.00     10.20
27     16.60      0.00      0.00      0.00      0.40      0.00     30.20      0.00      0.00      7.80    109.20      0.00
28      0.00      0.00      0.00      0.00      0.00      0.00      0.20      0.00      0.00      0.20     60.20      1.00
29     16.40    -99.00      0.00      0.80      0.00      0.00      0.00      0.00     13.00      0.00      0.00      3.20
30     19.60    -99.00      0.00      0.00      0.00      0.00      0.00      0.00     52.80      0.00      2.60      4.80
31      1.20    -99.00      0.00    -99.00      0.00    -99.00      0.00      0.00    -99.00      0.00    -99.00      0.60
