PhuOc               
   107.47600       16.528000               3
2011
01      0.00      1.80      0.00      0.00      0.00      0.00      0.00      8.40      0.00     75.80     15.60     53.20
02      0.20      0.40      0.40      0.00      0.00      0.00      0.00      0.60      1.80      9.20      0.20      7.40
03      0.00      0.20      1.00      0.00      0.00      0.00      0.00      0.00      0.40     40.60     25.80      4.80
04     78.40      0.00      7.80      0.00      0.00      0.00      0.00      0.00      7.60     47.00    117.00      0.00
05      4.00      0.00      1.00      0.00      0.00      0.00      0.00      0.00      0.00      1.80     19.00      4.80
06     19.60      0.00      0.00      0.00      0.00      1.80      0.00      0.00      0.00      0.00     53.60     11.20
07     56.00      0.00      4.20      0.00      0.00      0.00      0.00      0.00      0.00      3.60    133.60      8.80
08      1.60      0.00      0.00      0.00      0.00      0.60      0.00      0.00     11.00      2.00     69.20      8.40
09     11.60      0.00      0.00      0.00      0.00     34.00      0.00      0.00      3.60    190.00     21.80     61.00
10     17.40      0.00      0.80      0.00      0.00      0.20      0.00      0.00     28.60     15.80      1.80     84.00
11      4.20      0.00      0.00      0.00      0.00      0.00      0.00      0.00     30.20     28.20      0.00     26.00
12      1.00      0.00      0.20      0.00      0.00      0.00      0.00      0.00     24.40      1.80      0.00      0.00
13      0.20      2.00      0.00      0.00      0.20      0.00      0.00      0.00      2.40     60.60      1.00      0.00
14      0.00      1.80      0.00      0.00      2.80      0.80      0.00      0.00      0.20     12.00     11.00      1.20
15     15.80      0.00      0.00      0.00      0.00      0.00      0.00      0.60      0.00      5.20     94.80     61.60
16      1.80      0.00     26.80      0.00      0.00      0.00      0.80      0.20      0.00    507.60     31.20    149.80
17      0.40      0.00     16.60      0.00     23.40      0.00      0.00      7.40      0.00    143.40      0.00     27.00
18      1.00      0.40      0.00     20.20      0.00      1.40      0.00      1.20      1.00     22.80      0.00      8.20
19      4.00      0.20      0.00      8.00      0.00      3.00      0.00     31.40      0.20     19.60      0.00      0.00
20      1.00      1.00      0.00      5.00      6.40      0.00      0.00      1.00     45.60      0.00     11.60      1.60
21     12.20      0.20      0.00      0.00      0.00      0.00      0.00      0.00     51.40     13.40     13.80      4.40
22      1.20      0.00      7.00      0.00      0.00      0.00      0.00      0.00    137.20      0.00      3.20     12.60
23      1.80      0.00     19.00      0.60     33.80      0.80      0.00      0.00     68.20      0.00      0.40     21.60
24      4.00      0.00     13.20      1.40      0.60      0.80      0.00      0.00     62.80      0.00      6.00     58.60
25      1.00      0.00     22.80      2.00      0.80      1.00      0.00      0.20     51.60      9.60     25.80      0.60
26      5.80      0.00      3.40      0.00      0.00      0.00      0.00      0.20    165.40      0.00     33.60      0.00
27      9.00      0.00      7.80      0.00      0.00      0.00      0.00      0.00     40.40      7.40     20.00      0.00
28     21.00      0.00      4.00      0.00      0.00      0.00      0.00      0.00      0.20      3.00      0.40      0.00
29     22.00    -99.00     12.20      0.00      0.00      0.60      0.20      1.20      1.00      0.00      0.00      0.00
30     12.80    -99.00      7.00      0.80      0.00      0.80      4.00      0.00      1.80     10.20     15.20      8.40
31      5.80    -99.00      3.60    -99.00      0.00    -99.00      3.20      0.00    -99.00      4.40    -99.00     11.00
2012
01      5.20      0.00      0.00      0.00      0.00     17.00      7.40      2.20      0.00      0.40      8.80      0.00
02      1.80      0.00      0.00      0.00      0.00     12.60      8.20      0.00     17.00      8.20      1.00      0.00
03      0.00      0.00      0.40      0.00      0.00      0.00      0.00      0.00      9.20      0.00      0.00      0.00
04      4.20      0.00      0.00      0.40      0.00      0.00      0.00      0.00    117.40      0.00     12.00      0.00
05      0.00      0.00      1.40      3.00      0.00      0.00      0.00      0.00     39.40      0.00      9.40     10.40
06      0.00      0.00      0.00      0.00      0.00      0.20      0.00      0.00      0.80     51.40      2.20      1.00
07      0.00      0.00      0.00      5.20      0.00      6.00      0.20      0.80      4.40    268.40      0.60      0.00
08      0.20      0.00      0.00      0.00      0.00     20.80      0.00      1.20      0.00     36.20      0.00      0.00
09      0.20      0.00      0.00      0.00     35.80      0.00      2.60      0.00      0.00      0.00      0.00      0.00
10      1.20      0.60      0.00      0.20      0.00      0.00      0.00      0.00      4.60     10.40      0.00      0.00
11      0.80      0.00      0.00      0.00      0.00      0.00      0.00      0.00      8.00      0.40     18.80      1.20
12      5.60      0.00      0.00      0.00      0.40      0.00      0.00      0.00      4.60      0.00     44.00      4.40
13      1.20      0.00      0.00      0.00      0.00      0.00      0.00      0.00      9.20      0.00      5.40      1.20
14      0.00      0.00      0.00      0.00      0.00      0.00      0.00      0.00     10.60      0.00      0.60      0.00
15      0.00      0.00      0.00      0.00      0.00      1.80      0.00      1.60     21.20      0.00     50.40      0.00
16      0.20      0.20      0.00      0.00     55.60      7.60      0.00      0.00      1.60      0.00     94.60      0.00
17      0.00      1.20      0.00      0.00      0.00      0.40      0.00      1.60      0.00      0.00    290.60      0.00
18      0.00     31.60      0.00      0.20      6.60      2.40      0.00      0.00      2.60      0.00      0.60     13.20
19      0.00     26.80      0.00      0.00      0.00      0.00      0.20      0.00      0.00      4.60      3.80     38.00
20      0.00      0.00      0.20      0.00      0.00      0.00      0.00      6.80      0.00      0.00      0.40      0.00
21      0.20      0.00      0.00     15.20      0.00      0.00      0.00      0.00      0.00      0.00      0.00      0.20
22      2.40      0.00      0.00      0.00      0.00      0.00      0.00      5.00      0.00      0.20      0.00      6.60
23      4.60      0.00      0.40      0.00      1.00      0.00      0.20      6.80      0.00      4.80      0.00    137.40
24      0.20      0.00      0.40      0.00      0.00      0.00      0.20     32.00      0.00      0.20      0.00     48.40
25      1.20      0.00      0.00      0.00      0.00      0.00      0.20     24.80      1.20      0.00      0.00      0.00
26      0.00      0.00      0.00      0.00      6.80      0.00      0.00      0.00     81.40      1.20      1.40      8.80
27      0.00      0.00      0.00      0.00      0.40      0.00      0.00      0.00     33.00     72.20      1.20      5.00
28      0.00      0.00      0.00      0.00     10.60      0.00      0.00      2.40     18.80     14.60      0.00      1.80
29      0.40      0.00      0.00      0.00      3.00      0.00      0.00      0.00     13.60      0.00      0.00      1.40
30      2.20    -99.00      0.00      0.00      0.20      0.40      0.00      0.00     11.20     14.80      0.00     40.20
31      0.20    -99.00      1.60    -99.00     15.80    -99.00      0.00      0.00    -99.00     24.20    -99.00      6.80
2013
01      0.80      0.00      0.00    -99.00      4.00      0.00      1.80    -99.00      9.40      0.60      0.00     11.60
02      0.00      0.00      0.00    -99.00      0.00      0.00      8.20      4.60      0.00     17.60      0.00      0.00
03      1.00      0.00     49.60    -99.00      0.00     17.20      0.00      1.20      0.00     44.40      0.00      0.00
04      2.20      0.00     19.40    -99.00      1.80      0.00      0.00      0.00      0.00      0.20     10.80     16.60
05      0.00      0.20      0.00    -99.00      0.00      0.00      0.00      0.00      0.00      0.00     67.80      0.20
06      7.00      0.00      0.40    -99.00      0.00      0.00      0.00      0.00     11.00      4.80      8.40      0.00
07      7.20      0.00      0.00    -99.00      0.80      0.00      3.00     15.60      4.80      5.20      1.80      0.00
08      1.00      0.00      0.00    -99.00      0.00      0.00      3.60      0.20      1.60      0.00      1.20      0.00
09      5.40      5.00      0.00    -99.00      0.60      0.00      0.00      0.00      1.20      0.00      5.80      0.00
10      0.00      4.00      0.00    -99.00      3.20     45.20      5.60      0.00     53.40      0.00     60.20      0.00
11      1.20      0.00      0.00    -99.00      1.60     22.40      8.20      0.00      4.80     17.20      0.00      0.00
12      0.60      0.20      0.00    -99.00      4.60      0.20      0.40      8.20      1.40      0.00      0.00      0.00
13      0.00      0.40      0.00    -99.00      0.00      0.00      0.00      0.00     50.00      8.00      2.00      1.00
14      0.00      0.00      0.00      0.00      0.00      0.00      0.00      0.00      4.80     35.60     46.80      7.40
15      0.00      0.00      0.00      0.00      0.00      0.00      0.00      0.00      6.20    149.40    482.20     10.40
16      0.00      0.00      0.00      2.20      0.00      0.00      0.00      0.00      0.00      5.80    103.20      9.60
17      0.80      0.00      0.00      4.20     18.40      0.00      0.00      0.00    125.60      4.20     15.00      4.80
18      1.60      0.00      0.00      7.60      4.40      0.00      0.00      0.00    244.60      3.40      0.40      6.80
19      0.20      0.00      0.00      0.00      0.00      0.00     17.60      0.00      4.60     27.20      0.60      0.60
20      1.00      0.00      0.00      0.20      0.00      0.00      3.00      0.00      9.00     63.00     22.40      0.00
21      0.00      2.00      0.00      0.00      0.00      0.00      0.00      0.00      2.20     50.80     11.40      4.00
22      0.20      0.20      0.00      0.00      0.00     14.20      0.00      0.60      0.00     15.20      2.00      2.40
23      0.00      3.00      0.00      4.20      0.00      0.20      9.80      0.00      0.00     29.40      0.40      0.00
24      0.60      6.40      0.00      0.00     28.60      0.40     25.40      0.00      0.00      1.40      0.00      0.00
25      7.00      0.20      0.00      1.60      0.00      7.60      0.00      0.00      2.80     17.80     60.80      0.00
26      0.00      0.00      0.00      5.60      0.00      0.00      0.00     24.00     29.60      5.40      3.20      0.00
27      0.00      0.00      0.00      0.20      0.00      0.00      0.00      0.60     29.40      1.20      0.00      1.40
28      0.00      0.00      0.00      0.00      0.00      0.00      0.00      0.00      3.80      0.00     69.40      1.00
29      0.20    -99.00      0.00      1.00      0.00      0.00      0.00      2.40      5.00      2.00     22.80      4.20
30      0.00    -99.00      0.00      0.20      0.00      0.00      0.00      0.00    113.20      3.00     16.60      0.40
31      0.00    -99.00      0.00    -99.00      0.00    -99.00      0.00      0.20    -99.00      0.00    -99.00      0.00
2014
01      0.00      0.00      0.00    -99.00      6.00      0.00    -99.00      0.20     11.40      0.00      0.20     78.00
02      0.20      0.00      0.00    -99.00      0.20      0.00    -99.00      8.00     17.20      0.00      0.00     74.80
03      0.00      0.00      0.40    -99.00      0.60      0.00    -99.00      0.00      0.20      2.60      6.60     59.40
04      0.80      0.00      0.00    -99.00     19.80      0.00    -99.00      0.00      0.00      0.00     32.20     23.40
05      0.00      0.00      1.20    -99.00      0.00      1.40      0.00      0.00      0.00     74.60      0.80      3.80
06      0.20      0.00      0.20    -99.00      0.80     12.20      0.00      0.00      0.00    106.80      0.00      6.60
07      0.00      0.00      0.00    -99.00      2.40      0.00      1.80      0.00      8.20     34.40      0.00     27.00
08      0.00      0.00      0.00    -99.00     37.00      0.00     22.20      0.00      0.00     26.00      0.00     15.20
09      4.60      0.00      0.20    -99.00      0.00      0.00      3.80      0.00      0.00      0.00      4.80     36.00
10      7.20     13.60      0.00    -99.00      0.00      0.00      0.00      0.00      0.00      0.00      0.00      1.20
11      0.40      1.60      0.00    -99.00      0.00      0.60      4.80      0.00      0.00      0.00      0.00      0.20
12      0.20      0.20      0.00    -99.00      0.00      3.80      3.60      0.00      0.00     21.40      8.20     29.00
13     40.00      6.20      0.00    -99.00      0.00      0.20      0.20      0.00    -99.00     16.20     61.40     32.00
14     16.20      1.60      1.80      0.00      0.00      0.00      0.00    -99.00    -99.00      4.80     13.20      0.20
15      0.00      0.00      1.80      0.00      0.00      0.00      1.20    -99.00    -99.00      4.60     41.80      0.00
16      1.40      0.00      0.00      0.00      0.40      0.00      0.00    -99.00    -99.00      0.20      0.00     20.80
17      0.00      0.00      0.20      0.00      0.00      0.00      2.40      0.00    -99.00      5.20      2.00     20.40
18      4.40      1.00      0.00      0.00      0.00      0.00      2.80      0.20    -99.00     29.20      2.00      2.20
19      2.20      7.20      0.00      0.00      0.00      0.00      0.80     31.80    -99.00      0.40      0.00      1.20
20      0.40      1.40      0.60      0.00      0.00      0.00    -99.00      2.00    -99.00      6.40      6.20      0.00
21      0.00      0.00     17.20      0.00      0.00      0.00      0.00     19.60    -99.00      5.00      0.00     13.60
22      0.60      0.00      3.20      0.00      0.00      0.00      0.60      0.00    -99.00     13.40      6.60      6.00
23      0.00      0.00      0.00      0.00      0.80    -99.00      0.80      0.00    -99.00     70.60      1.80      0.60
24      0.00      0.00      0.00      0.00      0.00    -99.00      0.00      0.00    -99.00      6.40     10.80      6.20
25      0.00      0.00      0.00      0.00      0.00    -99.00      0.00      0.00    -99.00    113.00      0.20      4.80
26      0.60      0.00      0.00      0.00      0.00    -99.00     36.20      7.40    -99.00      7.00      0.00      3.80
27      0.20      0.00      0.00      0.00      0.00    -99.00     30.40      0.00    -99.00     10.00      0.00     13.80
28      0.00      0.00    -99.00      0.00      0.00    -99.00      0.00    120.00    -99.00     59.20      0.00     90.80
29      0.00    -99.00    -99.00      0.00      0.00    -99.00      7.40      0.00    -99.00      1.00      0.00      1.00
30      0.00    -99.00    -99.00      0.00      0.00    -99.00      3.00      6.40    -99.00      0.00     17.20      0.00
31      0.00    -99.00    -99.00    -99.00      0.00    -99.00      0.00     20.60    -99.00     13.40    -99.00      0.00
2015
01      0.00      0.00      0.00      0.00      0.00      0.00      0.00      4.80      0.00      0.00    111.40      0.20
02      5.00      1.80      0.00      0.00      1.60      7.60      0.00      0.40      0.00      5.60      0.40      0.00
03      6.40      2.00      0.00      0.00      0.00      0.00      0.00      2.20      0.00     18.00     21.60      0.00
04      0.00      0.40      0.00      0.00      0.00      0.00      0.00      0.80      0.00      2.80     90.60      0.00
05      0.00      6.00      0.00      0.00      0.00      0.00      0.00      0.00      0.00      6.00     44.80      0.20
06      0.20     62.00      0.00      0.00      0.00      0.00     43.20      1.40      0.00     18.60      4.00     52.40
07     21.00      0.00      0.00      0.40      0.00      3.20     12.60      0.00      0.00     28.40      0.00     15.40
08      0.00      0.00      0.00      0.00      0.00      0.00    -99.00      0.00      0.00     13.80      0.80      8.80
09      0.00      0.00      0.00      0.00      7.60      0.00    -99.00      0.00      0.00      0.00      2.60      0.00
10      9.20      0.00      0.00      5.60      0.20      0.00    -99.00      0.00      2.00      8.00      1.60      0.00
11      2.40      0.00      0.00      4.00      0.00      0.00    -99.00      0.00      5.00      8.00      0.60      0.00
12      1.20      0.00      0.20     49.40      0.00      0.00    -99.00     14.80      8.00     48.20      0.00      0.00
13      0.20      0.00      0.20      0.60      0.00      0.00    -99.00      0.00     34.00     57.20      0.00      0.20
14      0.20      0.00      0.00      0.20      0.00      0.00      0.00      5.40     86.40    170.60      0.00      0.00
15      0.00      0.00      0.00      0.00      1.00      0.00      0.00      0.00    167.20      0.60      0.00     50.00
16      0.00      0.00      0.00      0.00      0.00      0.00      0.00      0.00      5.00      4.20      0.00     69.60
17      0.00      0.00      0.00      0.00      4.60      0.00      0.40      0.00      0.00      0.20      0.00     46.20
18      0.00      0.00      0.00      0.00      0.00      0.00      0.00      0.00      0.00      0.00      0.00      3.20
19      0.00      0.00      0.00      0.00      0.40      0.00      5.20      0.00      0.00      0.00      0.00      4.80
20      0.00      0.00      0.00      0.00      0.00      0.00      5.20      2.00      0.00      0.00     32.00      2.20
21      0.00      0.00      0.00      0.00      0.00      2.60      0.00      0.00      1.40      0.00      1.60      4.20
22      0.00      0.00      0.00      3.20      0.00      3.20      0.00      0.00      0.00      0.00      1.20      4.00
23      0.00      0.00      0.00      5.40      0.00      7.40      0.00      0.00      4.60      0.00      0.40      0.00
24      0.00      0.00      5.00     35.00      0.00      0.20      0.00      0.00      0.00      0.20      9.80      0.20
25      0.00      0.00      0.00     63.60      0.00      0.00      0.00      0.60      0.00      0.00      0.00      0.00
26      0.00      0.00      0.00      4.00      0.00      0.00      2.00     12.60      0.00      0.00      0.00      0.00
27      0.00      0.00     20.80      0.00      0.00      0.00      5.20     37.80      0.00      0.00     49.80      0.00
28      0.00      0.00     31.60      1.40      0.00      0.00      8.80      0.00      0.00      0.00     33.80      9.00
29      0.00    -99.00      0.60      0.00      0.00      0.00      3.40      0.00      0.00      0.00      2.80      3.40
30      0.00    -99.00      0.00      2.00      0.00      0.00     18.80      0.00      0.00      0.00      0.40      2.80
31      0.00    -99.00      0.00    -99.00     13.20    -99.00      1.80      0.00    -99.00     24.60    -99.00      4.80
2016
01      2.20     10.40      0.20      0.00      0.00      0.20      0.00      0.00      0.20      0.00     35.60    103.40
02      3.40     20.60      2.00    -99.00      0.00     66.00      0.00      0.00      0.00      5.80     28.20     47.20
03      4.20      0.80      0.20    -99.00      2.40      0.00      0.00      0.00      0.00     11.80      8.60    140.40
04      0.00      3.20      0.00    -99.00      0.00      6.20      0.00      3.60      0.00     41.60      2.20     26.00
05      0.00      6.40      0.00      0.00      2.40     11.40     19.80      0.20      0.00     14.80      0.20     11.80
06      0.00      8.20      0.00      0.00      0.00      0.00      2.40      0.00     29.80     21.60     78.40      7.80
07      0.00      1.80      0.00      0.00     14.20     13.20      0.20      0.00      0.00     15.80     12.20     44.20
08      0.00      0.00      0.00      0.00      0.00      0.00      6.80      0.00      0.00      7.00     72.20     23.20
09      0.00      0.00      0.00      0.00      0.00      0.00      0.00      0.00      4.40      7.00      2.80      0.20
10      0.00      0.00      2.20      0.00      0.00      0.00      0.00      0.00      0.00      0.00     12.00      0.00
11      4.40      0.20      3.40      0.00      0.60      0.00      0.00      0.00      0.00     10.60      6.40     13.60
12      2.80      0.00      0.00      0.00      0.00      0.00      0.00      0.00     46.20      1.40      0.00      5.60
13      3.60      0.00      0.00      0.00      0.00      0.00      0.00      0.20     57.00    108.20      0.00    131.60
14      0.00      0.00      2.80      0.00      6.60      0.00      0.00      3.20      1.60     91.60      0.00     46.80
15      0.40      3.40      0.00      0.00      0.00      0.00      0.00      0.00      0.00     28.80      0.00    183.20
16      1.40      1.00      0.00      0.00      0.00      0.00      0.00      1.80      0.00     45.60      0.20     74.00
17      6.00      0.40      0.00      0.00      0.00      0.00      0.00      0.00      0.00      0.40     27.60      7.60
18      3.80      0.40      0.00      0.00      0.00      0.00      0.00      3.60     12.80      0.00     72.00      5.40
19      1.60      1.00      0.00    -99.00      1.00      0.00      5.40      0.00      0.00      0.00      0.20      6.20
20      0.20      7.00      0.00    -99.00      0.20      0.00      0.00      0.00     10.80      0.00     58.80      4.60
21      0.00      0.00      0.00    -99.00      0.00      0.00      0.00      0.00    233.60      0.00      8.20      0.60
22      0.20      0.00      0.00    -99.00     51.20      0.00      0.00     15.00    131.80      0.00     43.40      5.00
23     18.60      5.80      0.00    -99.00      3.80      0.00      0.00      0.00     42.40      0.00     50.40     13.40
24     52.40     41.60      5.20    -99.00     20.20      9.60      0.00     27.80      1.00      0.00    127.40     15.80
25      4.60     12.20     22.00    -99.00      6.40      0.20      0.00      1.80      2.00      0.00     16.00      0.00
26      1.40      3.20      2.80    -99.00      0.00      4.40      0.00      0.00      1.60     16.60     52.20      0.20
27      0.20      0.00      8.00    -99.00     13.40     18.80      1.20      0.00      0.00      0.40     16.80     56.60
28      0.00      0.00      0.20    -99.00      0.00     18.40      6.60     16.00      0.00      0.00      1.00     31.80
29      0.00      0.00      0.00    -99.00      0.40      5.40      0.00     27.00      4.40      0.00     12.40     27.00
30      3.40    -99.00      0.00    -99.00      9.60      1.60      0.00      0.20      0.40     39.20     80.60     13.80
31      0.40    -99.00      0.00    -99.00     10.20    -99.00      0.00      0.00    -99.00     27.60    -99.00    -99.00
2017
01      7.00     18.20      0.40      0.40      0.00      0.00      0.00      0.00    -99.00      0.00     50.60      0.40
02     21.00      7.20      3.80      4.80      0.00      0.00      0.00      0.00    -99.00     33.60      2.40     50.20
03      0.00      0.60      0.00      0.00      0.00      0.00      0.00      0.00    -99.00      2.60      1.20     34.80
04      0.00      0.20      0.00      0.00      0.00      0.00      0.00      0.00      0.00      0.00     95.80      6.40
05      0.00      0.00      0.20      0.40      0.00      9.60     22.00      0.00      0.60      5.00    182.60     48.00
06      0.00      0.00      0.20      0.20      0.00      0.00      0.00      5.80      0.00      0.40     48.40      0.00
07      0.00      0.20      0.00      0.00      0.00     52.20      0.00      0.00     18.80      0.00    258.80      0.00
08      0.00      0.00      0.40      0.00      4.20     19.60      0.00      0.00      0.00     40.60    155.60      9.80
09      0.00     32.20      0.40      0.00      0.80     14.20      0.60      0.00      0.00    119.20     28.00     16.40
10      0.00      5.60      0.00      0.00      0.00     20.80     13.20      0.00      0.00      0.20     17.00      0.40
11      0.00     21.40      0.00      0.00      0.00      0.00      0.20      0.00      0.00     48.20      0.20      2.20
12      0.00     26.60      0.00      0.40      0.20      0.00     12.60     26.00      0.00     15.20      0.20      0.00
13      0.00      0.20      0.00      7.80      2.40      0.40     35.80      0.00      6.40      9.40      0.00      0.00
14      0.00      1.00      0.00      0.00      0.00     34.00      2.00      0.00    110.40      0.00     60.80      0.00
15      0.00      0.00      0.00      0.00     14.00      0.00      2.60      0.00     92.60      1.60      6.00      8.60
16      0.00      0.20      0.40      0.00     26.40      0.00     57.20      0.00      0.00      0.00     12.80     43.60
17      0.00      0.00      0.20      0.00      1.80      0.00     22.20      0.00      0.00      1.60      0.00     28.00
18      0.00      0.20      1.00      1.20      0.00      0.00      1.60      7.00      0.00     19.80      0.00      0.00
19      0.00      0.00      0.20      0.00     12.40      0.00      7.00      0.00      0.00     77.80     73.40      0.00
20      0.00      0.00      0.00      0.00      0.20      0.00      0.00      0.00      0.00      0.20    262.00      4.40
21      0.00      0.00      7.40      0.00      0.00      0.00      0.00      0.00      0.00      0.80    145.20      3.80
22      0.00      0.00      0.20      2.20      0.00      0.00      0.00      0.00     11.20      0.20    222.80      0.00
23      0.00      0.00      0.00      0.00      0.20      0.00      0.60      0.00      2.20     16.40    112.40      0.00
24      0.00     12.00      0.00      2.80      7.40      4.00      0.00      0.00      0.20     13.40     23.20     20.80
25      0.00      6.20      0.60      0.00     62.80      0.20    140.00     19.40     11.60     24.00      2.40      7.80
26      0.00      7.60     17.40      0.60     10.40      0.00      1.60     61.60      0.00      2.80      2.40     13.20
27      0.00      2.00      4.60      0.00      0.00      0.00      1.40     36.60      0.00      0.00      1.00     15.80
28      0.00      0.20      0.00     10.00      5.60      0.00     26.20     15.00      1.20      0.00     21.60      2.00
29      0.00    -99.00      5.00      1.80      3.40      3.40      0.00      0.40      0.00      3.20     32.00      7.80
30      0.00    -99.00      0.00      0.00     25.40      0.00      0.00    -99.00      0.00     37.40     22.60      0.60
31      0.00    -99.00     18.60    -99.00      0.20    -99.00      0.00    -99.00    -99.00     17.40    -99.00      2.20
2018
01      0.00      1.40      0.60      0.00    -99.00    -99.00      0.00      0.00      0.00      0.00      0.00      0.40
02      0.00     12.40      0.00      0.00    -99.00    -99.00      0.00      0.00      0.00      0.00      0.00      0.20
03     11.80      1.60      0.00      0.00    -99.00    -99.00      0.00      0.00      0.00      0.00      0.00      0.00
04      3.80      0.00      0.00      0.00    -99.00    -99.00      0.00      0.00      0.00      0.00      0.00      2.00
05      4.60      8.40      0.00      0.00    -99.00    -99.00      0.00      0.00      0.00      0.00      3.60      0.00
06      0.20      0.00      0.00      0.00    -99.00    -99.00      0.00      0.00      0.00      0.00      6.80      0.00
07      1.00      0.00      0.00      0.00    -99.00    -99.00      0.00      0.00      0.00      0.00     13.20      1.80
08      3.80      2.00     20.80    131.40    -99.00    -99.00      0.00      0.00      0.00      0.00     63.80     41.80
09     35.00      0.00      5.20      0.00    -99.00    -99.00      0.00      0.00      0.00      0.00     63.20    146.40
10      0.00      0.00      0.00      1.40    -99.00    -99.00      0.00      0.00      0.00      0.00      0.20    165.40
11      0.00     12.40      0.00      0.00    -99.00    -99.00     33.00      0.00      0.00      0.00      0.20     14.40
12      0.00     18.00      0.00      0.00    -99.00    -99.00      1.40      0.00      0.00      0.00      0.00    172.80
13     13.40      0.20      0.00      0.00      0.00    -99.00      7.00      0.00      0.00      0.00      0.00     37.20
14      9.20      0.00      3.40      0.00      0.00    -99.00      0.60      0.00      0.00      0.00      0.00     18.00
15      0.20      0.20      4.40      4.60      0.00    -99.00      3.60      0.00      0.00      0.00      0.00     25.60
16      0.00      0.00      0.00      6.40      2.00    -99.00      9.20      0.00      0.00      0.00      0.00     37.00
17      0.00      0.00      0.00      3.40      0.00    -99.00     48.80      0.00      0.00      0.00      0.00     30.00
18      0.00      0.00      0.00      0.20      0.00    -99.00     19.40      0.00      0.00      0.80      0.00      0.60
19      8.00      0.00      0.00      0.00      0.00    -99.00      0.20      0.00      0.00      0.40      0.00      0.00
20      1.40      0.00      0.20      0.00      0.00    -99.00      0.00      0.00      0.00      5.80      0.00      0.00
21      0.00      0.00      0.60      0.00      0.00    -99.00      0.20      0.00      0.00      0.00      0.00      0.00
22      2.80      0.00      0.00      0.00      0.00    -99.00     16.60      0.00      0.00      0.00     79.20      0.00
23      0.00     10.80      0.00      0.00      0.00    -99.00      0.00      0.00      0.00      0.00     84.60      0.00
24      1.00      0.00      0.00      0.00      0.00    -99.00      0.00      0.00      0.00      0.00      7.00      4.20
25      0.00      4.80      0.00      0.00      0.00    -99.00      0.00      0.00      0.00      0.00     10.20      0.60
26      0.00      0.00      0.00      9.60     20.00    -99.00      2.40      0.00      0.00      0.00      3.20      0.80
27      2.60      0.00      0.00      0.00      0.00    -99.00      6.80      0.00      0.00      2.20      3.60      8.60
28      0.00      0.00      0.20      0.60      0.00    -99.00      2.60      0.00      0.00      0.80     18.20      0.00
29     20.60    -99.00      0.00      0.00      0.00    -99.00      2.80      0.00      0.00      3.80     76.40     10.40
30      0.20    -99.00      0.00    -99.00      0.00    -99.00      0.40      0.00      0.00      0.40      7.20     33.20
31     12.00    -99.00      0.00    -99.00      0.00    -99.00      0.20      0.00    -99.00      0.00    -99.00     37.20
