PhongDien           
   107.33100       16.673000               4
2011
01      0.00      0.00      0.00      0.00      0.00      0.00      4.20      1.00      0.00     90.60      1.20      8.00
02      0.60      0.00      0.00      0.00      0.00      0.00      0.00      7.60      0.00      7.80     94.60      1.20
03      0.60      0.00      2.20      0.00      0.00     10.00      0.00     26.80      0.00     68.40      0.00      0.00
04      3.00      0.00      9.00      0.00      0.00      8.40      0.00      0.00      7.80     21.60      0.00      2.80
05      0.40      0.00      0.00      0.00      0.00      0.00      0.00      0.00     18.80      2.00     18.20      0.40
06      3.60      0.00      0.00      0.00      0.60      0.00      0.00      0.00      0.00      0.40     15.20     12.80
07     14.20      0.00      4.00      0.40      2.20      0.00      0.00      9.80      0.00      9.20     59.20      1.00
08      0.00      0.00      0.00      0.00      0.00      0.00      0.00      1.00      0.00     29.40     61.40     49.00
09     20.80      0.20      0.00      0.00      0.00      0.00      0.00      0.00      9.00    112.20      9.40     18.80
10      0.40      0.20      0.20      0.40      0.00      0.00     10.20      6.60    126.60     29.00      3.20     25.00
11      0.00      0.20      0.00      0.00      0.00      0.00      0.00      0.00     35.00      1.00      0.00      0.00
12      0.40      0.60      0.00      0.00     39.80      0.00      0.00      0.00     41.80    156.20      0.00      0.00
13      0.00      0.40      0.00      0.00      0.00      0.00      0.00      0.00      1.60    111.20      0.20      0.00
14      0.00      1.00      0.00      0.00      1.60      0.00     15.20      0.00      0.00     19.00      0.00      0.00
15      1.20      0.00      1.20      0.00      3.40      0.00     14.00      0.00      0.00     44.20      0.00     12.40
16      0.00      0.00      2.40      0.00     35.40      0.00      2.40      5.60      9.00    256.40      0.00     23.20
17      0.00      0.20      8.80      0.00      1.00      0.00      0.00     12.80      0.20     70.80      0.00      3.00
18      0.60      0.40      0.40     36.80      4.00      0.00      0.00      0.20      0.00      3.20      0.20      0.00
19      0.20      0.20      0.00      0.00      0.20      0.00      0.80      4.00     15.40      9.00      0.00      3.40
20      0.60      0.00      0.00      1.60      6.60      0.00      0.80      0.40      1.40      0.00      0.20      0.00
21      2.20      0.00      0.00      0.20      0.00      0.00      0.00      4.20     17.40      0.00      4.00      0.80
22      0.00      0.40      4.20      0.00      0.00      0.00      0.20      0.00    257.00      0.00     16.80      8.60
23      1.60      1.20      1.40      0.00      3.60      1.60      1.80      0.00     41.40      0.00      3.00     23.40
24      3.20      0.20      1.80      2.60      0.00      1.60      0.00      7.80      0.40      3.80      3.40      0.60
25      0.00      0.00      4.80      0.80      0.00      0.00      5.00      5.00     14.60      5.60      0.00      0.00
26      0.00      0.00      4.80      0.00      0.00      0.00      0.00      0.60     47.40     15.20     63.40      0.00
27      0.00      0.00      2.00      2.60      0.00      0.20      0.00      1.40     78.20      2.20     54.60      0.00
28      0.60      0.00      0.60      0.00      0.00      3.60      0.00      0.00      0.00     24.20      0.20      1.20
29      6.20    -99.00      0.60      0.40      0.00      0.20      0.00      0.40      2.60     34.40      0.00      0.40
30      0.00    -99.00     13.40      0.20      0.00      0.00     15.20      0.00     65.00     12.20      0.00      0.00
31      0.60    -99.00      6.20    -99.00      0.00    -99.00      1.40      0.00    -99.00     22.40    -99.00      0.20
2012
01      2.60      0.00      0.40      0.00      0.00     53.20      4.60      6.60      0.00      0.00      0.80      0.00
02      0.00      0.40      0.20      0.00      0.00      5.20      4.40      0.00      4.60      0.00      0.00      0.00
03      0.00      0.20      0.20      0.20      0.00      0.20     65.20      0.00     26.00      0.00      0.00      0.20
04      6.20      0.00      0.00      0.00      0.00      0.00     41.60      0.00    165.80      0.00      4.40      0.00
05      0.80      0.00      0.20     34.40      0.00      0.00     13.20      0.00     91.20      0.00     13.60     11.40
06      0.20      0.20      0.00      0.20      0.00      0.00      3.60      0.40     24.60      8.40      0.60      0.00
07      1.40      0.00      0.00     22.00      0.00     23.20      0.00      1.20      0.20     88.20     18.60      0.00
08      1.00      0.40      5.00      0.20      0.60     21.40     42.00      0.40      0.00     54.40      1.60      0.00
09      3.00      0.00      0.60      0.00      1.00      0.80      0.00      0.20      0.00      6.20      0.00      0.00
10      0.00      0.00      0.40      0.00      0.00      0.00      0.00      0.60      5.40      9.80      0.00      0.00
11      1.00      0.00      2.80      0.20      5.20      0.00      0.00      0.00      0.00      9.20      0.20      0.00
12      0.00      0.00      1.00      0.00      0.40      0.00      0.00      0.00      0.60      3.00      8.60     23.20
13      0.00      0.00      0.40      0.00      0.00      0.00      0.00      0.00      0.00      0.00     67.80      6.60
14      0.00      0.00      0.00      0.00      0.00      0.00      0.00      0.00    304.40      0.00      1.40      0.40
15      1.00      0.00      0.00      0.00      0.00     15.20      0.00      9.80     73.80      0.20      4.20      0.00
16      0.40      0.00      0.00      0.00      0.00     46.00      0.00      6.00     29.00      0.00     10.00      0.00
17      0.60      1.40      0.20      0.00      0.00      0.00      0.00      0.00      7.80      0.00     65.60      0.00
18      1.40      1.80      0.00      0.00      0.20      7.00      0.00      0.00      2.20      6.60      0.60     14.20
19      1.20      4.00      1.20      0.00      0.00      0.00      0.00      0.00      0.00      8.00      2.80      5.00
20      1.20      0.00      0.00      0.00      0.00      0.40      0.00      0.00      0.00      0.00      0.00      0.00
21      0.00      0.00      0.00     77.00      0.00      0.00      0.00      0.00      0.00      1.00      0.00      0.00
22      8.20      0.00      0.00      0.00      0.40      1.00      1.00      9.60      0.00      0.00      0.20     34.80
23      0.80      0.00      1.40      0.00      0.00      0.00     13.00      1.40      0.00      3.20      0.00     36.60
24      0.40      0.00      0.20      0.00      0.00      0.00      0.20      0.00      0.00      0.60      4.40      0.00
25      2.00      0.00      0.00      0.00      0.00      0.00      1.20      6.60      0.40      1.20      0.00      0.00
26      0.20      1.20      0.00      0.00     64.80      0.00      1.80      0.00     41.20      5.00      7.00      5.80
27      0.20      1.60      0.00      0.00     48.00      0.00      0.00      0.00     27.40     52.80     44.20      1.00
28      0.00      2.40      1.20      0.00      0.40      0.00      0.00      1.60     61.60     12.40      0.20      1.80
29      2.00      0.20      0.00      0.00      4.60      0.00      0.00      0.00     50.80      0.00      0.00      6.00
30      1.40    -99.00      0.00      0.00      7.40      0.00      0.00      0.00      6.00      3.40      0.00     22.60
31      2.20    -99.00      0.00    -99.00     12.00    -99.00      1.60      0.00    -99.00      0.60    -99.00      0.40
2013
01      0.00      0.00      0.00      0.40     11.80    -99.00     13.60      0.00      0.00    -99.00      0.00      0.80
02      0.00      0.00      0.00      0.20      8.00    -99.00      1.00      6.20      0.00    -99.00      0.00      0.00
03      0.00      0.00      7.80      0.00      7.80    -99.00     13.80      0.80      0.00    -99.00      0.00      0.00
04      2.20      0.00      0.20      0.00      0.60    -99.00     16.80      0.00      0.00    -99.00      0.00      0.00
05      4.40      1.00      0.00      0.00      0.00    -99.00      0.00      0.00     85.40    -99.00     14.40      1.20
06      4.40      0.00      0.40      0.20      0.00    -99.00      0.00      0.00     16.00    -99.00      9.40      1.40
07      0.00      0.20      0.00      0.00     12.60    -99.00     11.80     45.00     50.80    -99.00      1.40      0.20
08      0.00      0.00      0.00      0.00      0.00    -99.00      1.80     16.60      7.40    -99.00      3.40      0.00
09      0.40      0.80      0.00      0.60      0.00    -99.00      0.00      0.60     19.80    -99.00      2.20      0.00
10      0.00      0.40      0.20      1.00     32.20    -99.00      0.00      0.00     17.40    -99.00     18.00      0.00
11      0.00      0.00      0.00      1.40     24.20    -99.00      0.00      0.00     45.80    -99.00      0.00      0.00
12      0.00      0.00      1.00      2.00      0.00    -99.00      0.00      7.60    112.00    -99.00      0.00      0.60
13      0.00      0.00     26.00      0.00      0.00    -99.00      0.00      0.00     28.20    -99.00      0.80      1.20
14      0.20      0.00      0.60      0.00      0.00    -99.00      0.00      0.00      0.00    -99.00      3.80      0.60
15      0.80      1.20      0.00      0.00      0.00    -99.00      0.00      0.00      0.00    -99.00     35.20     22.40
16      0.00      0.20      0.20      7.40      0.00    -99.00      0.00      0.00      0.00    -99.00     13.20     19.80
17      0.00      0.00      0.00     12.60      0.00    -99.00      0.00      0.00      9.00    -99.00     13.60     11.60
18      4.40      0.00      0.00      0.00      0.00    -99.00      3.20      0.80     65.60    -99.00     34.80      0.00
19      0.40      0.00      0.00      0.00      0.00    -99.00      0.00      1.60     92.80    -99.00     46.80      0.00
20      0.00      0.00      0.60      0.00    -99.00    -99.00     52.00      0.00     98.60    -99.00      4.00      0.00
21      0.00      0.20      0.20      0.00    -99.00    -99.00      0.00      4.40      2.80    -99.00      3.40      0.00
22      0.00     11.20      2.00      0.00    -99.00    -99.00      1.40      0.00      0.00    -99.00      6.80      0.00
23      0.20      9.00      0.00      3.40    -99.00    -99.00     18.00      0.00      0.00     14.80      1.60      0.00
24      0.00      0.20      0.20      0.00    -99.00    -99.00      1.60      0.00      0.00      0.60      0.20      0.00
25      0.00      0.20      2.80      0.60    -99.00    -99.00     10.20      0.00      2.20      0.60      6.20      0.00
26      0.00      0.00      1.00      0.00    -99.00    -99.00      0.00      0.00    106.20      0.00      0.00      0.00
27      1.40      0.80      0.00      0.00    -99.00    -99.00      0.80      0.00     24.20      0.00      0.00      1.20
28      2.60      0.40      0.00      0.00    -99.00    -99.00      3.60      0.00     92.80      0.00     19.20      0.00
29      0.40    -99.00      0.20      0.00    -99.00      0.00      0.80      0.00     18.00      0.40      0.60      0.00
30      0.20    -99.00      0.00      0.00    -99.00      0.00      0.00      0.00    168.20      2.20      0.20      0.00
31      1.40    -99.00     16.00    -99.00    -99.00    -99.00      0.00      2.20    -99.00      0.20    -99.00      0.00
2014
01      0.00      0.20      0.00      0.00      0.00      0.00      0.00      0.00      9.40      0.00      7.60     27.00
02      0.00      0.00      0.00      0.00      0.00      0.00      0.00      0.00     14.60      0.00      0.00     11.80
03      0.00      0.00      0.20      0.00      0.00      0.00      0.00      0.00      2.60      0.00     56.00      3.20
04      0.00      0.00      0.00     26.40      0.20      0.00      0.00      0.00     28.80      0.00      7.20      4.60
05      0.00      0.00      1.20      0.00      0.20      0.00      0.00      0.00      0.00     60.40      0.20      0.40
06      0.00      0.00      0.40      0.00      0.00      0.40      0.00      0.40      0.00    131.40      0.40      0.00
07      0.00      0.20      0.20      8.80      1.80      0.00      0.00      0.40      0.00      3.00      0.00      6.60
08      0.20      0.00      0.40      0.80      1.20      0.00      0.00      0.00      0.00      2.00      0.00      0.40
09      5.60      0.20      1.20      0.20      3.00      0.00      0.00      0.00      0.00      0.00      1.80      0.00
10      5.60      1.60      0.00      0.00      0.00      0.00      0.00      0.00      0.00      0.00      0.00      9.60
11      3.80      1.40      0.00      0.00      0.00     21.00      0.00      0.00      0.00      0.40      3.60      0.20
12      1.40      0.00      0.00      0.00      0.00      5.00      0.00      0.00      0.00      0.00    169.80      1.40
13     10.00      1.60      0.00      0.00      0.00      3.80      0.00      4.40      0.00     11.00     30.40      2.40
14      0.20      0.00      1.20      0.00      0.00      0.60      0.00    -99.00      0.00      0.00     11.40      0.00
15      0.00      0.00      0.00      0.00      0.00      0.00      0.00    -99.00      2.40      0.00      7.60      3.00
16      0.00      0.20      0.80      0.00      0.60      0.00      0.00    -99.00     34.40      0.00     20.80      7.60
17      0.60      0.00      0.20      0.00      0.00      0.00      0.00      0.00      0.00      0.00     36.00      0.00
18      0.00      0.20      0.00      0.00      0.00      0.00      1.20      0.00      0.00      0.00     21.40      0.00
19      0.00      6.00      0.00      0.00      0.00      0.00      7.40      0.00      0.00      0.00     12.40      0.00
20      0.60      0.00      0.00      0.00      0.60      0.00    -99.00      0.00      0.00      0.00      0.60      0.00
21      0.00      0.00     41.80      0.00      0.00      0.00      0.20     10.60      0.00      0.00      0.00     23.20
22      0.00      0.00      3.00      0.00      0.00      0.00      1.80      0.00      3.40      0.00      0.00      1.80
23      0.00      0.80      0.60      0.00      0.00     14.20      0.00      1.20      1.00      0.00      3.80      0.00
24      0.00      0.00      0.00      0.00      0.00      0.00      0.00     54.60      0.00      0.00      2.60      1.60
25      0.20      0.00      0.00      0.00      0.00      0.00      0.00      0.60     31.40      0.00      0.80      0.00
26      0.00      0.60      0.00      0.00      0.00      0.00      0.00     46.80      0.00      0.00      0.40      0.40
27      2.20      0.00      0.40      0.20      0.00      0.00      0.00      0.00      0.00      0.00      0.00      0.00
28      0.00      0.00      0.00      4.80      0.00      1.60      0.00     15.40      0.00      0.00      0.20     11.20
29      0.00    -99.00      0.00      4.40      0.40     15.60      0.80      0.20      0.40      0.00      0.00      0.00
30      0.60    -99.00      0.00      0.00      0.00     10.60     12.20      2.00      3.80      0.00     44.20      0.00
31      0.00    -99.00      0.00    -99.00      0.00    -99.00      0.20     35.40    -99.00      0.00    -99.00      0.00
2015
01      0.00      0.00      0.20      0.00      0.00      0.00      0.00     24.00      0.00      0.00     23.80      0.40
02      0.60      2.20      0.00      0.00      0.00      0.00      0.00     36.00      0.00      8.60    238.80      0.00
03      0.00      1.60      0.20      0.00      0.00      0.00      0.00     11.80      0.00     27.80      2.60      1.00
04      0.00      0.00      0.00      0.00      0.00      0.00      0.00     33.40      0.00      1.00      7.60      3.00
05      0.00     16.80      0.00      0.00      0.00      0.00      1.60      0.00      0.60      1.80    103.00      0.00
06      0.00      5.40      0.00      0.00      0.00      2.80      0.00      0.20      0.00     15.00     51.20     12.00
07      3.20      0.00      0.00      0.00      0.00      8.60      7.00     19.00      0.00     49.00      0.20      0.00
08      2.40      6.20      0.20      0.00      0.00      0.00      0.00      0.00      2.80     17.60      0.00      0.00
09      0.80      0.00      0.00      0.00     36.80      0.00      0.00      0.00      0.00     22.80      0.00      0.00
10      0.00      0.00      0.40      1.00      0.00      0.00      0.00      0.00     12.00      3.40      0.00      0.00
11      0.00      0.00      0.20      1.20      0.00      0.00      0.00      0.00     30.60      0.00      1.80      0.00
12      0.40      0.60      1.60      1.40      0.00     38.80     10.60      0.60      8.20      0.80      1.00      0.00
13      0.20      0.00      0.00      0.00      0.00      0.00      0.20      0.00     56.60     15.00      0.00      0.00
14      0.00      0.00      0.00      0.00      0.00      0.00      0.00      0.00    125.60     69.40      0.20      0.00
15      0.00      0.00      0.00      0.00      0.00     17.00      0.00      0.00     73.80      7.80      0.00     15.20
16      0.00      0.00      0.00      0.00      0.00      0.00      0.00      0.00    102.40      0.00      0.00     21.60
17      0.00      0.20      0.00      0.00      0.00      0.00      7.00      0.00     17.80      0.20      0.00      0.00
18      0.00      5.40      0.00      0.00      0.00      0.00      2.40      0.00      0.00      0.00      0.00      0.00
19      1.20      0.00      0.00      0.00      0.00      0.00     36.80      0.00      0.20      0.20      1.20      2.20
20      0.00      0.00      0.00      0.00      0.00      0.00      5.00      0.20      0.00      0.00      3.00      0.00
21      0.00      4.00      0.00      0.00      0.00     13.40      0.00      0.00      0.60      0.00     21.20      0.00
22      0.00      1.40      0.00      0.00      0.00     39.20      0.00      0.00      0.80      0.00     26.40      0.40
23      0.20      0.80      0.00     96.60      0.00     59.00      0.00      0.00      0.00      0.00      5.20      0.00
24      0.00      0.00     13.00     44.40      0.00      3.40      0.00      0.00      0.00      6.20      6.20      0.00
25      0.00      0.00      0.00     25.40      0.00      0.00      0.00     10.40      0.00      0.20      0.00      0.20
26      0.00      2.00      1.00     24.00      0.00      0.00      1.60     30.40      0.00      0.00     98.80      0.00
27      0.00      0.00     12.40      0.20      0.00      0.00      9.40      0.00      0.00      0.00      8.80      0.00
28      0.00      0.00      3.60      0.20      0.00      0.00     15.20      0.00      0.00      0.00      4.00      0.80
29      0.00    -99.00      0.20      2.60      0.00      0.00      7.40      0.40      0.00      0.20     44.60      3.00
30      0.00    -99.00      0.00      0.40      0.00      0.00      4.20      1.00      0.00      0.00      0.40      6.40
31      0.00    -99.00      0.00    -99.00      0.00    -99.00      3.20      0.20    -99.00     14.80    -99.00     32.80
2016
01      6.40      2.80      0.00      0.00      0.00      0.00      0.00      0.00      7.40      0.00    164.40      8.80
02      0.00      1.40      0.20     14.60      0.00      0.00      0.00      0.00      0.00     30.00     75.20      2.00
03      0.00      0.00      0.00      0.00     16.00      0.00    -99.00      0.00      0.00     13.80      3.60      0.40
04      0.00      0.00      0.00      0.00      0.00      0.00      4.80     17.20      0.00      0.00      3.00      0.00
05      0.00      0.80      0.60      0.00      0.00      0.00    -99.00     13.80      4.60      0.00      0.00      5.80
06      0.00      0.60      0.80      0.00      0.00      0.00     54.40      1.60      7.40     32.00     10.80      1.20
07      0.00      0.00      0.00      0.00      0.00      0.00     15.60      2.40      0.00      0.40     14.40      7.20
08      0.00      0.00      0.00      0.00      0.00      0.00    -99.00      5.00      0.00      0.00     33.00      0.00
09      0.40      0.00      0.00      0.20      0.00      0.00      0.00     18.60      0.00      0.00      1.80      0.00
10      0.00      0.00      1.20      0.00      0.00      0.00      0.00     22.00     50.60      0.00      0.40      0.00
11      0.00      0.00      1.80      0.00      2.00      0.00    -99.00      8.80      1.40      0.00      0.40      0.20
12      1.20      0.00      0.40      0.00      0.00      0.00      0.00      0.00     11.80      9.20      0.80     22.20
13      2.00      0.00      0.00      0.00      0.00      0.00      0.00      0.00    121.00     36.40      0.00      3.80
14      0.40      0.00      0.00      0.00     63.80      0.00    -99.00      0.00      0.20    639.40      0.00     46.00
15      0.40      0.60      0.00      0.00      0.00      0.00      0.00      0.00      0.00    149.40      0.00     72.60
16      1.20      0.60      0.00      0.00     22.40      0.00    -99.00      0.00      0.00      1.40      0.00     21.40
17      0.60      0.00      0.00      0.00      0.00      4.80      0.00      0.00      0.00      0.00      0.20      0.40
18      2.20      0.00      0.00      0.20      0.00      0.00      0.00      2.80      0.00      0.00      3.60      0.00
19      0.00      0.20      0.00      0.40      0.00      0.00    -99.00      1.20      0.00      0.00      0.00      3.40
20      0.00      0.00      0.20      0.00      0.00      0.00      8.40      0.20     31.60      0.00     55.60      3.60
21      0.00      0.00      0.00      0.00      0.40      0.00    -99.00     24.00     56.40      0.00     40.80      0.40
22      0.20      0.00      0.00      0.00      9.40      0.00      0.00      1.20    250.00      0.00      3.80      1.40
23      7.00      1.00      0.20      0.00      0.00      0.00    -99.00      9.60     71.20      0.00      1.80      9.40
24     21.40      8.20      1.00    -99.00     14.20      0.00      0.00     68.40     64.80     21.60    153.40      0.80
25      0.40      1.40      3.60      0.00      0.40      2.80    -99.00     78.00      9.40      0.00      0.00      1.00
26      0.00      0.00      0.20      0.00      0.00      0.00      0.80      4.60      0.00      6.60     21.00      0.20
27      0.00      0.00      1.00    -99.00      0.00     29.60    -99.00      0.20      0.00      0.20      0.40      3.80
28      0.00      0.00      2.60    -99.00      0.00      7.00      0.00      3.20      0.00      0.60      0.60      0.00
29      0.80      0.00      0.20    -99.00      0.00     46.80    -99.00      5.20      0.00     78.60      3.80      7.40
30      1.60    -99.00      0.00    -99.00      0.00      0.00      0.00      0.60      0.00     47.20      7.60      0.00
31      0.40    -99.00      0.80    -99.00      0.00    -99.00      0.00      0.00    -99.00    187.60    -99.00      2.00
2017
01      1.00     16.00      2.00      0.00      0.00      0.00      0.00      1.60      0.00      0.60      5.00      0.20
02      4.80      9.80      0.20      1.20      0.00      0.00      0.00      0.00      0.00     34.40      0.20     18.00
03     10.40      7.20      0.00      0.20      0.00      0.00      0.00      0.00      0.00     45.20      0.00      3.80
04      4.20      0.40      0.00      0.00      0.00      0.00      0.00      0.00     20.20     12.00     26.20     37.60
05      2.20      0.00      0.00      0.00      0.40      0.00      0.00      0.00      1.40     11.20     53.60      0.40
06      0.60      0.20      0.00      0.20      0.00      0.00      0.00      0.00      0.00      0.00      1.80      0.00
07      0.00      0.00      0.40      0.00      0.00     77.20      0.00      0.00      3.80     11.40     31.20      0.40
08      1.80      0.20     12.60      0.00      0.00     20.60      0.00      0.00      0.00     27.00     18.60     22.40
09      0.40      5.40      0.00      0.00      2.40     13.80      0.00      0.00      0.00     98.40     25.20      0.00
10      2.80      6.80      0.00      0.00      1.80      0.00      0.00      0.00      0.00     12.00     41.00      0.00
11      0.20     17.40      0.00      0.00      0.00      0.00      3.20      0.00      0.00     56.20      1.80      0.80
12      0.80      0.00      0.20      1.00      0.40      0.00     83.80      0.00      0.00     34.40      0.00      0.00
13      4.00      1.40      0.00      0.00     11.60      0.00      0.80      0.00      0.00      0.00      0.00      0.00
14      0.80      5.00      0.40      0.00      0.20      0.00    121.20      0.00    111.20      0.00     21.40      0.00
15      1.40      4.60      2.20      0.00     54.00      0.00      0.60      0.00    207.40      5.40      0.00      5.20
16     11.80      0.20      5.00      0.00     41.00      0.00     95.20      0.00      0.80      0.00      2.60     74.20
17      0.00      0.20      0.40      0.00      0.00      0.00      3.80      0.00      0.00      0.00      0.00      0.00
18      0.00      0.20      4.20      0.00      0.20      0.00      0.00      2.60      0.00      9.80      6.80      0.00
19      0.60      0.00      4.80      0.00     15.80      0.00      0.00      8.20      0.00     36.80     32.80      0.00
20      7.40      0.00      0.20      0.00      5.00      0.20      0.00      0.00      0.00      0.00    126.60      0.00
21      7.80      0.20      7.40      0.00      1.20      0.00      0.00      0.00      0.20      0.00     17.00      0.00
22     76.80      0.00      0.00      2.60     20.80      0.00      0.00      0.00      3.80      0.60      9.60      0.00
23     16.40      0.40      0.20      0.00      0.00      0.00      9.40      0.00     37.80      0.00     50.40      1.00
24      0.20      2.60      0.40      6.60      4.20      0.00      0.00      0.00      4.80      7.40      0.40      7.40
25     12.80      6.00      0.00      0.00     31.40      0.00     68.80      0.00      3.40     11.40      0.00      0.00
26      3.00      4.40      2.40      0.00      0.00      0.40      9.80     57.00      0.00      0.00      0.00      6.40
27      0.00      0.00      3.00      4.60      0.00      0.00     11.00     60.80      7.60      0.00      0.00      0.60
28      0.20      0.00      0.00      2.60      0.00      0.00      6.00     18.60      7.00      1.20      9.20      0.00
29      0.20    -99.00      0.00      0.00      0.00     15.80      0.00      6.60     14.00      3.40      9.40      3.20
30      0.20    -99.00      0.00      0.00      0.00      0.20      0.00      0.00     35.80      0.00      0.00      1.20
31      0.00    -99.00      1.00    -99.00      0.00    -99.00      0.00      0.60    -99.00      0.20    -99.00     18.20
2018
01      0.60      0.60      0.00      0.00      0.20      0.00      0.00      0.00      0.00     25.40      0.00      5.00
02      3.40      2.40      0.00      0.20      0.00      0.00      0.00      0.00      0.00     40.40      0.00      0.20
03     11.20      0.60      0.20      0.00      0.00      0.00      0.00      0.00      0.40     12.60      0.00      0.00
04      8.00      0.00      0.00      0.00      0.00      6.40      0.00      0.00      0.00      2.80      0.00      0.00
05      6.00      1.00      0.00      0.00      3.60      3.40      0.00      0.00      0.00      0.40      0.00      0.00
06      0.80      0.00      0.00      6.80      0.00      0.20      0.00      0.00      0.00      0.00      1.20      1.80
07      0.00      0.00      0.00     11.80      0.00      0.00      0.00      0.00      1.20      0.00      1.20     52.40
08      3.60      0.00      4.80      0.20      0.00      0.00      0.00      0.00      1.60      0.00      3.40    112.60
09      2.40      0.00      0.40      0.00      0.00      0.00      1.80      2.20      0.00      0.00     81.20     91.20
10      0.00      0.40      1.40      0.00     26.80      0.00     24.40      0.00      0.00     27.40     16.20     20.60
11      0.00      1.00      0.00      0.00      0.00      0.20      0.20      0.00      0.00     34.00      1.00     17.00
12      0.00      3.00      0.20      0.00      0.00      0.40      1.00      1.20      2.60     68.80      0.40     45.00
13      0.40      0.20      0.00      0.00      0.60      0.00      4.60     10.00      1.60     15.20     14.60      0.60
14      0.20      0.00     22.60      0.00      0.00      3.60     10.80      0.00      0.20      0.60      0.60      0.00
15      0.00      0.20      0.20      2.00      0.00      0.20      5.20      0.00     16.40      0.00      0.00      0.60
16      0.00      0.00      0.00      1.60      0.00      0.00      1.80      5.20      0.00      0.00      0.20      3.20
17      0.00      0.00      0.00      0.00      0.00      0.00     38.40      0.00      0.00     10.20      0.00      1.00
18      0.00      0.20      0.00      0.00      0.00      0.00      6.20      0.00     23.00      3.00      0.00      0.40
19      0.00      0.00      0.40      0.00      0.00      2.60      1.20      0.00      2.60     56.40      0.40      0.00
20      0.40      0.60      4.80      0.00      0.00      0.20      1.40      0.00      0.40     15.40      0.00      0.00
21      1.80      0.60      0.00      1.80      0.00      0.00     24.20      0.00      0.00      9.00      0.00      0.00
22      1.60      9.20      0.00     13.60      0.00      0.00    109.40      0.00      0.00      0.00     59.20      0.00
23      0.00      4.60      1.60      0.00      0.00      0.00      0.00      5.00      1.00      0.00      2.60      8.00
24      0.00      0.00      0.40      0.00      0.00      2.20      0.00      0.00      0.00      0.20      6.20      1.40
25      1.20      2.00      0.00      3.60      5.60     11.20      1.40      7.80      0.00      0.00     13.80      0.00
26      0.00      4.60      0.00      0.40      0.00      0.00      4.60     10.20      0.00      0.00      6.60      0.20
27      0.60      0.20      0.20      3.00      0.00      1.60      1.20      0.20      0.00      7.00      2.00      4.00
28      0.80      0.00      0.00      7.80      1.60      0.00     14.20      0.20     13.40    115.20      0.00      0.80
29      5.20    -99.00      0.00      9.40      0.00      0.00     11.40      1.00     39.60      3.20      3.60     64.60
30      1.80    -99.00      0.00      1.00      0.00      0.00      0.20      0.00      0.60      1.40     12.20     12.00
31      4.20    -99.00      0.00    -99.00      0.00    -99.00      4.20      0.00    -99.00      0.00    -99.00      0.60
