QuangNgai           
   108.79200       15.120000              13
2011
01      0.00      0.00      0.00      0.00      0.20      0.00     17.20      0.40      0.00     42.00      0.00     11.40
02      0.20      0.00      0.00      0.00      0.00      0.00      0.00     26.40      0.00      1.00      0.40      4.80
03      1.60      0.00      1.60      0.00      0.00      1.60      0.00      4.80      0.60     22.20      0.00      0.00
04      0.60      0.00      0.40      0.00      0.80      0.00      0.00      0.00      5.60      6.60     28.40      0.00
05      0.00      0.00      0.20      0.00      0.60      0.00      0.00      0.00      0.20     45.00     61.80      0.00
06      3.60      0.00      0.00      0.20      0.00      0.00      0.00      8.40      0.20      5.80    109.80      7.00
07      0.80      0.00      6.00      1.40      0.00      0.00      0.00     27.80      0.00      1.60     64.40      0.20
08      0.00      0.00      3.40      0.20      0.00      0.00      0.20      0.00      0.00     54.00     74.00      9.40
09      0.80      0.20      0.00      1.20      1.40      0.00      0.00      0.00      6.00     26.80     23.00      5.40
10      0.00      0.00      0.00      0.00      1.20      0.00      0.00     13.80     58.20      0.00      0.00      5.00
11      1.00      2.60      0.20      0.00      0.40      0.00      0.00      0.20     78.80      1.20      0.00      0.20
12      0.00      7.20      0.00      0.00     10.00      0.40      0.00      3.40     11.20     21.00      0.20      0.00
13      0.00      2.60      0.00      0.00      0.80      0.00      0.00      0.00     12.40     86.20      0.20      0.00
14      0.00      4.40      0.00      0.00     12.20      0.00      0.00      0.00      0.00    106.00      0.00      0.00
15     10.00      0.00      0.00      0.00      1.80      0.00      4.20      0.00      2.00     94.40      0.00      1.40
16      0.00      0.00      4.00      0.00     28.40      0.00      1.40     21.80      1.00    238.20      0.00      3.20
17      0.00      0.20      2.00      0.00      0.00      6.40      5.20      1.80      6.80      1.00      0.00      0.20
18      0.00      0.00      3.20      7.40      0.00      0.20      0.00      0.00      0.20      0.40      0.00      2.60
19      0.00      0.00      0.00      0.00      3.00      2.40      1.20      5.80      6.00     11.20      0.20      0.80
20      0.20      0.00      0.00      0.20      1.20      0.00      2.20      4.60      4.40      5.60      0.20      0.40
21      2.40      0.00      0.00      0.00      0.00      0.00      1.60      0.00     27.40      0.00      7.40      0.40
22      0.00      0.40      2.00      0.00      0.00      0.00      0.00      1.20     87.40      0.00      3.40      0.40
23      1.20      0.60      1.80      1.40      4.80      2.60      7.80      0.00      1.80      0.00      9.40      6.60
24      1.60      0.40      0.40      0.00      0.00      6.40      0.00      7.20      6.40      0.00      1.00      2.80
25      0.20      0.00      0.40      0.00      0.00      0.40      0.00      0.00      1.20     24.00      0.00      0.00
26      0.00      0.00      3.20      0.00      0.00      0.00      0.00      0.00     37.40     19.20      4.20      0.00
27      0.00      0.00      1.80      5.40      0.00      1.20      0.00      0.00    142.00     28.80      1.80      0.00
28      1.00      0.00      1.00      0.20      0.00     14.40      5.60      0.00      4.00      5.20      3.60      1.60
29      1.60    -99.00     19.40      4.40      0.00      0.00      0.20      0.00      1.40     20.60      0.00      0.00
30      0.80    -99.00     19.80      0.00      0.00      6.00     58.60      0.20    213.20      3.00      3.40      2.20
31      0.00    -99.00      0.20    -99.00      0.00    -99.00      1.80      0.00    -99.00     11.80    -99.00      0.20
2012
01      0.20      0.20      0.00      0.00      0.00      9.80      1.20      0.00      0.20      0.00      0.00      0.00
02      0.00      0.40      0.40      0.00      0.00      7.40      0.00      0.00      0.00      0.00      0.00      5.40
03      0.00      1.40      0.40      0.00      0.00      0.60     18.80      0.00      3.80      0.00      0.00      0.00
04      1.40      0.00      0.20      0.00      3.60      0.00      2.60      0.00     35.00      0.00     41.00      0.00
05      0.80      0.00      0.00      1.20      0.00      0.00     29.00      0.00    166.20      0.40      9.80      3.40
06      0.60      0.00      0.00      0.20      0.00      0.00     23.20      0.00     94.40      0.60      0.20      0.60
07      0.20      0.20      0.00      7.40      2.20      3.40      0.00      0.40      4.80     38.20      0.00      0.00
08      0.00      0.00      5.60      0.00      0.00      8.60      0.00      1.00      0.20     60.80      0.20      0.00
09      1.20      0.00      0.20      0.20     22.60      1.40      0.00      0.00      0.00     20.20      0.00      0.00
10      4.00      0.40      0.20      0.00      0.00      0.00      0.00      0.00      0.00     41.60      0.00      0.00
11      0.60      0.00      0.00      0.00      0.00      0.00      0.00      0.00      0.00      0.20      0.00      0.20
12      7.60      0.00      0.20      0.00      0.00      0.00      0.00      0.00      0.00      0.00      0.00     18.00
13      0.00      0.00      0.00      0.00      0.00      0.00      0.00      4.80     15.40      0.00      1.00     16.60
14      0.00      0.00      0.00      0.00      0.00      0.00      0.00      3.00     25.80      0.00      0.20      0.20
15      0.00      0.00      0.20      0.00     22.40     17.20      0.00      0.00      4.20      0.20      0.20      0.00
16      0.00      0.60      0.20      0.00     15.80      2.40      0.00     11.80      0.00      0.00      0.20      0.00
17      0.60      1.00      0.00      0.00      0.20      5.80      0.00      0.00      0.00      4.00     19.60      0.00
18      0.20      0.40      0.00      0.00      0.00      0.00      0.00      3.40      0.00     50.80      0.00      0.00
19      1.60      0.40      0.00      0.00      0.00      0.00      0.00      0.00      0.00     11.80      0.00      3.00
20      3.00      0.00      0.00      0.20      0.00      0.00      0.00      0.00      0.00      5.40      0.00      0.00
21      0.20      0.00      0.00     14.00      0.00      0.00      0.00      0.00      0.00      1.00      0.00      0.20
22      1.00      0.00      0.00      0.00      1.00      0.00      0.00     47.40      0.00      0.00      0.00      9.00
23      0.20      0.00      7.40      0.00      1.00      0.00     16.00     25.60      0.00      0.40    100.00      2.80
24      0.40      0.20      0.20      0.00      0.00      0.00      0.00      0.00      0.00      0.20     19.00      0.00
25      0.60      0.00      0.00      0.00      0.00      0.00      0.00      0.80      0.00      0.00      0.00      0.00
26      0.00      0.20      0.00      2.20      0.80      0.00      0.00      0.00      8.60      2.80     34.60      0.20
27      0.20      0.60      0.00      1.20     10.40      0.00      0.00     22.80     33.60    110.80      0.60      5.80
28      0.00     10.60      0.00      0.00      7.80      0.00      0.00      0.20      4.60     41.40      0.00      3.00
29      0.20      0.00      0.00      0.00      1.40      0.00      0.00      0.00      0.40      0.00      0.00      1.00
30      0.20    -99.00      0.00      0.00     90.00      0.00      0.40      0.00      0.00      1.60      0.00      5.80
31      0.40    -99.00      1.00    -99.00      3.40    -99.00     10.20      0.00    -99.00     32.40    -99.00      0.40
2013
01      0.00      1.80      0.00      0.20    -99.00    -99.00    -99.00      0.00      0.00      3.20      0.20      0.00
02      0.00      0.20      1.00      0.00    -99.00    -99.00    -99.00      0.80      0.00     31.20      0.00      0.00
03      0.00      0.20      3.60      0.00    -99.00    -99.00    -99.00      2.80      0.00      1.20      0.00      0.00
04      0.00      0.80      0.40      1.60    -99.00    -99.00    -99.00      0.00      0.00      0.00      0.20      0.00
05      0.00      0.00      0.00      0.00    -99.00    -99.00    -99.00     25.00      0.00      0.40     44.40      0.00
06      0.20      0.00      0.00      0.00    -99.00    -99.00    -99.00      0.20      6.60      0.00      6.20      1.00
07      0.20      0.00      0.00      0.00    -99.00    -99.00    -99.00     74.40     18.60      0.00      6.00      0.40
08      0.40      0.60      0.00      0.00    -99.00    -99.00    -99.00     10.40     12.20      0.00      0.00      0.20
09      0.20      3.00      0.00      0.80    -99.00    -99.00    -99.00      2.40      5.80      0.00      0.40      0.00
10      0.00      0.00      0.00      0.20    -99.00    -99.00    -99.00      0.20      1.40      0.20     48.80      0.00
11      0.00      0.00     26.20      0.00    -99.00    -99.00    -99.00      0.40      0.40     40.80      0.40      0.20
12      0.00      0.00     20.00      0.40    -99.00    -99.00    -99.00      0.00      7.80      5.60     12.60      0.00
13      0.00      0.00      0.20      0.00    -99.00    -99.00    -99.00      0.00      0.80      0.00      3.80      2.20
14      0.20      0.00      0.00      0.00    -99.00    -99.00      0.00      0.00      0.00     16.00      1.40      0.00
15      0.00      0.00      0.80      0.00    -99.00      0.00      0.00      0.00      0.00    158.20     26.40      4.40
16      0.00      1.40      0.00     45.80    -99.00      0.00      0.00      0.00     21.20    337.80      9.20     34.00
17      2.20      0.20      0.00     11.00    -99.00      0.00      0.00      0.00     26.00      0.60      1.00      5.40
18     34.00      0.20      0.00      0.00    -99.00      0.00      0.40      0.00    318.20     17.60      2.20      0.20
19      2.40      0.00      0.20      0.00    -99.00      0.00     45.60      0.00    112.40     15.60     16.80      0.00
20      0.00      2.60      0.00      0.00    -99.00      0.00      3.60     23.20    155.80     14.40      0.00      0.00
21      0.00      0.00      0.00      0.00    -99.00      0.00     27.20      7.40      6.40      1.20      4.60      0.00
22      0.20      0.20      0.00      0.00    -99.00     51.20      0.20     11.00      0.00     11.20      2.80      0.00
23      0.00      0.00      0.00      0.00    -99.00     59.00     40.80      0.00      0.20      0.40     10.20      0.00
24      0.00      0.00      0.00      0.00    -99.00      0.00     18.40      0.00      0.00      4.80      1.80      0.00
25      0.40      0.20      0.00      0.00    -99.00      0.40      0.20      0.00     32.80      0.20      1.40      0.00
26      0.80      0.00      0.00      0.00    -99.00      0.00      0.00     50.80     60.80      0.00      0.00      0.00
27     13.60      1.20      0.00      0.00    -99.00      0.00     12.20      0.00     48.60      0.00      1.00      0.00
28      0.60      0.20      0.00      0.00    -99.00    -99.00      2.20      2.40     49.60      0.00     11.00      0.00
29      0.40    -99.00      1.40      0.00    -99.00    -99.00      0.80      0.00      0.40      0.00      0.60      0.00
30      0.00    -99.00      0.20      0.00    -99.00    -99.00      0.00      0.00    210.00      0.60      0.00      0.00
31      6.20    -99.00     19.00    -99.00    -99.00    -99.00    -99.00    -99.00    -99.00      0.00    -99.00      0.00
2014
01      0.00      0.00      0.20      0.40      0.00      0.00      0.00      0.00     20.00      0.00      0.20     36.80
02      0.00      0.00      0.00      0.00      0.00      0.00      0.00      0.00     17.80      0.00      5.20     12.00
03      0.20      0.00      0.80      0.40      0.00      0.00      0.00      0.00     13.80      0.00     41.20      0.40
04      0.00      0.60      0.00      0.00      3.20      0.00      0.00      0.00     46.80      2.20      0.20     12.80
05      0.00      0.00      0.80      0.00      1.00      0.00      0.00      4.20      0.00    131.40      0.00      0.20
06      0.20      0.00      0.20      0.00      0.20      0.20      0.00      9.00      0.00     44.80      1.80      0.00
07      0.00      0.00      0.40      0.00      0.00      0.00      0.00      0.40      0.00      0.20      0.00      3.40
08      0.00      0.00      1.60      0.00      8.60      0.00      0.00      0.20      0.00      2.40     12.40      1.80
09      0.00      0.00      1.00      0.00      2.40      0.00      0.00      6.20      0.00      0.00      0.00      0.00
10      0.60      0.80      0.20      0.00      0.00      0.00      0.00      0.00      0.00      0.00      0.00      1.60
11      3.80      0.80      0.00      0.00      0.00      3.20      0.00      0.00      0.00      8.80      2.60      0.80
12      0.20      0.00      0.00      0.00      0.00     26.00      0.00      0.00     12.80      0.60     19.00      3.40
13      2.00      1.40      0.20      0.40      0.00     18.40      0.00      7.20      0.00      0.60     14.60      7.20
14      0.80      1.60      2.40      0.00      0.00      8.60     10.40    -99.00     11.20      0.00      0.00      0.00
15      0.20      0.20      0.20      0.00      0.00      0.00      0.40    -99.00      0.60      4.00      0.00      0.00
16      0.00      0.00      0.20      0.00      0.00      0.00      0.00    -99.00     59.40      1.20     10.80      1.20
17      0.60      0.20      0.00      0.00      0.00      0.00     50.40      0.00     20.20     10.20     36.40      0.00
18      0.00     14.80      0.00      0.00      0.00      0.00      0.60      0.00      0.00      0.60      1.80      0.20
19      0.00     10.00      0.20      0.00      0.00      0.00     12.60      0.00      0.00      0.80      1.40      0.00
20      8.00      0.00      3.00      0.00      0.00      0.00    -99.00      0.00      1.20      0.00      0.00      0.00
21      0.00      0.00      7.20      0.00      0.00      0.00      4.80      0.00      0.00      0.00      0.00      0.60
22      0.00      0.00      0.40      0.00      0.00      8.80      1.20      0.00     10.20     10.80      0.00      0.00
23      0.00      1.00      0.80      0.00      0.00      3.00      0.00      9.20      0.40     29.00      0.00      0.00
24      0.20      0.00      0.80      0.00      0.00      0.20      0.00      0.00      0.20     18.40      1.20      0.40
25      0.20      0.00      0.00      0.00      0.00      0.00      0.00      3.80      0.00     13.40      2.20      0.00
26      0.00      0.80      0.00      0.00      2.80      0.00      0.00     31.00      0.00      5.20      0.00      1.20
27      0.00      0.20      0.00     25.00      0.20      0.00     22.40      6.40      0.00     25.80      0.00      9.40
28      0.00      0.00      0.00      0.00      0.00     17.60      0.40      6.60      0.00     39.80      0.00      3.20
29      0.00    -99.00      0.00      5.80      0.00      2.20      1.40      6.20      0.00     12.80      0.00      0.00
30      0.00    -99.00      0.00      4.00      0.00     15.00     11.60     15.60      1.20      0.20      7.00      0.00
31      0.20    -99.00      0.00    -99.00      0.00    -99.00      0.00     14.60    -99.00     11.40    -99.00      1.80
2015
01      0.00      1.60      0.60      0.00      0.00      4.00      0.00      8.20      3.40      0.00     48.40      0.60
02      0.00      6.80      0.40      0.00      0.00      0.00      0.00      0.20      0.00      0.00     17.40      0.00
03      0.00      0.00      0.00      0.00      0.00      0.00      0.00     34.40      0.00      0.00      0.00      0.00
04      0.20      8.20      0.80      0.00      0.00      0.00      0.00      0.20      0.00      0.00      0.00     10.80
05      0.00      2.40      0.60      0.00      2.40      1.20      3.60      0.00      0.00     36.60      6.40      0.20
06      0.00      0.00      0.20      0.00      0.00      0.00      0.20      0.40      0.00      0.60    122.00     12.20
07     19.40      0.00      1.60      0.00      0.00      0.00      0.40     47.20      0.00     23.40      7.80      3.80
08     30.80      0.40      0.20      4.60      0.00      0.00      0.00      0.00     11.00     44.00      0.00      0.00
09      7.40      0.00      0.40      0.00      0.40      0.00      0.00      0.20      0.00      0.00      0.80      0.00
10      0.20      0.00      2.40      0.20      0.00      0.00      0.00      0.00      3.80     30.60      0.00      0.00
11      2.60      0.00      1.00      0.60      0.00      0.00     13.60      0.00      4.60      0.80      1.20      0.00
12      8.40      0.00      1.80      0.20      0.00      0.20      0.00      0.00     35.80      0.00      0.00      0.00
13      0.00      0.00      0.00      0.00      0.20      1.80      0.00      0.00    114.60      0.00      0.00      0.00
14      0.00      0.00      0.00      0.00      0.00      0.00      0.00      0.00    142.60     10.20      0.00      1.00
15      0.00      0.00      0.00      0.00      0.00      3.40      0.00      0.00     32.80      0.00      0.00     15.20
16      0.20      0.40      0.00      0.00      0.00      0.00      7.00      0.00    101.20      0.00      0.00     10.60
17      0.00      2.60      0.00      0.00     44.80      7.80     12.40      0.00     59.20      0.20      0.00      5.60
18      1.20      6.40      0.00      0.00      0.00      0.00      0.00      0.00      0.00      0.00      0.00      0.00
19      1.60      1.20      0.00      0.00      0.00      0.00     18.60      0.00      0.00      0.00      5.40      0.00
20      0.20      3.40      0.00      0.00      0.00      0.00      5.80      0.00      0.00      0.00      0.00      0.00
21      0.00      0.00      0.00      0.60      0.00      0.00      0.00      0.00      2.40      0.00     13.40      0.60
22      0.20      0.20      0.00      0.20      0.00     20.80      5.60      2.00      0.00      0.00      4.00      0.20
23      0.00      0.20      0.00      3.60      1.80     36.00      0.00     38.20      0.00      0.00     15.60      0.00
24      0.20      0.00      8.80     11.40      0.00     19.20      0.00      0.00      0.00      0.60      5.20      0.00
25      0.00      0.00      8.40     43.80      0.00      0.00      0.00      0.00      0.00      0.00     20.80     12.20
26      0.00      0.00      3.20      0.40      0.00      0.00      1.20     57.00      0.00      0.00     13.20      0.00
27      0.00      0.00      0.00      0.00      0.00      0.00      9.00      0.00      5.60      0.00      0.20      0.40
28      0.20      0.00      0.00      0.00      0.00      0.00     14.40      0.00     14.00      0.00      0.00      0.20
29      0.00    -99.00      2.00      8.80      0.00      0.00      7.20      0.00      0.00      0.00      3.40      5.60
30      0.00    -99.00      0.00      0.20      0.00      0.00      6.20      1.20      3.00      0.00      0.00      2.40
31      2.40    -99.00      0.00    -99.00      0.00    -99.00      5.20     14.20    -99.00      0.00    -99.00      0.80
2016
01      1.20      0.40      0.00      0.00      0.00      0.00      0.60      0.00      6.40      0.40    118.80      2.40
02      0.00      1.80      0.00      3.40      5.20      0.00      0.00      0.00      0.00      2.20      8.40      0.00
03      0.00      0.00      0.00      1.00     10.00      0.00    -99.00      2.00      0.20     25.80     28.40      0.60
04      0.00      0.20      0.00      0.00      4.00      0.00      1.80      0.20      0.00      0.20      0.00      3.80
05      0.00      0.00      0.20      0.00      3.00      0.00      4.00      5.20     34.60      0.00      0.00      0.00
06      0.00      3.20      1.20      0.00      0.00      0.00    -99.00      0.80      5.60     57.40     18.00      0.00
07      0.00      0.00      0.00      0.00      0.00      0.00     25.00      7.20      0.80     10.40    110.60      0.00
08      0.00      0.00      0.00      0.00      0.00      0.20      0.00      0.00      0.00      0.00    122.80      0.00
09      0.00      0.00      0.00      0.00      0.20      0.00    -99.00      0.00      0.00      0.00      7.60      0.00
10      0.00      0.00      0.20      0.00      0.00      0.00      0.00      0.00      5.60      0.00      0.20      0.00
11      6.00      0.00      0.20      0.00      0.00      0.00    -99.00      0.80      5.60      0.00      0.00      0.00
12      1.40      0.20      0.20      0.00      0.00      0.00      0.00      0.00     20.80      8.00      0.40      2.80
13      1.80      0.00      0.00      0.00      0.00      0.00      0.00      0.00    131.20    340.60      0.00      4.00
14      1.00      0.00      0.20      0.00      0.00      0.00    -99.00      0.00     26.40    697.40      0.20     12.80
15      1.00      0.20      0.00      0.00      0.00      0.00      0.00      0.00     28.80     93.80      0.00      4.40
16      1.80      0.00      0.00      0.00      1.20      0.00    -99.00      0.00      0.20     63.40      0.00      4.20
17      0.60      0.00      0.00      0.00      0.00      1.40      0.00      0.00      0.00      3.80      0.00      0.20
18      1.00      0.00      0.00     37.20      0.00      0.00    -99.00      5.20      0.00      0.00      0.20      0.00
19      9.60      0.20      0.00      0.60      0.20      0.00      0.00      3.60      0.00      0.00      0.00      2.00
20      0.00      0.00      0.00      0.00      0.00      0.00    -99.00      0.00     31.80      2.40      1.80      7.60
21      0.20      0.00      0.00      0.00      0.00      0.00      0.00      0.00    186.00      0.20      0.00      0.40
22      8.60      0.00      0.00      7.20      0.20      0.00    -99.00      6.60     29.00     34.20      0.20      1.40
23      1.80      1.40      0.00     29.00      0.00      0.00      0.00     23.60     18.00      3.40     31.80      0.40
24     13.00      3.80      1.00      0.00      7.00      0.60      8.00     73.20     27.40     15.80     15.00      0.00
25      4.60      1.40     14.00      2.00      5.00      1.60    -99.00     30.20     11.20      0.40      0.00      2.20
26      0.00      0.40      0.20      0.00      1.00      0.60      8.80      0.40      0.00      1.80      4.60      0.00
27      2.80      0.00      0.00      0.20      0.20     11.20    -99.00     24.40      0.00      0.00      0.00      8.20
28      0.00      0.00      3.00      0.00      0.00     52.40    -99.00      0.40      0.00      0.00      0.00      0.00
29      0.60      0.00      1.20     16.60      0.00     19.60      1.00     25.00      0.20      0.20      0.40      0.00
30      0.60    -99.00      0.00      0.00      0.00      0.00    -99.00      0.00     16.40     85.20      0.60      0.00
31      1.40    -99.00      0.00    -99.00      0.00    -99.00      0.00      0.00    -99.00    174.80    -99.00      1.20
2017
01      0.20      0.20      0.20      0.80      0.00      0.00      0.00      0.00      9.90      8.80      0.00     32.40
02      1.40     12.40      0.00      0.40      0.00      0.00      0.00      0.00     10.40      7.60      1.00      4.00
03      1.20      3.80      0.00      1.00      0.00      0.00      0.00      0.00     10.40      0.30      0.00      0.20
04      1.20      1.80      0.00      0.00      0.00      0.00      0.00     20.80     10.10     86.20     13.20      0.20
05      8.60      0.00      0.00      0.00      0.20      0.00      0.00      6.60      8.30     26.20     14.20      5.20
06      0.00      0.20      0.20      0.00      1.00      1.60      0.00      0.00     10.00     23.60      0.00      0.00
07      0.00      0.00      0.20      0.00      0.00     11.00      0.00      0.00      8.00      2.20      2.40      0.00
08      0.00      0.00     26.40      0.00      0.00      9.60      0.00      0.00     10.10     23.00      5.20      8.20
09      5.00     14.80      0.20      0.00     77.60      0.00      0.00      0.00     11.60    164.00     10.00      1.00
10      5.40      0.00      0.40      0.00      1.80      0.00      0.00      0.00     13.00    172.00      0.80      0.20
11      1.60      5.80      0.00      0.00      3.20      0.00      3.80      0.00     10.10     19.60      5.00      0.00
12     21.00      0.00      0.00      7.20      4.40      0.00      1.60      0.00     11.40     36.40      0.00      0.00
13      0.40      0.00      0.00      0.60      0.00      0.00      0.00      0.00      9.40     13.80      0.00      0.00
14      0.20      1.20      0.20      0.00      1.00      0.00      5.60      0.00      3.50      4.80     46.80      0.00
15      0.20      3.00      1.00      0.00      0.00      0.00      0.60      0.00      5.30      0.20     24.60      2.80
16      1.20      0.00      1.60      0.00     27.20      0.00    332.00      0.00      9.40      1.40      0.60     21.00
17      0.40      0.00      1.80      0.00      3.20      0.00     54.20      4.80     10.10      0.00      0.00      0.00
18      0.20      0.00      5.00      0.00      5.60      0.00      0.20    101.20     10.20      0.60      6.40      0.00
19      3.20      0.00      1.80      1.40     13.00      0.00      6.20    -99.00     11.00     15.80     74.20      0.00
20     11.00      0.00      0.00      0.00      0.00      8.80     96.00    -99.00     10.70      0.20     14.20      0.00
21      9.20      0.00      4.00      0.00      0.00      0.40      9.80    -99.00     10.90      4.60      0.60      0.00
22      1.40      0.00      0.00      2.20      0.00      0.00      0.00    -99.00      9.00      4.00      8.40      0.00
23      1.40      2.00      0.00      0.00      0.00      0.00     11.20    -99.00      4.70      1.00      3.20      0.00
24      1.00      2.60      1.60     33.20      0.00      0.00      0.00    -99.00      7.10      0.20      1.40      1.00
25      2.40      4.80     58.80      0.00     28.40      0.00    102.80    -99.00      5.60      0.00      0.00      0.00
26     13.40      1.40      3.40      0.00      0.20      0.00     52.80    -99.00     10.50      0.80      0.00      2.80
27     12.80      0.00      0.80      1.00      0.00      0.00     30.20    -99.00      9.70      0.20      0.00      6.60
28      2.20      0.00      0.00      0.00      0.00      0.40      3.20    -99.00      8.00      0.00      0.00      0.20
29      0.20    -99.00      0.00      0.00      0.00      0.00      0.00    -99.00      6.40      1.80      0.00      0.20
30      8.40    -99.00      0.00      0.00      1.00      0.00      0.00    -99.00      7.10     29.80      2.80     28.00
31      0.20    -99.00      1.20    -99.00      0.00    -99.00      0.00    -99.00    -99.00      9.00    -99.00      7.60
2018
01      1.00      0.00      0.00      0.00      0.00      0.00      0.00      0.00      0.00     15.60      0.00      1.40
02      0.80      0.40      0.00      0.00      3.00      0.00      0.00      1.40      0.00     10.60      0.00      0.00
03      3.60      1.40      0.00      0.00      0.20      0.00      0.00      0.00      0.00      0.20      0.00      0.00
04      5.00      2.40      0.00      0.00      0.00      9.80      0.00      0.00      0.00     14.20      0.00      0.20
05      5.40      0.80      0.00      0.00    111.80      4.60      0.00      0.00      0.00      0.00      0.00      0.00
06      0.80      0.00      0.00     41.60      0.20      0.00      0.00      0.00      0.00      0.00      5.60      0.00
07      0.80      0.00      0.00     20.00      0.00     11.00      0.00      5.80      7.60      0.00      6.20     41.40
08     12.80      0.00      6.40      0.00      0.00      0.00     40.40      0.20      3.20      0.00     49.20     39.20
09      0.60      0.00      0.40      0.00      0.00      0.00     28.00      1.80     31.00      0.00     47.00     22.80
10      2.00      0.00      0.00      0.00      5.00      5.80    121.20      0.00      6.40      0.20      7.20      3.60
11      0.00      1.00      0.00      0.00      0.00      0.00     20.00      0.00      1.40     10.00      0.00     25.40
12      0.00      0.00      0.40      0.00      2.20      0.00      1.40      0.00      0.00      5.80      0.60      3.80
13      0.00      0.00      0.00      0.00      2.00      0.00      0.00      0.40      0.80      2.00      1.00      0.60
14      0.00      0.20     16.00      0.00      0.00      2.40     14.00      0.00      0.00      0.00      0.40      0.00
15      0.00      0.20      0.00      4.80      0.00      0.00      6.00      0.20      9.00      0.00      0.00      0.00
16      0.20      0.20      0.40      0.20      0.20      0.00     85.00      6.40      0.00      0.00      0.00      3.20
17      0.00      0.00      0.00      0.00      0.00      0.00     17.80      0.00      0.00      0.00      0.00      3.20
18      0.00      0.00      0.20      0.00      0.00      0.00     33.80      0.00     53.40      0.60      0.20      0.00
19      0.00      0.00      0.00      0.00     13.60      0.00     12.20      0.00      2.80      0.60     10.20      0.00
20      0.00      0.60     11.40      0.00      0.20      0.00     10.60      0.00     15.00      9.00      0.00      0.00
21      0.40      2.80      0.00     27.60      0.00      0.00     20.60      0.40      0.40      1.40      0.00      0.00
22      1.20     20.00      0.00      0.00      0.00      0.00     35.60      0.00      2.60      0.00      7.60      0.00
23      0.00      1.00      0.00      0.00      0.00      0.00      0.00      0.00      0.00      0.20      1.40      0.00
24      0.20      0.00      0.00      0.00      0.00      1.00      0.00      0.60      0.00      0.20      0.00      1.00
25      0.00      0.60      0.00     90.00      0.00      0.00      0.40      0.00      0.00      0.00     10.60      0.00
26      0.40      3.00      0.80      4.00      0.00      0.00      3.80      7.60      0.00      0.00      1.40      0.00
27      0.60      0.40      0.00      0.00      0.00      5.80      2.60      5.80     29.80     25.40      1.60      8.20
28      0.60      0.00      0.00      0.40     10.80      0.00     19.40      0.00      6.20     19.60      2.00      2.60
29      6.20    -99.00      0.00     21.40      0.00      0.00      3.20      3.00     50.00      0.00      0.40     54.60
30      0.60    -99.00      0.80     17.20      0.20      0.00      1.40      3.20      0.20      0.00      0.80      4.20
31      0.40    -99.00      0.00    -99.00      3.20    -99.00     10.00      0.00    -99.00      0.00    -99.00      1.00
