SonGiang            
   108.56400       15.047000              45
2011
01      0.00      0.60      0.40      0.00     15.20      0.00     12.20      8.20      0.00     70.00      0.20     10.20
02      0.00      0.20      0.00      0.00      0.00     11.00      0.00     26.00     25.20      1.40      0.00      1.00
03      1.00      0.00      2.00      0.00      2.20     16.60      0.00      3.20      0.20     11.40      0.00      0.00
04      1.00      0.00      1.60      0.00      1.40      0.00      0.00      0.00      5.60      1.00     13.80      0.00
05      0.40      0.00      0.20      1.60      2.20      0.00      1.00      0.00      0.20     44.60     57.60      0.00
06      4.80      0.00      0.00      0.40      0.00      0.00      0.00      8.20      0.00      5.00     81.40      8.20
07      2.00      0.00      2.20      1.00      0.00      0.00      0.00      1.80      0.00      2.60    211.20      2.60
08      0.60      0.00      4.00      3.00      0.00      0.00      0.20      0.60      8.60     36.20     97.40     19.00
09      1.80      0.00      0.40      0.80      0.60      0.00      0.00      0.00      5.80    128.80     10.00      9.00
10      0.40      0.00      1.00      0.00      0.00      0.00      0.00      4.40     76.40      0.20      0.00     10.20
11      2.40      1.00      0.40      0.00      0.00      0.00      0.00      0.40     62.60      6.40      0.00      0.40
12      0.60      1.60      0.00      0.20      5.60      0.00      0.00      0.00     10.20    101.40      0.00      0.00
13      0.40      2.60      0.00      0.00      0.40      0.00      0.00      0.00     21.00     45.20      0.00      0.00
14      0.20      2.80      0.20      0.00     28.60      0.00      9.60      0.00      0.60    116.20      0.20      0.00
15      5.60      0.00      2.00      0.00      5.40      0.00     12.20     14.40      3.40    109.20      0.20      1.60
16      0.40      0.20      4.60      0.00     26.60      0.00      1.60      7.00      2.60    340.00      0.00      6.60
17      0.20      0.60      2.60      0.00      0.20      0.00      7.80      5.60     24.20      0.60      0.00      1.40
18      0.20      0.40      1.00      2.60      1.00      0.00      0.00      3.60      0.00      0.00      0.00      5.60
19      0.20      1.20      0.00      0.00      2.80      2.60      7.00      0.60      0.00     11.60      0.00      4.00
20      0.80      0.80      0.00      0.00      3.60      0.00      4.60      0.60      2.00      4.80      0.00      0.60
21      2.60      0.20      0.00      0.00      0.00      0.00      2.40      6.00      4.40      0.00     15.20      2.20
22      0.80      0.40      1.20      0.00      0.00      0.00      0.00      0.80     88.00      0.00     17.00      2.20
23      2.00      0.40      2.20      0.00      5.00      6.60      0.00      0.00      0.20      0.00     15.80      9.40
24      3.20      0.40      2.00      0.00      0.60     11.20      0.00      5.40      9.80      0.60      1.60      9.00
25      1.20      0.00      6.20      0.00      0.20      2.40      4.80      0.00      0.00     11.00      0.00      0.00
26      1.00      0.00      1.20      0.00      0.00      1.00      0.20      0.80     21.80     13.60      0.20      0.00
27      1.20      0.00      1.00     10.40      0.00      4.80      0.40      0.20    154.20     10.40      9.00      0.60
28      2.20      0.00      0.40      0.20      0.00      6.80      0.00      0.00      6.40      6.60      0.80      3.80
29      2.60    -99.00      9.80      1.20      0.00      0.00      0.00     13.00      3.00     18.40      0.40      0.80
30      1.00    -99.00      9.00      0.00      0.00     15.40     44.40      0.00    403.80      0.40      0.80      8.80
31      0.00    -99.00      0.00    -99.00      0.00    -99.00      4.80      0.00    -99.00     13.00    -99.00      1.60
2012
01      2.40      0.40      0.80      0.00      0.00      0.00      8.20      0.00      0.00      0.80      0.00     10.00
02      1.40      1.60      0.60      0.00      0.00      5.40      2.20      0.00      4.00      0.00      0.00      4.40
03      0.40      5.40      0.20      0.00      0.00      0.40     63.20      0.00      0.20      0.00      0.00      1.60
04      7.60      0.60      0.40      0.00      0.00      0.00      4.20      0.00     36.80      1.80      1.60      0.20
05      1.60      0.00      0.00      8.20     66.00      0.00      7.00      0.00    177.20      0.80      2.20      5.00
06      2.60      0.00      0.00      1.00      0.00      0.00      0.00      0.00     71.60      0.80      0.40      0.60
07      4.60      0.20      0.00     22.00     17.00      0.00      0.00      2.00      2.40     61.40      0.00      0.00
08      1.20      2.40     21.60      0.20      0.00      3.80      0.00      3.00      8.60     31.40     30.40      0.00
09      2.60      0.20      1.40      0.00      0.40      2.00      0.00      0.00      0.00      2.40      0.00      0.00
10      6.60      1.00      4.00      0.00      0.00      0.00      0.00      0.00      0.00     16.20      0.00    -99.00
11      2.40      1.20      1.80      0.00      0.00      0.00      0.00      0.00      0.00      2.00      7.00    -99.00
12      9.60      0.20      1.40      0.00      0.00      0.00      0.00      0.20      0.00      0.00      1.40    -99.00
13      1.20      0.00      1.20      0.00      0.00      0.00      0.00     16.60     27.00      0.00      5.80    -99.00
14      0.20      0.00      0.40      0.00      0.00      0.00      0.00      7.80     16.60      0.00      0.00    -99.00
15      0.00      0.20      0.40      0.00     12.40     41.00      3.80      0.00      1.60      0.00      0.00    -99.00
16      0.20      0.80      0.00      0.00     11.20      1.80      0.00     20.80      0.00      0.00      0.40    -99.00
17      0.80      3.20      0.00      0.00      0.00      0.00      0.00      0.00      0.20      0.00     12.80    -99.00
18      0.00      2.40      0.00      0.00      0.00      0.00      0.00      5.20      0.00     41.20      0.00    -99.00
19      3.20      2.40      0.00      0.00      0.00      0.00      0.00      0.00      0.00      0.60      0.00    -99.00
20      0.40      0.00      0.00      0.00      0.00      0.00      0.00      0.00      0.00      2.40      0.00    -99.00
21      0.00      0.00      0.00    112.40      0.00      0.00      0.00      2.00      0.00      1.60      0.00    -99.00
22      1.80      0.00      0.00      0.00      1.20      0.00      0.00     18.00      0.00      0.40      0.00    -99.00
23      3.80      0.00      3.60      0.00      4.20      0.00     21.20     11.40      0.00      0.20     71.40    -99.00
24      2.40      0.00      1.80      0.00      0.00      0.00      0.00      0.00      0.00      2.40     79.20    -99.00
25      6.20      0.00      0.00      0.00      0.00      0.00      0.00     23.20     15.20      0.60      3.20    -99.00
26      1.40      2.80      0.00     16.20      0.00      0.00      0.00      2.00     23.40      5.00     10.80    -99.00
27      0.40      3.20      0.00      3.40     57.60      0.00      0.00      8.40     56.20     67.40      0.40    -99.00
28      0.80      7.80      0.00      0.00      0.00      0.00      0.00      9.40     12.40     29.60      1.20    -99.00
29      2.60      0.40      0.00      0.00      0.20      0.00      0.00      0.20      0.20      0.20      0.20      0.20
30      3.60    -99.00      0.00      0.00     42.00      0.00      4.20      0.00      4.20     16.00      0.00    -99.00
31      3.20    -99.00      7.80    -99.00      8.80    -99.00      8.80      0.00    -99.00     22.60    -99.00    -99.00
2013
01      0.00      1.40      0.00      2.00     33.80    -99.00    -99.00      0.00      0.00      3.20      0.00      0.00
02      0.00      0.20     14.60      0.20     54.00    -99.00    -99.00      0.40      0.00     84.00      0.00      0.00
03      1.60      0.00     10.20      0.00      9.40    -99.00    -99.00      4.60      0.00      5.40      0.00      0.00
04      0.20      0.40      0.40      0.00     22.80    -99.00    -99.00      0.00      0.00      0.00      0.00      0.00
05      0.00      0.00      0.00      0.00      0.00    -99.00    -99.00      0.40      0.60      0.20     52.00      0.00
06      1.60      0.00      0.00      0.00     13.40    -99.00    -99.00      0.00     49.20      0.00    131.00      4.60
07      2.80      0.00      0.00      0.00     15.00    -99.00    -99.00     50.40     27.00      0.20     21.20      0.00
08      2.00      0.00      0.00      0.00      0.00    -99.00    -99.00     41.80     17.00      0.20      0.00      0.00
09      2.80      7.40      0.00      1.60      0.00    -99.00    -99.00      0.00      2.20      0.00      1.40      0.00
10      2.40      0.60      0.00      4.20      2.40    -99.00    -99.00      4.20      4.80      0.00     49.00      0.00
11      1.80      0.00     17.20      4.00     16.00    -99.00    -99.00      0.00      9.20     35.80      0.00      0.00
12      0.20      0.20     14.20      4.80      0.00    -99.00    -99.00      0.40      6.40      0.00      0.00      0.40
13      0.00      0.00      0.20      0.60      0.00    -99.00    -99.00      0.00      6.60      0.20      1.20      5.80
14      1.20      0.00      0.20      1.40      0.00    -99.00      0.00      0.00      0.40      2.60      4.40      1.60
15      0.80      0.20      0.20      0.00      0.00    -99.00      0.00      0.00      0.00    235.40     41.40     10.20
16      0.00      3.20      0.00     17.60      0.00    -99.00      0.00      0.00      5.80    306.60      7.80     38.00
17      5.40      0.00      0.00     10.20      0.00    -99.00      3.40      0.00     28.20      3.00      2.80      3.00
18     40.60      0.00      0.20      0.20      0.00    -99.00      5.20      1.80    169.60     12.40      6.20      0.40
19      4.40      0.20      3.00      0.00      0.00    -99.00     31.60      0.60    336.20     25.00     22.20      0.00
20      0.00      2.00      0.00      0.00    -99.00    -99.00     86.00     31.80     91.40     13.40      1.00      0.00
21      0.00      1.40      0.00      0.00    -99.00    -99.00     11.60      1.40     21.00      6.00      4.80      0.00
22      0.00      5.00      0.00     15.20    -99.00    -99.00      7.80     30.20      0.20     16.80      4.00      0.00
23      0.00      2.60      0.00     22.80    -99.00    -99.00     44.00      0.00      0.20      5.00      8.40      0.00
24      0.00      1.00      0.00      0.00    -99.00    -99.00     30.80      0.00      0.00      7.80      3.20      0.00
25      0.60      0.40      0.00     17.40    -99.00    -99.00      3.20      0.00      2.80      0.00      7.80      0.20
26      2.20      0.00      0.00      0.00    -99.00    -99.00      0.00      2.40     16.40      0.20      0.00      0.00
27     16.00      0.20      0.00      1.80    -99.00    -99.00     24.00      0.20     49.80      0.00      1.40      0.00
28      1.20      0.00      0.00      0.00    -99.00    -99.00      4.00      0.00     18.60      0.00     15.60      0.00
29      0.80    -99.00      4.60      3.40    -99.00    -99.00      1.80      0.00      0.80      0.00      0.40      0.00
30      0.20    -99.00      1.20      7.40    -99.00    -99.00      0.00      0.00    169.40      0.00      0.20      0.00
31      5.40    -99.00     36.60    -99.00    -99.00    -99.00      0.20      0.00    -99.00      0.00    -99.00      0.00
2014
01      0.20      0.00      0.00      0.00      1.00      0.00      1.20      0.20     24.00      0.20      3.40     50.20
02      0.20      0.00      0.00      3.40      0.00      0.00      0.00      0.00      2.20      0.00     27.40      3.40
03      0.20      0.20      0.60      1.00      0.00      0.00      0.00      0.00      0.60      0.00     18.20      0.20
04      0.00      0.00      1.00      0.20      9.40      0.00      0.00      1.00      8.00      0.00      0.40     16.20
05      0.00      0.00      1.40      0.40     10.40      0.00      0.00     18.60      0.40    164.40      0.00      1.20
06      0.20      0.00      0.60      0.00      1.00      0.20      0.00      2.60      0.20     78.20      0.00      2.00
07      0.20      0.00      1.20      1.00      0.00      1.40      5.00      9.40      0.00      0.00      0.00      3.20
08      0.20      0.00      1.20      0.00      0.00      0.00      0.00      0.00      0.00      1.20     13.80      2.40
09      0.60      0.40      2.00      0.00      8.60      0.00      0.00     29.60      0.00      0.00      0.60      0.20
10      1.20      7.60      1.80      0.00      0.00      0.00      0.00      0.00      0.00      0.00      0.00      8.20
11      3.40      5.40      0.20      0.00      0.00      6.00      0.00      0.00      5.60      0.00      0.60      5.40
12      3.00      1.40      0.00      0.00      0.00     17.20      0.00      0.00      3.20      1.00     32.60     15.80
13      6.80      3.20      0.00      1.00      0.00      9.00     16.00     19.40      0.00      3.40     15.60      6.20
14      0.20      2.40      5.00      0.00      0.00      5.00      0.60    -99.00      8.00      1.00      0.20      0.00
15      0.20      1.20      1.40      0.00      0.00      0.20      0.20    -99.00      0.60      1.40      0.00      0.00
16      0.00      0.40      1.00      8.20      0.00      0.00      0.00    -99.00     64.00      1.60     23.00     21.00
17      0.40      0.20      0.20      0.00      0.00      0.00      1.80      0.00     49.60      4.40     28.60      1.80
18      0.00      9.60      0.20      0.00      0.00      0.00      0.00      0.00      0.00      3.00      6.40      0.00
19      0.00     15.00      0.00      0.00      0.00      0.00     29.00      0.00      0.00      0.80      0.60      0.00
20      0.80      0.00      1.20      0.00      0.00      0.80    -99.00     17.00      0.00      0.00      0.20      0.00
21      0.20      0.00     10.00      0.00      0.00      0.00      0.00      2.80      1.00      0.00      0.00      0.00
22      0.20      0.00      8.20      0.00      0.00     45.20      0.20      0.00     24.00     18.80      0.00      0.00
23      0.20      1.40      3.60      0.00      0.00      1.60      0.00      0.00      2.80      9.40      0.00      0.00
24      0.20      0.00      1.20      0.00      0.00      2.00      0.00      6.40      0.00     37.20      0.00      3.00
25      0.00      0.00      0.00      0.00      1.40      0.00      0.60     25.00      0.00      5.40      2.40      0.00
26      0.40      4.80      0.00      0.20      1.80      0.00      0.20     10.20      0.00     16.80      0.20      2.80
27      0.00      0.20      0.00     12.60      5.80      0.00     21.20     14.00      0.00     23.80      0.00     10.80
28      0.20      0.00      0.00      0.40      0.00      7.00      1.20     19.00      0.00     16.40      0.00      7.80
29      0.40    -99.00      0.00      0.20      0.00      0.80      6.40      3.40      0.00      4.00      0.00      0.20
30      0.00    -99.00      0.00     21.00      0.00     18.40      1.60     23.40      0.80      3.00      2.80      0.00
31      0.00    -99.00      0.00    -99.00      0.00    -99.00     57.00     14.40    -99.00     10.00    -99.00      3.40
2015
01      0.20      5.60      0.00      0.00      0.00      0.00      0.00      9.20     14.00      0.00    104.40      0.00
02      0.00      5.40      0.20      0.00      0.00      0.00      0.00      1.40      0.00      0.00      5.40      0.00
03      0.00      0.20      0.00      0.00      0.00      0.00      0.00      1.00      0.00      0.00      0.00      0.00
04      0.00      4.20      0.40      0.00      0.00      0.00      0.00     21.40      0.00      0.00      0.00      2.80
05      0.00      7.20      0.40      0.00      0.00      0.00     16.40      3.80      0.00     13.60     10.80      2.40
06      0.00      0.80      0.00      0.20      0.00      0.00      0.60      0.00      0.00      5.40     82.60      3.20
07      9.40      0.00      1.80      0.00      0.00      0.00      0.00      3.00      0.00     42.20     10.40      0.00
08     44.00      2.40      0.00      3.00      0.00      0.00      0.00      0.20      6.20      2.40      0.20      0.20
09      9.60      0.00      1.20      1.00      2.40      0.00      0.00      1.60     62.00      0.20      2.20      0.20
10      2.40      0.00      2.20      2.20      0.00      0.00      0.00      0.20     12.20     27.80      1.20      0.00
11      4.80      0.00      0.00      1.80      0.00      0.00      3.80      0.00     19.20      0.00      0.00      0.00
12     10.80      1.00      1.40      3.80      0.00      8.40      0.00     10.40     28.20      0.00      0.00      0.00
13      0.00      0.20      0.20      0.20      0.00      0.00      0.00      0.00     94.60      0.00     28.60      0.00
14      0.20      0.00      0.00      0.20      0.00      2.20      0.00      0.00     91.80      0.20      0.20      0.00
15      0.00      0.40      0.20      0.00      0.00     25.00      0.00      0.00    182.40      0.00      0.00      8.60
16      0.20      1.60      0.00      0.00      0.00     35.80     16.60      0.00    109.00      0.00      0.00     10.60
17      0.00     22.60      0.00      0.00      0.00      0.00     29.40      0.00     62.20      0.00      0.00      2.40
18      5.60      5.20      0.00      0.00      0.00      0.00      3.00      0.00      0.00      0.00      0.00      0.00
19      0.40      2.80      0.00      0.00      0.00     69.20     14.40      0.00      0.00      0.00      5.80      0.00
20      0.40      2.20      0.00      0.00      0.00      0.00     12.20     38.80      0.00      0.00      0.00      0.20
21      0.00      0.20      0.00     12.80      0.00     24.00      1.00      0.00      1.80      0.00     38.40      0.20
22      0.00      0.00      0.00      0.60      0.00     25.00     11.40      0.00      0.00      0.00     16.60      0.40
23      0.20      0.00      0.00      1.00      2.40     18.80      0.00      0.00      0.00      0.00      6.40      0.00
24      0.20      0.00     14.60     11.20      0.00     16.60      0.00     14.80      0.00      1.40      4.00      0.00
25      0.20      0.00     36.80     53.20      0.00      0.00      2.80      0.40      0.00      1.40     13.20     11.80
26      0.00      0.00      5.60      0.40      0.00      0.00      6.20     36.00      3.80      0.00     37.60      1.40
27      0.00      0.00      3.40      0.00      0.00      0.00      7.80      0.00      0.00      0.00      0.80      3.40
28      0.00      0.00      1.40      0.00      0.00      0.00     12.60      0.00      0.00      0.00      0.00      2.80
29      0.00    -99.00      0.20     23.80      0.00      0.00      5.40      0.00      0.00      0.00     10.20      6.20
30      0.00    -99.00      0.00      0.20      0.00      0.00      2.40      4.60      0.00      0.00      0.60      2.40
31      0.00    -99.00      0.00    -99.00      0.00    -99.00     17.20     20.80    -99.00      2.00    -99.00      0.40
2016
01      2.00    -99.00    -99.00    -99.00      0.00    -99.00    -99.00      0.00      3.00     38.00    182.00      0.00
02      1.00    -99.00    -99.00    -99.00      0.00    -99.00    -99.00      0.00      0.00      1.80     66.00      0.00
03      0.40    -99.00    -99.00    -99.00      0.00    -99.00    -99.00      0.60      2.60     12.60     28.00      5.80
04      0.00    -99.00    -99.00    -99.00      0.00    -99.00    -99.00      9.60      0.00      2.60      0.00      3.60
05      0.00    -99.00    -99.00    -99.00      0.00    -99.00    -99.00     19.40      8.80      0.00      0.00      1.00
06      0.00    -99.00    -99.00    -99.00      0.00    -99.00    -99.00     22.00      1.00     45.00     10.60      3.40
07      0.00     16.60    -99.00    -99.00      0.00    -99.00    -99.00      0.40      0.00      8.00    124.80      0.00
08      0.00      0.00    -99.00    -99.00      0.00    -99.00    -99.00      0.00      0.00      0.00    102.80      0.00
09      8.80    -99.00    -99.00    -99.00      0.00    -99.00    -99.00      0.00      0.00      0.00     15.20      0.00
10      0.00      0.20    -99.00    -99.00      0.00    -99.00    -99.00      1.20      1.00      8.00      0.20      0.00
11    -99.00    -99.00    -99.00    -99.00      0.80    -99.00    -99.00      0.00     25.80      0.60      0.00      0.00
12      0.00      0.00    -99.00    -99.00      0.00    -99.00    -99.00      0.00     19.80      7.40      0.00      1.20
13    -99.00    -99.00    -99.00    -99.00      3.00    -99.00    -99.00      0.00    442.00    151.20      0.00      6.60
14    -99.00    -99.00    -99.00    -99.00      0.00    -99.00    -99.00      0.00     26.80    563.00      0.00     25.60
15    -99.00    -99.00    -99.00    -99.00      1.80    -99.00    -99.00      0.00     15.00     46.20      0.00     16.60
16      0.00    -99.00    -99.00    -99.00     17.40    -99.00    -99.00      0.00      0.00     60.40      0.00     12.80
17      0.00    -99.00    -99.00    -99.00      0.00    -99.00    -99.00      0.00      0.20      0.80      0.00      0.60
18    -99.00    -99.00    -99.00    -99.00      0.00    -99.00    -99.00     20.00      0.00      0.00      0.00      0.00
19    -99.00    -99.00    -99.00    -99.00      0.00    -99.00    -99.00      0.20      9.60     10.60      0.00      2.20
20    -99.00    -99.00    -99.00    -99.00      0.00    -99.00    -99.00      0.60     46.80      3.80      3.60      3.60
21    -99.00    -99.00    -99.00    -99.00      0.80    -99.00    -99.00     50.40    229.60      0.00      1.00      0.20
22    -99.00    -99.00    -99.00    -99.00     11.40    -99.00    -99.00     11.00     31.00      0.00      0.00      9.00
23    -99.00    -99.00    -99.00    -99.00      9.00    -99.00    -99.00    101.60     24.80     18.40     13.20      3.00
24    -99.00    -99.00    -99.00    -99.00     40.20    -99.00    -99.00     42.60      4.40     21.80     21.00      0.00
25    -99.00    -99.00    -99.00    -99.00      0.00    -99.00    -99.00     99.40      4.80      0.20      2.00      1.60
26    -99.00    -99.00    -99.00    -99.00      0.00    -99.00    -99.00      2.20      0.00      2.20      5.60      0.20
27    -99.00    -99.00    -99.00    -99.00      0.00    -99.00    -99.00     71.00      0.00      0.20      0.00     10.80
28      0.00    -99.00    -99.00    -99.00      0.00    -99.00    -99.00      4.60      0.00      2.00      0.00      0.80
29    -99.00    -99.00    -99.00    -99.00      0.00    -99.00    -99.00     32.00      0.60      6.60      0.00      0.20
30      0.00    -99.00    -99.00    -99.00      0.00    -99.00    -99.00      0.00     23.60    110.20      1.00      0.00
31    -99.00    -99.00    -99.00    -99.00      4.60    -99.00    -99.00      5.20    -99.00    153.60    -99.00      3.40
2017
01      1.80      2.60      1.80      4.20      0.00      0.00      0.00      0.00      0.00      4.00      0.00     45.80
02      3.20     13.80      0.20      0.40      0.00      0.00      0.00      0.00      0.00     89.20      0.00     20.80
03     10.60      3.40      0.00      2.00      0.00      0.00      0.00      0.00      0.00     57.60      0.00      2.40
04      2.00      1.00      0.00      0.00      0.80      0.00      5.00     30.40      0.00     24.00      9.00      9.60
05      7.80      0.00      0.00      0.00      0.20      2.00      0.00     22.80      0.00     15.40     18.40      6.40
06      0.00      0.00      0.40      0.00      6.40      1.20      0.00      1.40      0.00     44.40      0.20      0.00
07      0.00      0.00      0.20      0.00      0.20     49.40      0.00      0.00      0.00      4.80      0.80      0.00
08      0.00      0.00     33.00      0.00      0.00     30.60      0.00      0.00      0.00     11.00      4.60      6.80
09      5.00     18.00      0.40      0.00     67.00      1.60      0.00      0.00      0.00    325.40     11.60      3.20
10      2.60      3.00      0.00      0.00      0.20      0.00      0.00      0.00      0.00    104.20     34.80      1.80
11      0.40      4.20      0.00      0.00     14.60      0.00      0.00      0.00      0.60     15.20      6.00      0.60
12      5.20      0.00      0.60     10.60     37.60      0.20      1.60      0.00      0.00     51.60      0.00      0.00
13      1.00      0.00      0.00      5.40      0.80      0.00      4.20      0.00      0.00     24.60      0.00      0.60
14      1.40      1.20      0.00      0.00      1.20      0.00      7.00      0.00     79.00      6.00     11.80      0.80
15      6.80      5.80      0.00      2.20      0.20      0.00      0.80      0.00    303.20      0.20      8.20      9.20
16      5.00      0.00      4.80      4.40      7.60      0.00    208.00      0.00      9.40      1.40      0.20     11.60
17      3.00      0.00     27.80      0.40      2.80      2.00     34.80      0.20     14.60      1.00      0.00      3.40
18      1.40      0.00     22.60      0.00     10.40      0.00      0.00      6.00      0.00      0.80      0.80      0.00
19      3.60      0.00      3.20      1.20     11.00      0.20      3.20      1.40      0.00      8.80     29.00      0.00
20     15.60      0.00      0.00      0.20      0.40     14.60     53.20      2.40      3.60      0.20     13.40      0.00
21     19.20      0.00     16.80      0.00      0.00      9.20     35.40      0.00      5.80      4.20      5.00      0.00
22      7.60      0.00      0.00      1.00      0.00      0.00      3.20      0.00     16.60      2.60      1.60      0.00
23      2.00      2.60      0.00      0.20      0.00      0.80      1.00      0.00     14.20      4.20      1.20      1.80
24      1.80      6.20      2.60     79.60      4.40      1.40      0.00      1.80      0.00      0.00      0.00      2.00
25      7.60      6.60     86.80      0.20     31.60      0.00    139.00     42.20      1.60      0.00      0.00      0.00
26     10.00      2.00     12.60      0.00      0.20      0.00     45.60     30.20      5.20      1.20      0.00      5.40
27     13.60      0.40      1.00     97.00      0.00      0.00     11.00      4.00      2.00      0.20      0.20      6.80
28      0.40      0.60      0.00      0.40      0.00      0.00      4.40     21.00      0.00      0.00      0.00      1.40
29      0.00    -99.00      0.60      0.00      0.00      0.00      0.20     15.00      0.20      0.00      2.00      2.80
30      4.60    -99.00      0.00      0.00      0.20     14.00      0.20      0.00      3.00     15.00      8.60     19.40
31      0.00    -99.00      2.00    -99.00      0.00    -99.00      0.00      1.60    -99.00      3.80    -99.00     12.80
2018
01      2.40      0.00      0.00      0.00      0.00    -99.00      0.00      0.00      0.00      7.20      0.00      1.60
02      1.80      1.00     11.80      0.00      2.40    -99.00      0.00      0.20      0.00      5.80      0.00      0.00
03      6.40      0.40      0.00      0.00      0.00    -99.00      0.00      0.00      0.00      0.20      0.00      0.00
04      4.40      3.20      0.00      0.00      0.60    -99.00      0.00      0.00      0.00      6.20      0.00      0.00
05      5.00      2.40      0.00      0.00     18.20    -99.00      0.00      0.00      0.00      0.00      0.00      0.00
06      0.40      0.00      0.00     35.00      0.20    -99.00      0.00      5.20      3.20      0.00      6.40      0.20
07      0.40      0.20      0.00     15.40      0.00    -99.00      0.00      0.20     63.00      0.00      6.60     15.40
08      4.00      0.00     21.40      0.20      0.00    -99.00      0.00      0.00      4.00      0.00     45.00     16.20
09      3.40      0.00      1.80      0.00      0.00    -99.00      0.00      9.20     25.80      0.00     17.40     26.20
10      1.60      0.00      0.00      0.00      2.00    -99.00      0.00      0.20      1.40      7.20      2.20      6.20
11      0.00      5.00      0.00      0.00      0.00    -99.00      0.00      0.20      0.40      6.20      0.00     14.40
12      0.00      3.60      0.00      0.00      0.00    -99.00      0.00      5.00      0.00      4.40      0.00      2.80
13      0.00      0.80      0.00      0.00      9.40    -99.00      0.00     10.00      1.60      2.40      1.00      0.20
14      0.00      0.00     36.00      0.00     15.80    -99.00      0.00      0.00      0.80      0.00      1.00      0.00
15      0.00      0.00      0.00     11.20      0.20    -99.00      0.00      0.00      3.60      0.00      0.20      0.20
16      0.20      0.40      0.80      3.80      0.00    -99.00      0.00      0.20      0.00      0.00      0.00      9.20
17      0.00      0.00      0.00      0.00      4.80    -99.00     87.20      0.00      0.00      0.00      0.00      1.20
18      0.00      0.00      0.00      0.00      3.40    -99.00     28.20      0.00     24.60      1.40      0.00      0.00
19      0.00      0.00      0.00      0.00     27.80    -99.00      2.40      0.00      1.60      1.40      0.00      0.00
20      0.00      1.00     13.00      0.00      0.00    -99.00     16.40      0.00     17.20     12.20      0.00      0.00
21      0.00      2.60      0.00     18.20      0.00    -99.00     25.80      3.60      0.00      1.20      0.00      0.00
22      3.40     16.00      0.00      0.20      0.00    -99.00     76.60      0.00      8.40      0.00     37.60      0.00
23      0.00      2.60      0.00      0.00      0.00    -99.00      0.20      0.60      1.80      0.00      1.00      9.00
24      0.00      0.00      0.00      0.00      0.00    -99.00      0.00      3.20      0.00      0.00      0.00      0.60
25      0.00      2.60      0.00      0.00     27.00    -99.00      0.60      0.00      0.00      0.00      7.60      0.00
26      0.00      4.00      1.20      1.60      0.00    -99.00     34.00     34.40      0.20      0.00      5.00      0.00
27      0.00      0.60      0.40      5.00      0.00    -99.00      0.60      3.00      0.40     57.60      2.20      3.20
28      1.20      0.00      0.00      1.80     43.20    -99.00     41.00      2.60     16.60     10.40      2.80      2.80
29      9.20    -99.00      0.00     39.40     54.20    -99.00      4.60     11.00    134.00      0.00      0.20     37.80
30      0.40    -99.00      0.00      0.20      3.80    -99.00     10.20      2.00      0.00      0.00      0.20      1.40
31      2.20    -99.00      0.00    -99.00      1.60    -99.00      8.20      0.00    -99.00      0.00    -99.00      0.40
