SonTay              
   108.33500       14.990000             384
2011
01      0.00      2.20      0.00      0.00      0.40      0.00      0.00      5.80      0.00    117.20     21.40      7.20
02      0.00      1.60      0.60      0.00      0.00      0.00     10.40      0.00      0.00      2.80      4.40      5.40
03      0.00      0.60      3.20      0.00      0.00      0.40      0.00      0.60      0.00     45.40     17.00      5.40
04     48.00      0.00     19.00      0.00      0.00     18.60      0.00      0.00     31.00     36.60     46.40      0.20
05      3.40      0.00      1.60      0.00      0.00      0.20      0.00      0.00      6.80      0.60      9.80      5.40
06     22.80      0.00      0.00      0.00      0.00      0.60      0.00      0.00      0.00      0.00     53.00     16.20
07     52.60      0.00      7.40      0.00      0.80      0.00      0.00      0.00      0.00      2.60    122.60     11.20
08      3.20      0.00      2.00      1.00      6.20      0.00      0.00      0.00     35.00      2.00     90.40     12.40
09     19.00      0.00      1.00      0.00      0.00      0.00      0.00      0.00     11.00    151.20     18.60     58.20
10     15.40      0.00      4.20      0.00      0.00      0.00     43.20      0.00     66.00      6.00      0.60     55.20
11      5.60      0.20      0.00      0.00      0.00      0.40      0.00      0.00     62.40     21.00      0.00     16.80
12      1.80      0.00      1.60      0.00      1.20     10.40      0.00      0.00     58.40     45.60      0.00      0.00
13      0.80      7.80      0.00      0.00      3.20     11.80      0.00      0.00      1.40     71.20      0.00      0.00
14      0.40      5.60      0.00      0.00     22.20      0.00      0.00      0.00      0.40     27.60     10.00      0.60
15      9.40      0.00      0.00      0.00      1.40      0.00      4.20      0.00      0.20     55.40     58.40     33.40
16      0.20      0.20     22.60      0.00      0.00      0.00      0.40      2.00      0.00    630.60     12.80     60.80
17      0.80      1.20     10.80      0.00     14.00      0.00      0.00      3.00      0.00     61.60      0.00     24.00
18      1.40      1.20      0.40     38.40      1.60      0.00      0.00      0.20      2.20     36.40      0.00     17.00
19      5.40      2.00      0.00      6.40      8.00      0.00      0.00     30.80      0.80     45.40      0.00      0.20
20      4.20      2.40      0.00      1.80      0.00      0.00      0.00      0.40     53.60      0.00      6.00      3.40
21     17.20      0.60      0.00      0.00      0.00      0.00      0.00      2.00     44.80      1.80     17.80      3.40
22      1.60      0.20     10.40      0.00      0.00      0.00      0.00      0.00    121.80      0.60      6.20     26.80
23      4.60      1.00     15.80      0.20     35.00      0.00      0.00      0.00    231.00      0.00      0.00     20.80
24      7.00      0.00     18.40      6.20      0.60      0.80      0.00      0.00     40.40     12.40      1.20     48.40
25      1.40      0.00     22.80      0.80      1.60      0.40      0.00      2.40     31.00     16.60     21.20      5.60
26     13.40      0.00     10.00      0.00      0.20      0.00      0.00      0.00     71.20     14.00     15.60      0.60
27      8.20      0.00      7.40      0.20      0.00      0.00      0.00      0.00    164.00      1.00     29.00      5.20
28     23.00      0.00      3.60      0.00      0.00      0.00      0.00      0.00      0.20     11.40      0.00      1.60
29     21.00    -99.00     12.00      0.00      0.00      3.20      0.00      0.20      0.40      2.60      0.40      0.40
30     17.20    -99.00      9.00      1.40      0.00      3.20      3.60      0.00      6.80     17.60     32.60     15.20
31     11.00    -99.00      5.60    -99.00      0.00    -99.00      2.80      0.00    -99.00      6.60    -99.00     17.40
2012
01     15.40      0.60      1.00      2.80      0.00     19.60     23.40      1.80      0.00    103.40     15.60      0.00
02      5.20      0.60      0.00      0.00      0.00     14.20      0.00      0.00      0.60      1.20      0.20      0.40
03      0.20      2.40      0.00      0.00      0.00     48.00     21.80      0.00      6.60      0.00      0.20      0.00
04     32.00      0.00      0.00      2.80      0.40      0.00      0.00      0.00     66.40      0.20      4.80      0.00
05      1.40      0.00      0.00     61.60      0.00      0.00      3.40      0.00     39.80      0.00      7.80     14.60
06      1.20      0.00      0.00      0.00      0.00      0.00     13.20      0.00      4.20     33.80     14.60      0.20
07     11.00      0.80      0.00     18.00      0.00      1.20     40.60      0.00     11.00    216.20      0.60      0.00
08     12.00      2.60      0.40      0.20      0.00     14.60     10.00      0.20      0.00     22.40      0.00      0.00
09      1.80      0.60      2.40      0.00     33.20      0.00     28.60      0.00      0.00      1.20      0.00      0.40
10      6.20      2.00      8.40      1.20      0.20      0.00      0.00      0.00      0.00     52.60      0.00      0.00
11     27.20      0.00      6.20      0.20      4.20      0.00      0.40      0.00      0.00      0.00     66.80      0.00
12     13.00      0.20      3.00      0.00     64.20      0.00      0.00      0.00      3.40      0.00    119.40     10.80
13      3.00      0.20      2.00      0.00      0.00      0.00      0.00      0.00      0.00      0.00     19.00      0.80
14      0.20      0.20      0.00      0.00      0.00      0.00      0.00      0.00     52.00      0.00      1.00      0.00
15      0.20      0.00      0.00      0.00      0.60      7.60      0.00      0.00     39.80      0.00     35.00      0.00
16      5.00      1.80      0.00      0.00     12.20     12.20      0.00      0.00     13.80      0.00     32.80      0.00
17      0.20     13.20      1.20      0.00      0.00      0.00      1.00      0.60      0.00      0.00    115.20      0.00
18      0.00     40.00      2.20      0.00     28.60      0.60      0.00      0.00      0.60      0.00      3.00      0.20
19      0.00     31.20      0.00      0.00      0.20      0.00      0.00      0.00      0.00      0.40      4.60     44.00
20      0.00      1.60      0.00      0.00      0.00      0.00      0.00      0.00      0.00      0.00      5.60      0.20
21      0.00      0.00      0.00     26.20      0.00      0.00      0.00      0.00      0.00      0.00      0.00      0.00
22      2.00      0.00      0.00      0.00      5.80      0.00      0.00      0.00      0.00      0.00      0.00      6.60
23      8.60      0.00      6.20      0.00      0.00      1.20      0.80      0.00      0.00      3.00      0.00    245.20
24      1.00      0.00      6.00      0.00      0.00      0.00      0.00     32.60      0.00      0.00      0.00     48.80
25      9.80      0.00      1.00      0.00      0.00      0.00      0.00     26.40      0.00      0.00      0.00      0.00
26      1.00      4.80      0.00      0.00      2.00      0.00      0.40      0.00     76.20     12.00      2.40     11.60
27      0.40      3.20      0.00      0.00      0.40      0.00      0.00      0.00     75.80     55.20    125.60      3.60
28      0.00      0.80      0.00      0.00     46.60      0.00      0.00      7.20     15.00     12.80      0.00      4.00
29      3.20      0.20      1.40      0.00     32.60      0.00      0.00      0.00      3.40      0.00      0.00      4.80
30     14.80    -99.00      0.20      0.00     44.60      0.60      0.00      0.00      0.00      8.80      0.00     23.00
31      9.40    -99.00      0.80    -99.00     41.00    -99.00      2.60      0.20    -99.00     15.20    -99.00      4.20
2013
01      0.60      0.00      0.00      0.00      0.60      0.00      0.00      0.00      1.00      0.00      0.00     14.00
02      0.00      0.00      0.40      0.00      0.60      0.00      0.00      0.00     29.20     13.00      0.00      0.20
03      0.40      0.00     61.60      0.00      0.40     20.20      0.00      0.00      0.00      1.40      0.00      0.00
04      6.80      0.20      9.80      0.00      0.20      4.80      0.00      0.00      0.00      0.00      0.00      5.80
05      0.60      0.00      0.00      0.00      0.20      0.00      0.00      0.00     14.40      0.00      0.00      0.00
06     13.80      0.00      0.80      0.60      0.20      0.00      0.00      0.00      0.00      0.00      0.00      0.60
07      7.40      0.00      0.20      3.40      2.80      0.20      0.00      0.00      5.60      0.00      0.00      0.20
08      1.80      1.40      0.00      0.00     25.00      0.00      0.00      0.00      0.00      0.00      0.00      0.00
09      8.40      3.40      0.00      0.40      1.40      0.00      0.00     49.80      4.40      0.00      0.00      0.20
10      0.60      4.80      0.00      2.40     69.40     37.40      0.00      0.00     37.00      0.00      0.00      0.00
11      0.80      0.00      0.00      5.00     14.80     26.20      0.00      0.00      5.40      0.00      0.00      4.80
12      2.60      0.00      0.00     71.00     19.80      0.00      0.00      0.00      0.00      0.00      0.00      0.00
13      0.00      0.00      0.00      9.20      0.00      0.00      0.00      0.00      0.00      0.00     42.60      2.20
14      0.00      0.00      0.00      0.00      0.00      0.00      0.00      0.00     44.60     28.80     40.80      5.60
15      0.00      0.00      0.00      0.00      0.00      0.00      0.00      0.00      0.00     42.20    280.00     17.80
16      0.00      1.20      0.00     12.60      0.00      0.00      0.00      0.00      2.40      3.00    172.40     16.00
17      0.00      0.00      0.00     29.00      0.00      5.80      0.00      0.00     24.40     47.20     38.00      4.80
18      0.80      0.00      0.00     78.80      0.00      0.00      0.00      0.00    261.00      0.00      6.20      9.80
19      0.00      0.00      4.20      0.20      0.00      0.00      0.00      0.00      0.00     19.20      8.80      0.20
20      0.20      0.00     22.00      0.60      0.00      0.00      0.00      0.00     17.60      0.00     23.80      0.00
21      0.00      4.20      1.00      0.60      0.00      0.00      0.00      0.00      9.80      0.00     12.40      6.40
22      0.00      3.20      6.80      0.00      0.00      0.00      0.00      0.00      0.00      0.00      3.40      2.40
23      0.00     16.80      0.00      3.00      0.00      0.00      0.00      0.00      0.00      0.00      1.80      0.00
24      0.00      5.40      0.00      0.00     12.60      0.00      0.00      0.00      0.00      0.00      0.00      0.00
25      3.80      0.60      0.00     14.20      7.00      0.00      0.00      0.00     37.40      0.00     27.40      0.00
26      0.00      0.00      0.00      1.60      0.00      0.00      0.00      0.00      4.40      0.00      6.40      0.00
27      2.00      0.00      0.00      1.00      0.00      0.00      0.00      0.00     16.00      0.00      0.00      6.20
28      0.00      0.00      0.00      0.00      0.00      0.00      0.00      0.00     13.40      0.00     67.80      4.40
29      0.40    -99.00      0.00      6.00      0.00      0.00      0.00     18.00      0.00      0.00     14.60      3.20
30      0.00    -99.00      0.00      1.40      0.00      0.00      0.00      0.00     52.80      0.00      6.80      0.20
31      0.00    -99.00      0.40    -99.00      0.00    -99.00      0.00      0.80    -99.00      0.00    -99.00      0.00
2014
01      0.00      0.00      0.00      3.00      8.00      0.00      0.00      1.20      8.20      0.00      0.20     68.00
02      0.00      0.20      0.00      0.20      0.20      0.00      0.00      0.00      4.60      0.00      0.00    248.40
03      0.20      0.00      0.60      0.00      0.00      2.40      0.00      0.00      1.80      0.00     42.20     53.20
04      0.00      1.20      0.60      4.00      2.80      6.60      0.00      0.00      0.20      0.00     10.80     16.00
05      0.00      0.00      2.00      0.00      1.80      0.80      0.00      0.00      0.00     63.80      0.40      3.80
06      0.00      0.00      0.20      0.00      1.80      0.00      0.00      0.00      0.00    115.60      0.00      3.40
07      0.00      0.00      0.00      0.00      0.60      0.00      0.00      0.00      0.00     46.60      0.00     31.80
08      0.20      0.00      0.00      2.60     31.40      0.00      0.00      0.00      0.00      6.40      0.00      6.00
09      7.00      0.00      3.20      0.00      0.00      0.00      0.00      0.00      9.80      0.00      5.40     18.80
10      5.20     13.40      1.40      0.00      0.00      0.00      0.00      0.00      0.60      0.00      3.60      0.00
11      0.20      5.20      0.00      0.00      0.00      4.60      0.00      0.00      0.00      0.00      0.00      0.00
12     11.00      0.60      0.00      0.00      0.00      6.60     10.20      0.00      0.00      0.20     85.20     26.20
13     28.20     11.40      0.00      0.00      0.00      0.40      0.00      6.60      0.00     10.40    150.80     48.20
14      6.00      6.40      4.40      0.00      0.00      0.00      0.00    -99.00      0.00      6.80     22.00      0.60
15      0.20      0.60      2.00      0.00      0.00      0.00     82.60    -99.00      0.00      6.00     28.60      0.00
16      2.40      0.00      0.80      0.00     55.20      0.00      0.00    -99.00      3.80      0.20      0.20      3.60
17      0.80      0.00      0.80      0.00      0.00      0.00      0.00      0.00      1.40      5.00      2.20     27.60
18      1.40      2.20      0.00      0.00      0.00      0.00      5.20      0.00      0.00     63.40      2.60      2.20
19      2.00      9.60      0.00      0.00      0.00      0.00      0.60      8.40      0.00      0.00      8.40      1.20
20      5.40      0.60      1.20      0.00      1.00      0.00    -99.00      2.20      0.40      7.60      2.60      0.00
21      0.00      0.00     22.20      0.00      0.00      0.00      0.00      2.80      3.80      0.20      0.00      5.80
22      1.60      0.00      9.00      0.00      0.00      0.00      0.00      0.00      0.00      8.60      4.20      4.60
23      0.00      0.00      1.60      0.00      0.00      0.00     44.60      0.00      8.60     26.80      0.60      0.00
24      0.20      0.00      0.00      0.00      1.00      0.00      0.00      0.00      1.00     19.80      4.00      9.00
25      0.00      0.00      0.00      0.00      0.00      0.00      0.00      0.00      0.00     54.80      0.00      5.40
26      0.00      0.00      0.00      0.00      0.00      0.00      0.00      0.00      0.00     23.80      0.20      4.80
27      0.00      0.00      0.00      0.00      0.00      0.00     14.60      5.20      0.00     10.60      0.00     18.80
28      0.00      0.00      0.00      0.00      0.00     13.00      0.20     66.00      0.00     27.40      0.00     86.40
29      0.00    -99.00      0.00      0.00      0.00      2.60      0.00      0.00      0.00      4.20      0.00      0.60
30      0.00    -99.00      0.00     16.60      0.00      0.80      4.80      2.40      0.80      0.40     27.60      0.00
31      0.00    -99.00      0.00    -99.00      0.00    -99.00      0.40     18.80    -99.00     18.80    -99.00      0.00
2015
01      0.00      0.00      0.00      0.00      0.00      0.20      0.00      2.20      4.20      3.80    155.40      0.00
02      3.00     12.60      0.00      0.00      0.00      0.00      0.00      5.40      0.20     52.20      1.40      0.00
03      2.80      2.60      0.00      0.00      0.00      0.00      0.00      2.80      0.00      8.40      5.00      0.20
04      0.00      0.00      0.00      0.00      0.00      0.00      0.00      2.00      0.00      0.40     50.80      0.20
05      0.00      4.40      0.00      0.00      0.00      0.00      2.20      4.20     10.20      3.00     40.40    265.80
06      0.00     76.60      0.00      0.00      0.00      0.00     20.80     17.60      0.00     21.00      3.20    126.20
07      6.40      0.00      0.00      0.00      2.80     60.40      5.20      0.00      0.00      8.60     69.20      0.00
08      0.20      5.20      0.00      0.00      0.00      0.00      0.20      0.00      0.00      2.60     19.80      2.20
09      7.20      2.60      0.00      0.00      0.00      0.00      0.40      0.00      0.00     11.80      1.20      0.60
10     14.40      0.00      0.00      0.20      6.20      0.00      3.60      0.00      4.40     20.00      5.80      0.00
11      1.60      0.00      0.00      4.80      0.00      0.00      0.20      0.00      6.60     12.80      0.00      0.00
12      2.80      0.00      0.80     20.00      0.00      0.00      0.00      4.40      0.00     25.80      0.00      0.00
13      0.40      0.00      0.20      1.60      0.00      1.20      0.00     22.20     37.60     93.40      0.00      0.00
14      0.00      0.00      0.00      0.00      1.60      0.00      9.80      1.40    197.80     94.00      0.00      0.00
15      0.00      0.00      0.00      0.00      0.00      0.00      0.20      0.00    157.20      0.20      0.00     80.40
16      0.00      0.00      0.00      0.00      0.00      0.00      0.00      0.00      1.40      0.00      0.00     85.20
17      6.00      0.00      0.00      0.00      8.40      0.00      0.00      0.00      0.00      0.20      0.00     25.00
18      4.80      3.00      0.00      0.00      0.00      0.00      0.00      0.00      0.40      0.00      0.00      0.40
19     12.40      0.20      0.00      0.00      0.00      0.00      5.80      0.00      0.00      0.20      0.00      3.40
20      0.20      0.80      0.00      0.00      0.00      0.00      1.20      0.00      0.00      0.00      0.20      1.20
21      0.00      1.00      0.00      0.00      0.00     17.80      0.00      0.00      5.80      0.00      0.60      2.60
22      0.00      3.80      0.00      5.60      0.00      8.00      0.00      0.00      2.20      0.00      4.60      6.40
23      0.00      0.00      0.00     21.60      0.00     12.00      0.00      0.00     39.20      0.00      4.40      0.20
24      0.00      0.00      8.40     13.60      0.00      0.00      0.00      0.00      0.00      4.00      0.60      0.00
25      0.00      1.20      0.00     31.60      3.20      0.00      0.00     17.60      0.00      0.20      2.20      2.20
26      0.00      5.60      0.00     12.20      0.20      0.00      2.60      9.00      0.60      0.00      0.40      0.00
27      0.00      0.20     18.60      0.00      0.00      0.00      7.60      0.60      0.00      0.00      0.00      0.00
28      0.00      0.00     49.40      1.40      0.00      0.00      7.60      0.00      0.00      0.20      0.00      0.00
29      0.20    -99.00      0.00      0.20      0.00      0.00      6.20      0.00      0.00      0.00      0.00      3.00
30      0.00    -99.00      0.40      0.60      0.00      0.00     25.40      0.00      0.00      0.00      0.00      0.00
31      0.00    -99.00      0.40    -99.00     46.20    -99.00      5.20      0.00    -99.00     74.20    -99.00    562.40
2016
01    -99.00     15.20      0.00      0.20      0.00      0.00      0.20      0.00      0.00      0.40    111.40     79.60
02    -99.00     17.40      3.60      2.80      5.20      0.00      2.20      0.00      6.80      0.00     20.80     34.00
03    -99.00      1.00      0.40      0.00     10.00      6.20      0.00      3.40      0.00      0.00      7.40    128.60
04    -99.00      5.40      0.00      0.00      4.00      0.00    -99.00     31.40     27.40     39.00     20.00     58.40
05    -99.00      9.60      0.00      0.00      3.00      0.00      5.60      4.20      0.20     39.80      0.20      9.80
06    -99.00      2.80      0.80      0.00      0.00      0.00     34.00      0.00      0.00     11.40     75.00     12.60
07    -99.00      0.20      0.00      0.00      0.00      1.60    -99.00      0.00     17.40      7.60     41.80     30.00
08    -99.00      0.00      0.00      0.00      0.00      0.20      0.80      0.00      0.00      2.00     16.40      9.80
09    -99.00      0.00      0.00      0.00      0.20      0.00      0.00      0.00      0.00     35.40      3.20      0.00
10    -99.00      0.00      3.60      0.00      0.00      0.00    -99.00      0.00     35.40     10.20     12.40      0.00
11      0.60      0.00      5.20      0.00      0.00      0.00      0.40      0.40      1.80     47.60      1.60     12.60
12      0.00      0.00      0.20      0.00      0.00      0.40      0.00      0.20     82.80     16.00      0.00      1.80
13      0.20      0.00      0.00      0.00      0.00      0.00      0.00      0.40    169.60    263.20      0.20     92.20
14      0.00      0.00      4.40      0.00      0.00      0.60    -99.00      9.40     17.80      7.80      0.20     83.00
15      0.80      4.20      0.00      0.00      0.00      0.00      0.00      0.20      0.00     96.00      0.00    215.40
16      0.00      4.80      0.00      0.00      0.00      0.00      0.00      0.00      0.00      0.80      0.00     80.60
17      0.00      1.80      0.00      0.00      0.00     15.60    -99.00      0.00      0.00      0.60     16.60     13.20
18      0.00      1.00      0.00      0.80      0.00      0.00      0.00      2.20      0.20      0.00     28.40      4.80
19      0.00      2.20      0.00      0.40      0.00      0.00      0.00      1.00      0.00      0.00     10.20      6.80
20      0.00     12.40      0.00      0.00      0.00      0.00    -99.00      0.00     32.80      0.00     43.20      4.20
21      0.00      0.20      0.00      0.00      0.00      0.00      0.00      0.20     39.20      0.00     37.60      0.80
22      0.40      0.00      0.00      0.20      0.00      0.00      0.00      0.20     74.20      0.00      7.60     15.00
23     20.40     10.20      3.20      3.00      0.00     53.60    -99.00     20.80     61.00      0.00     21.80     33.00
24     35.60     38.40      6.20      0.00      0.00      0.00      0.00     19.60      4.00      5.80     91.00      9.60
25      9.80     14.80     11.20      0.00      0.00      2.80      0.00      1.40      6.60      0.00      7.00      0.00
26      2.60      6.40      4.40      0.00      0.00      0.00      0.00      2.60      0.00      3.20     52.60      0.00
27      0.40      0.60      8.40      0.00      0.00     19.20    -99.00      0.00      0.00      0.00      5.20     11.20
28      0.00      0.00      0.20      0.00      0.00     13.60      0.00     53.00      0.00      0.00      3.20     14.80
29      1.00      0.00      0.20      0.80      0.00      0.00      0.00      0.20      0.00     50.00     15.40      8.40
30      3.40    -99.00      0.00      0.00      0.00      0.00    -99.00      2.00      0.00     46.00     52.60     15.00
31      0.20    -99.00      0.20    -99.00      0.00    -99.00      0.00      0.20    -99.00      9.60    -99.00     22.60
2017
01     27.60     38.00      1.60      0.60      0.00      0.00      0.40      0.00      0.00      7.20     41.60      2.00
02     20.80      7.20      6.40      3.80      0.00      0.00      0.20      0.00      0.00     20.40     10.80     37.20
03      0.40      4.80      0.00      0.60      0.00      0.00      0.00      0.00      0.00     12.00      1.60     42.60
04      0.80      2.20      0.00      0.00      0.00      0.00      0.00      0.00     41.20      0.20     94.20     78.20
05      5.60      1.20      0.00      0.60      0.00      0.80      3.00      0.00      0.00      0.60    247.40     45.80
06      2.00      0.00      0.00      0.20      0.00      0.20      0.00     33.60      0.00      3.60     43.60      0.20
07      0.40      0.00      0.00      0.40      1.40     83.40      0.00      0.20      6.00      0.00    200.20      0.00
08      0.40      0.00      0.40      0.00     28.00      1.60      0.00      0.00      0.00     28.20     79.60     15.80
09      1.00     21.40      1.80      0.00      1.80     25.20      1.80      0.00      0.00     95.40     16.40     21.20
10      0.00      8.40      0.00      0.00      1.00      0.00     26.40      0.00     17.60      0.20     22.40      0.20
11      0.00     13.40      0.00      0.00      0.00      0.00      0.20      0.00      0.00     15.40      2.60      0.00
12      8.00     14.80      0.40      4.20      1.00      0.00     20.40      9.40      0.00      4.00      0.00      0.20
13      6.40      6.60      0.00      7.80      1.00      0.00    174.00      1.40     25.00      3.20      0.00      0.00
14      3.60      0.40      0.00      0.00      0.80      0.00      6.40      0.00    126.80      0.00     29.80      0.00
15     18.60      0.00      0.00      0.00     38.40      0.00     31.40      3.00     91.60      1.60     12.80      6.00
16     18.80      0.00      0.60      0.00     16.60      0.00     46.20      0.00      0.20      0.00     14.20     66.20
17      1.00      0.00      0.20      0.00      0.00      0.00      6.00      0.00      0.00      0.80      0.00     25.40
18      0.00      2.20      5.00      0.00      0.60      0.40      0.20      2.00      0.00     12.00      0.00      0.00
19      0.00      0.00      0.00      0.00     13.20      0.00      0.20      0.20      0.00     36.80     41.00      0.00
20      0.60      0.00      0.60      0.20      1.80      0.00      0.00      0.00      0.00      3.60    328.20      6.20
21      0.00      0.00      9.40      0.00      0.00      0.00      0.00      0.00      0.00      0.20    177.40      5.80
22      1.20      0.00      0.00      5.80      9.60      0.00     12.20      0.00      0.00      0.80    128.00      0.00
23      3.80      0.20      0.00      0.20      0.20      6.00      0.40      0.00      8.40     10.40     91.80      5.20
24      5.40     22.40      0.00     17.00     12.20     12.40     91.20      0.00      0.00     43.40     14.80     21.20
25     34.00      9.80      2.40      0.00     32.80      1.20     76.60     17.00      0.80     20.00      2.20      6.40
26      0.20     12.80     18.00      0.00      7.20      1.60     14.80     32.00      0.00      3.80      2.80     12.40
27      0.40      3.00      5.80     10.00      0.80      0.00     44.80     10.00      0.00      0.00      1.20     26.40
28      0.00      0.20      0.40      5.40      1.60      0.00     25.00      6.60      2.80      1.00     12.20      2.60
29      0.00    -99.00      6.00      0.20      0.20     18.00      0.00      3.80      0.00      8.80     19.80      6.80
30      0.00    -99.00      0.20      0.00     13.80     15.20      0.00      0.20      1.00     41.20     26.80      3.60
31      0.00    -99.00     16.80    -99.00      0.60    -99.00      0.00      0.00    -99.00     16.00    -99.00      1.60
2018
01      2.20      2.60      0.00      0.00      0.20      0.00      0.00      0.00      0.00     61.80      0.00      0.20
02      2.40     12.40      0.00      0.00      0.00      0.00      0.00      0.00      0.00      5.80      0.00      0.00
03     11.00      1.20     32.60      0.00      0.00      9.40      0.00      0.00      0.00      9.20      0.00      0.00
04      5.40      0.00      0.20      0.00      0.00     48.40      0.00      0.00      0.00      5.20      0.00      0.80
05      4.40      3.00      0.00      0.00      1.60      1.60      0.00      0.00      0.00      0.60      3.40      0.00
06      0.60      0.00      0.00      1.40      5.80      0.40      0.00      0.00      0.00      0.00      8.00      0.00
07      0.80      0.00      0.00     66.80      0.00      0.20      0.00      0.00      0.00      0.00     10.00      0.80
08      0.20      2.20     40.60     10.40      0.00      0.00      0.00      0.20      2.40      0.00     77.40    223.00
09     10.80      0.00      6.20      0.20      0.00      0.00      0.00     11.20      0.00      0.00    157.60    159.20
10      3.00      0.00      0.40      0.00      0.00      0.00     32.60      0.00      0.00     79.00      0.00    149.00
11      2.60     14.80      0.20      0.00      4.20      0.00     20.80      0.00      0.00     86.60      0.00     30.60
12      3.20     28.60      0.00      0.00      0.00      0.00      9.20      0.00      8.60     81.20      0.00    201.00
13      3.00     18.00      0.00      0.00      0.40      0.20      0.00      3.20      8.00     38.60      0.00     42.40
14      5.40      0.20      8.40      0.00      0.40      0.00      0.40      2.20     43.20      1.00      0.00     28.40
15      0.00      0.00      1.60      4.60      6.20      0.00      7.20      0.00      9.20      0.00      0.00     12.40
16      0.00      0.00      0.00     14.60      1.20      0.00     38.40      1.80      0.00      0.00      0.00     41.60
17      0.20      0.00      0.00      5.80      0.20      0.00     28.60      0.00      0.40      0.00      0.00     21.40
18      0.00      0.00      0.00      0.00      0.00      0.00     46.40      2.40     12.60      3.40      2.20      0.20
19     10.20      0.20      0.00      0.00      0.00      0.00      1.00      0.00      0.00     10.60      0.00      0.00
20      0.60      0.00      3.80      0.00      0.00      0.00      0.00      0.00      0.00     17.80      0.00      0.00
21      0.00      0.00      0.20      0.20      0.00      0.00      0.00      0.00      1.20      0.20      0.00      0.00
22      0.00      0.60      0.00      0.00      0.00      0.00     27.60      0.00     17.60      0.00     75.40      0.00
23      0.80     23.00      0.00      0.00      0.00      0.00      0.00      0.20      0.00      0.00     80.00      0.40
24      2.60      0.00      0.00      0.00      0.00      0.00      0.00      0.00      0.00      0.00      8.40      5.40
25      0.00      8.60      0.00      0.00      3.20      4.00      0.00      1.00      0.00      0.00     12.20      0.00
26      0.00      0.60      0.00     10.00      5.00      0.00      3.20      3.40      0.00      0.00      1.60      0.00
27      4.00      0.00      0.00      0.00      0.20      6.40     15.80      2.80      0.20      0.00      3.20      6.00
28      0.00      0.00      0.00      2.80      0.00      0.00      6.40      8.20      3.40      0.80     15.40      0.00
29     22.40    -99.00      0.00     22.40      0.00      0.20      5.80      0.00     23.00     12.00     82.40     53.00
30      3.00    -99.00      0.00     42.40      0.00      0.00      2.80      0.00      1.20      0.20     10.80     43.20
31     16.60    -99.00      0.00    -99.00      0.00    -99.00      0.00      0.00    -99.00      0.00    -99.00     22.00
