SonHa               
   108.47100       15.044000              79
2011
01      0.00      1.40      0.00      0.00      0.00      0.00      0.00      4.20      0.00     11.80    198.80     12.60
02      0.00      0.60      0.00      0.00      0.00      1.00      0.00      0.00      1.20      0.40      3.00     13.20
03      0.00      1.00      0.00      0.00      0.00     12.20      0.80      3.60      2.20     15.60      1.80      3.80
04      2.20      0.00      8.40      0.00      0.00      8.80      0.00      0.00      2.40      2.40     15.60      0.00
05      3.80      0.00      6.20      0.00      0.00      0.00      0.00      0.00     28.40      7.40     82.80      4.00
06      6.00      0.00      0.00      0.00      0.00      0.00      0.00      0.00     75.20      0.60     47.80      4.20
07     43.60      0.00      4.60      0.00      0.00      0.00      0.00      0.00      0.00     11.60    142.60     53.40
08     17.00      0.00      1.00      4.20      2.80      0.00      0.00      0.00      8.40      5.80     12.00     13.20
09      1.80      0.00      0.00      0.20      0.00      0.00     19.60      0.00     22.00     42.80      0.00     36.40
10      4.60      0.00      0.40      0.20      0.00     12.00      0.00      0.00     19.00    105.00      0.00     17.40
11      0.00      9.40      0.00      0.00      0.00      4.40      5.00      1.00      1.80      4.00      0.00      3.20
12      0.00      5.60      0.00      0.00      1.00      3.80     26.80      0.00      0.40     21.00      0.00      0.00
13      0.00     10.60      0.00      0.00      9.60      7.80      0.00      0.00      3.00      4.80      0.00      0.00
14      0.00      6.20      0.00      0.00      0.00     30.60      1.20      5.00      0.00     24.60      0.60      2.00
15      6.60      0.60      0.00      0.00      0.00      4.40      0.00      0.20      1.00     28.00     24.00     29.00
16      0.80      0.00      7.40      0.00      0.00      1.20      0.00     11.00      0.00      0.40     14.40     58.80
17      1.40      0.00      1.00      0.00      0.00      0.00      0.00      0.00      0.00    231.00      0.20     20.60
18      0.40      0.00      1.60      8.00      8.80     29.60      0.20      0.20      0.00    197.60      0.00     16.40
19      0.60      0.20      0.00      0.00      1.40     71.20      0.00      1.20      0.00     91.60      0.20      0.60
20      0.00      0.20      0.00      0.60      0.00     38.20      0.00      0.00     50.20     21.80     10.80     11.00
21      0.00      0.20      0.00      0.00      0.00     48.60      0.00      0.00      0.20      0.80     44.20     20.60
22      0.00      0.00     19.60      0.00      0.00      0.00      0.00      0.00     20.60      0.00     14.20     41.40
23      1.60      0.00     36.20      0.60      6.20      0.00      0.00      0.00     56.60      0.00     34.00     42.60
24      2.60      0.00     13.20      0.00      1.80      0.60      6.60      0.00     94.20      6.00     32.20     10.80
25      0.80      0.00     13.60      0.00      0.20      0.00      0.40      0.00      7.40      4.40    263.40      0.00
26      7.60      0.00     11.40      0.00      0.00      0.00      0.00      0.00      0.20     26.00    124.00      0.20
27      9.20      0.00      9.80      0.00      0.00      0.00      0.00      0.20      0.00     73.00      4.80      9.60
28     10.80      0.00      7.80      0.00      0.00      0.00      0.00      0.00      0.00     18.40      0.20      5.20
29      8.40    -99.00      1.60      0.00      0.00      0.00      0.40      2.40      0.00      4.00     10.20      0.00
30      7.80    -99.00      0.00      0.00      4.60      0.00      0.00      4.60      0.00      7.80      1.40     30.20
31     15.40    -99.00      0.00    -99.00      0.00    -99.00      4.00      0.20    -99.00     36.40    -99.00     37.20
2012
01     28.20      1.20      0.00     33.80      0.00      0.00      2.20      0.00      0.00      0.40     15.60      0.00
02     11.40      1.60      0.00      3.80      0.00     72.00     32.60      0.00     34.40      2.00     16.00      0.00
03      0.00     12.40      0.00      0.00      0.80      0.00      6.60      5.60     23.80      0.00      0.20      0.00
04      5.80      0.60      0.00      0.00      0.00      0.00      5.20      0.00     14.60      6.20      2.40      0.00
05      2.20      0.00      0.00      0.00      0.00     36.40     12.00      0.00      8.60      0.80      0.20      0.00
06      0.40      0.00      0.00      0.00    -99.00      0.20      0.00      0.00     23.40    164.00      2.20      0.40
07      5.00      0.00      0.00      0.00    -99.00     88.60     22.60      0.00      7.80    101.80     11.20      0.00
08      2.40      2.00      0.00      0.00    -99.00      0.20      5.20      0.00      0.00     92.00      4.20      0.00
09      0.60      0.20      0.00      0.00      0.00      0.00      4.80      0.00      0.40      7.20      0.00      1.00
10      3.00      0.00      5.40      0.00      0.00      0.00      0.00      0.00     16.80      2.00      0.00      0.00
11     21.00      0.00      0.20      0.00      0.80      0.00      0.00      0.00     30.00      0.60     13.00      0.00
12     24.40      0.00      0.80      0.00      0.20      0.00      0.40      0.00      5.40      0.20     21.40      6.80
13      5.60      0.00      0.00      0.00      0.00      0.00      0.20      0.00     17.20      0.40     14.20     18.00
14      5.60      0.00      0.00      0.00      0.00      0.00      0.00      0.00     67.40      0.00      3.60     26.80
15     12.60      0.00      0.00      0.00      0.00      0.00      0.00     12.40     28.00      0.00      6.00      0.40
16      8.80     35.40      0.00      0.00     56.20      0.00      0.00      7.40      1.00      0.00      6.20      0.00
17      7.40     41.20      0.00      1.40     20.60      4.80     34.00      0.00      0.80      0.00     29.40      0.00
18      0.60     12.60      0.00      0.80      0.00      0.00      0.00      0.00      0.00      1.20      2.20     17.40
19      0.00     18.20      0.00      0.00      0.00      0.00      0.20      0.00      0.00     10.60      0.00      4.60
20      0.00      2.60      2.20      0.00      0.00      0.00     37.60      7.80      0.00      0.00      0.00      4.20
21      0.00      0.00      0.00     14.60     14.00      0.00     16.60     11.00      0.00      2.80      0.00      0.00
22      0.00      0.00      0.00      0.20      0.00      0.00      0.00     20.80      2.00      9.60      0.00      5.80
23      6.40      0.00      0.00      2.80      0.00      0.00      0.00     19.80      0.20     40.00      0.00     35.60
24      2.40      0.20      0.00      0.00      9.00      0.00      0.00     31.80      0.00      5.80      0.00     12.20
25      1.60      0.00      0.00      0.00     11.00      0.00      0.00     27.40     14.60      1.60      0.00      1.80
26      0.00      0.00      0.40      0.00     19.80      0.00      0.00      9.40      5.40     51.40      0.00     35.80
27      0.00      0.80      0.00      0.00      1.00      0.00      0.00      8.20     49.00     17.00      3.20     58.60
28      0.00      0.00      0.20      0.00      0.40      0.00      0.00      0.00     24.60      0.00      1.20     20.80
29      6.60      0.00      0.00      0.00      5.40      8.00      3.20      1.00     20.00      5.60      0.20      8.40
30      7.80    -99.00      0.00      0.00      0.00      1.40      0.20      0.00      2.00     26.00      0.20      7.00
31      7.80    -99.00     74.80    -99.00      0.00    -99.00      0.00     72.80    -99.00     68.40    -99.00      0.00
2013
01      0.00      0.20      0.00      0.20     10.20      0.00      5.20      4.80      0.00     86.80      0.00      2.20
02      0.00      0.00      0.00      0.00     18.40      0.00      1.00      0.00      0.00    111.40      0.00      0.00
03      0.00      0.00     46.60      0.00     11.40      2.20      3.80      0.00      0.00    116.00      0.00      0.00
04      7.60      0.00     38.40      0.00      7.80      1.80      0.00      0.00      0.20     65.80      9.00      8.80
05      2.20      0.00      0.00      0.00      9.80      0.00     12.20      0.00      0.00      0.60     69.60      0.20
06     33.20      0.00      3.00      0.00      0.60      0.20     34.80      5.00     16.60      0.00    142.60      0.00
07     18.40      0.00      0.40      0.40      0.60      0.00     11.40      0.20     22.40      0.00     49.80      0.00
08      9.80      0.00      0.00     14.80      3.20      0.00      0.80      0.00      0.00      0.00     12.80      0.00
09      7.20      4.00      0.00      0.00      0.20      0.00      0.00      0.00      4.40      0.00     29.40      0.00
10      1.20      6.80      0.00     12.80      3.40      0.00      0.20      0.00     10.80      0.00     21.20      0.00
11      0.40      0.60      0.00     64.40     29.40     18.60     10.60      6.60      7.80      1.40      0.20      0.00
12      0.00      0.00      0.00      4.60      7.40     60.80      0.00      4.40     42.80      0.20      0.00      2.60
13      0.20      0.80      0.00     16.00      0.00      0.20      0.00      0.20     42.80      0.00      1.60      0.00
14      0.20      6.80      2.00      2.00      0.00      1.80     36.00      0.00    138.20     50.80      5.40      0.00
15      0.00      0.20     29.00      0.20      0.00      1.80      0.00      0.00     33.80     48.80    856.80      1.00
16      2.60     18.60      0.00      2.20      0.00      0.40      0.00      0.00     62.60      1.40     76.00      0.00
17      0.20      0.20      0.00     30.20      0.00      0.20      1.80      0.00     47.20     64.00     45.80      1.80
18      7.20      0.00      0.00      0.60      0.00     12.00      0.00      0.00     28.60     17.20      6.00      0.00
19      1.40      0.00      0.60      0.80      0.00      0.20      0.00      0.00      0.20     24.60     32.20      0.00
20      0.60      0.00      0.00      0.00      0.00     89.40      2.60      0.00     27.80     73.60      2.60      0.00
21      1.00      2.40      0.00      0.00      2.60      0.20      0.00      0.20     26.40      3.60      6.20      0.00
22      0.00     12.60      0.00      0.00      0.00      6.00     31.20      0.00     65.00      3.60      9.40      0.00
23      0.00     33.40      0.00      0.00      0.00      1.00     57.20      0.00      7.20      1.80     19.40      0.40
24      0.00     47.80      0.00      0.00      2.20      0.40      0.60      0.00      0.00      5.80      0.20      3.00
25      5.40      1.00      0.00      0.00      0.20      2.20      0.00      0.00     13.20      0.00      7.40      0.00
26      0.20      0.20      0.00      1.60      6.40      0.00      0.00     35.60      0.80      3.00      5.40      0.00
27      1.00      0.00      3.80     12.60      0.20      0.00      0.00      0.00      0.00      0.00     16.00      1.40
28      8.40      0.00      0.20      4.00      0.00      2.00      0.00     17.20      3.40      0.00     19.40      0.00
29      0.40    -99.00      7.80      7.80      0.00      0.00      0.00      0.20      0.00      0.00     79.80      0.00
30      5.20    -99.00      0.00      2.60      0.00      0.00    120.00      0.00      0.00      4.00      3.80      0.00
31      8.20    -99.00     82.40    -99.00      0.00    -99.00     27.20      0.00    -99.00      0.00    -99.00      0.00
2014
01      0.00      0.00      0.00      0.00      2.80      0.00      0.00     37.20      0.60      4.20      4.80    164.00
02      0.00      0.20      0.40      0.00      5.20      0.00      0.00      0.00      5.80      0.00      0.00     11.00
03      0.00      0.20      0.00      0.80     33.40      0.00      0.00      0.00      0.00      0.00      0.60      1.40
04      0.00      0.00      0.20     14.60      0.80      0.00      0.00      0.80      0.00      0.00      8.80      0.00
05      0.00      0.00      0.00      2.40      0.20      0.00      1.80      0.00      0.00     29.00     16.00     58.80
06      0.00      0.00      0.00      0.20      0.20      0.00      1.40      0.00      0.00     12.60     22.00     39.80
07      0.00      0.20      0.00     13.40      0.00      4.60      9.60      0.20      0.00    122.60      0.60      8.20
08      0.00      0.20      0.00      0.20      2.40      0.00      0.80      0.00      0.00     10.20      0.00     40.20
09      2.00      0.00      0.00      1.40      0.00      0.00      4.40      0.00      0.00      0.00      3.80     49.60
10      7.00      0.00      6.20      0.00      1.60      0.00      0.20      0.00      0.00      0.00      0.20      7.80
11     45.40      0.20      0.00      0.00      0.00      0.00     23.20      0.00      0.80      0.00      0.00     19.20
12     15.40      0.20      0.00      0.00      0.00      0.00      0.00      0.00     22.20     55.40     19.60     62.00
13     31.60      0.00      0.00      0.00      0.00      0.20     12.20      9.80     26.80     54.40     88.00     71.60
14     24.40      0.00      1.20      0.00      0.00      0.00      6.40    -99.00      5.80      4.00    138.00     19.40
15      0.00      0.00      2.40      0.00      0.00      0.00      2.40    -99.00      0.00      0.40    117.00      1.20
16      1.20      0.00      0.00      0.00      0.00      8.40      4.80    -99.00      0.60     13.20     27.40     46.60
17     13.60      0.00      0.00      0.00      0.00      0.00     30.60      0.00      0.60      8.00      5.00     17.00
18      8.00      0.00      0.00      0.00      0.00      0.00      0.40      0.00      0.00    166.60      1.40      1.80
19      3.60      0.80      0.20      0.00      0.00      0.00     18.00      0.00      0.00    113.60     13.20      0.40
20      5.00      0.00      0.00      0.00      0.00      0.00    -99.00     30.80      0.00      5.40     21.00      0.00
21      0.40      0.00      7.00      0.00      0.00      0.00     14.40     22.60     17.00     21.40      2.20     38.20
22      0.00      0.00     22.60      0.00      0.80     33.40      0.20      0.20     10.60     41.40      0.20     26.20
23      0.00      1.00      1.20      0.00     10.20      0.20      2.20      0.00      5.80     34.80      0.20      1.80
24      0.00      0.00      1.60      0.00      0.00      0.00      0.00      0.00     29.40      3.80      0.60      6.40
25      0.00      0.20      0.00      0.00      0.00      0.00     20.20      0.00      0.60     28.20     10.00     11.20
26      0.60      0.00      0.00      0.00      0.00      0.20      7.20      2.40      0.00     35.40      0.00     12.00
27      0.00      0.00      0.00      0.00      0.00      6.80     75.00      6.80      0.00      0.00      0.00     29.60
28      1.40      0.00      0.00     50.80      0.00     24.00     87.80     19.20      0.00      2.40      0.00     26.60
29      0.00    -99.00      0.00     31.20      0.00     31.80     39.00      4.80      0.00      0.00      2.00      7.60
30      0.20    -99.00      0.00     10.20      0.00      1.20      0.20     28.60      2.00      2.00     73.20      0.00
31      0.00    -99.00      0.00    -99.00      0.00    -99.00     26.40    242.20    -99.00      8.40    -99.00      0.40
2015
01      3.80     31.20      0.00      0.00      0.00      0.00      0.00     16.00      0.00      0.00     40.00      5.20
02      5.60     23.20      0.00      0.00      0.00     13.80      0.00     17.00      0.00     41.40    122.40      0.00
03     15.40     14.40      0.00      0.00      0.00      0.00      0.00     43.00      0.00      8.20     94.60      0.00
04      0.20      6.00      0.00      0.00      0.00      0.00     11.20      0.20      1.00     27.00    153.80      0.20
05      0.00      0.20      0.00      0.00      2.60      0.00     13.80      0.00      0.00     21.60    132.80      0.20
06      0.00     13.00      0.20      0.00      0.00      0.00     17.60      0.00      0.00      1.00     90.00     12.40
07      8.40      3.80      0.00      0.00      0.00      0.00     48.20      0.00      0.00      0.00      3.60     18.80
08     29.20      5.20      0.00      0.00      0.00     27.80      5.80      1.00      0.00      0.00      3.20     14.00
09     44.00     18.80      0.20      0.40      0.80      0.00      4.80      0.00      0.00      0.00      2.40      5.60
10     30.20      0.80      0.00      0.00     26.80      0.00     33.00      0.00     36.60     15.00      1.20      0.00
11      2.60      0.20      0.00      0.00      0.00      0.00     46.20     16.40      0.00      0.00     16.40      0.80
12      0.00      0.00      0.00      9.40      0.00      0.00      0.00      2.40     27.40      2.00      2.80      0.00
13      0.00      0.00      0.00      0.20      0.00      0.00     14.60      0.00     17.60     10.40      0.20      0.00
14      0.00      0.00      0.00      0.20      0.00      0.00      0.00     21.80     87.20      2.00      3.00      0.00
15      0.00      0.00      0.00      0.00      9.60      0.00      0.00      1.60      0.20     36.20      0.20     18.40
16      0.00      0.00      0.00      0.00      0.00      0.00      0.00      0.00     25.00      0.00      0.20     39.40
17     11.80      0.00      0.20      0.00      1.20      0.00      0.00      0.00      0.00      0.00      0.00     31.40
18     20.20      1.60      0.00      0.00      0.00      0.00      0.00      0.00      0.00      0.00      0.20      0.60
19      3.20      0.40      0.00      0.00     75.80      0.00      0.40      0.00      0.00      0.00      3.00     24.20
20      0.00      0.00      0.00      0.00      0.00      9.80      0.00      0.00      0.00      0.00     29.80     59.40
21      0.20      0.00      0.20      7.00      1.20     37.60      0.00      7.80      0.00      0.00     12.40     28.40
22      0.20     10.40      0.00      2.00      7.40      0.80      0.00     18.80      0.00      0.00      0.60      6.00
23      0.00      0.00      0.00      1.40      0.00      0.00      0.00      0.20      2.40      0.00     27.80      0.00
24      0.00      0.00     64.80      0.60      0.00      0.20      0.00     49.20      0.00      0.00     40.00      0.00
25      0.20      0.00     86.40      0.40      0.00      0.00      0.00      2.40      0.00      0.00    107.00      0.80
26      0.20      0.00     13.80      2.20      0.00      0.00      0.00      1.40      0.00      6.20     54.00      0.00
27      0.20      0.00    274.20      0.00      0.00      0.00      0.00      0.00      0.00      0.00     45.20      0.00
28      0.20      0.00      1.20      0.00      0.00      0.00      0.00      0.00      0.00      0.00    146.20      0.00
29      0.00    -99.00      0.00      0.00      0.00      0.00      0.00      0.00      0.00      0.00     16.40      7.80
30      0.00    -99.00      0.00      0.00      0.00      0.00      0.00      0.00      0.00      0.60     24.00     24.60
31      6.00    -99.00      0.00    -99.00      0.00    -99.00      0.00      0.00    -99.00     48.00    -99.00     15.00
2016
01     33.60      0.00      0.00      0.00     17.20      0.00      0.00      0.00      0.00      0.20    159.00    140.40
02      3.40      0.00      2.40      0.00      0.00      0.00      0.00      0.00      0.00      0.00     64.80    190.20
03      3.00      2.20      2.60      0.00      0.00      2.60      0.00      0.00      0.00      0.60     86.60     33.60
04      0.00      3.80      0.00      0.00      0.00     25.60     86.20     17.20     36.00      0.00      3.00     55.40
05      0.00      5.60      0.00      0.00      0.00      2.20      6.00     13.80     11.80      6.80      2.20    255.20
06      0.00      0.00      0.00      0.00      0.00     29.60      3.80      1.60      0.00      5.60      0.20    134.80
07      2.40      0.00      0.00      0.00      0.00      4.20      0.00      2.40      0.00      6.40      8.40    186.00
08     11.20      0.00      0.00      0.00      0.00      0.00     51.40      5.00     18.60     21.20     35.40     61.80
09      8.40      0.00      0.00      0.00      0.00      0.20      0.00     18.60      0.00      2.00     19.20      0.20
10      0.00      0.00      0.00      0.00      0.00      0.00      0.00     22.00      0.00      0.00     10.40      0.00
11      0.00      0.00      0.00      0.00      0.00      0.00     18.80      8.80     25.80     59.20     46.00     25.20
12      0.00      0.00      0.00      0.00      0.00      3.60      0.00      0.00    239.40      0.60     18.40     68.60
13     39.20      0.00      0.00      0.00      1.80      0.20      0.00      0.00     59.00      0.00     14.40     64.20
14      2.00      0.00      0.00      0.00      0.00      0.00      0.00      0.00      5.80     39.80      0.20    124.60
15      0.20      0.00      0.00      0.00      0.00      0.00      0.00      0.00     17.80     59.00      0.00    274.80
16      0.00      2.40      0.00      0.00      0.00      0.00      0.00      0.00     18.40     47.00      0.40    242.20
17      3.00      0.00      0.00      0.00      0.00      1.20      0.00      0.00      0.00      0.20     46.80     33.20
18      0.00      0.00      0.00      0.00      0.00      0.00      0.00      2.80     44.40      0.00      2.20      7.00
19      0.00      0.00      0.00      0.00     15.40      0.00      0.00      1.20     14.40      0.00     30.00     30.00
20      0.00      0.00      0.00      0.00      0.00      0.00      5.20      0.20      4.20      0.00      9.40      1.60
21      0.00      0.00      0.00      0.00     17.00     10.20      0.00     24.00    106.60      0.00     31.00      1.20
22      0.00      0.00      0.00      0.00      0.00      5.00      0.00      1.20     43.00      0.00     30.80      6.40
23      4.60      0.00      0.00      0.00      0.00      0.20      0.00      9.60     18.80     11.80      8.40     13.00
24      3.20     14.00      0.00      0.00     22.20     30.60      0.00     68.40      1.00      0.00      0.00     18.40
25      2.00      5.20      0.00      0.00     70.60     37.40      0.00     78.00      1.40      4.00      0.00      1.60
26      1.00     12.40      0.80      0.00      0.20     40.80      1.80      4.60      2.40    104.20      0.80      0.00
27      0.60      0.00      5.80      0.00      0.00     12.20     25.40      0.20      0.00      0.80      0.00     12.00
28      1.60      0.00      0.00      0.00      0.00      9.80      0.20      2.20      0.00      4.20      5.20      0.00
29      0.00      0.00      0.00      0.00     22.40      1.00      0.00     32.40      7.00      3.40     67.20      3.80
30      0.20    -99.00      0.00      0.00      3.60      0.00      0.00     37.20     40.00     51.80    350.40      3.40
31      0.00    -99.00      0.00    -99.00      0.00    -99.00      0.00      0.00    -99.00     44.00    -99.00     36.60
2017
01     27.80     32.60      3.20      0.00      0.00      0.00      0.00      0.00      8.60      3.80     49.20     47.80
02     12.80     97.20      0.80      7.40      0.00      0.00      0.80      0.00     20.60     52.20      0.20    194.00
03      6.00     87.40      0.20     10.20      0.00      0.80      5.60      0.00      0.00      6.60     70.60     71.00
04      3.00     13.00      0.00      0.00      0.00      0.20      2.00      0.00     18.00      1.40    206.00     71.40
05      0.80      0.00      0.00      0.00      0.00      0.00      0.00      0.00     71.20     12.00    419.20     30.00
06      1.20      0.00      0.00      0.00      0.00      0.00      9.40     45.20      0.40      0.60    183.00      3.20
07      0.00      0.00      0.00      0.00      0.00     59.80      2.60      0.20      0.00      0.00      0.00      9.20
08      3.00      0.00      0.00      0.00      0.00     80.80      2.00      0.00      0.00     22.60    136.00      9.40
09      7.60     10.40      0.00      0.00      0.00      0.00      0.00     14.60      0.00     12.00     37.80      0.20
10      9.60     14.00      0.00      0.00      0.80     27.60     48.20      0.00      0.00     59.40     31.20      0.20
11      2.40     29.60      0.00      0.00      1.20      0.00      1.80      0.00      0.00      0.80      6.00      1.20
12      0.40      4.00      0.00      0.00      0.00     14.40      1.60      0.00      0.00      1.00      0.00      0.20
13      0.60      2.00      0.00      3.80      0.00      3.00     11.80      0.00      3.20     55.60      0.00      0.00
14     13.80      9.40      0.00      0.00      3.40      2.00      1.20      0.00     25.40      0.20      0.00      0.00
15     20.00      1.00      0.00      0.00     31.00      0.00      3.20      0.00      1.60      0.00     54.40      6.40
16     14.40      3.00     11.80      0.00     26.80      0.00      1.00      0.00     18.20      0.00     15.40     16.80
17      6.20      0.00      0.00      0.00      8.60      0.00      0.00      0.00      0.00      0.00      0.00     18.80
18      0.00      0.00      1.20      0.00     12.20      2.00     34.00     26.00      0.00     28.00      0.00      0.20
19      0.00      0.00      0.00      0.00     12.60      6.00     25.80      2.20      0.00     91.40    108.20      0.00
20      1.40      0.00      0.00      0.00      0.40      8.80      0.40      0.00      0.00      0.00     24.00      0.00
21     28.80      0.00      0.00      7.00      0.00      6.00      2.00      0.00      0.20      0.20     41.20      0.00
22     28.20      0.00      0.00      2.00      6.80      0.00    135.20      0.00      7.00      2.60     76.60      0.00
23     19.00      0.00      0.00      0.00      1.00      0.00      0.20      0.00      4.00     25.20     95.00      2.00
24     16.80      3.40      0.00     36.40      3.20      1.00     10.20     19.40      0.00     18.20     97.00      1.20
25     65.00      7.00      2.20     36.00     34.60      0.00      2.60     51.20      0.00     55.00     30.80     15.40
26     24.80      0.00     10.80      0.00      2.00      0.60      3.60     11.60      0.00      9.00     37.00     89.40
27      0.20      5.40     25.60      0.00      5.00      0.20     26.60     45.40      0.60      3.80     12.80     46.00
28      0.00      7.20      1.20      0.60     15.40      0.00      3.00      0.00    130.80      0.00     33.00     15.00
29      0.00    -99.00      0.00     12.60      0.00      8.60      0.00      7.20      0.00      4.60      3.80     14.00
30      0.00    -99.00      1.20      0.00     10.60      0.00      0.00      0.20      0.60      8.20      1.00     12.60
31      0.00    -99.00      1.00    -99.00      0.00    -99.00      0.00     38.00    -99.00    197.00    -99.00     21.20
2018
01      6.20      0.00      0.00      0.00      0.00      0.00     17.80      1.00      0.40      2.80      0.00      5.60
02      9.80      0.00      0.00      0.00      0.00     27.20      0.00      0.00      0.00     55.00      0.00      0.00
03      3.60      0.00      0.00      0.00      0.00     87.40      0.00      8.60     21.20     60.00      0.00      0.00
04     19.40      0.00      0.00      0.00      1.40     27.60      0.00      6.00      3.00    107.20      1.60      2.20
05      2.80      0.00      0.00      0.00      4.80      3.40      0.00     27.80      5.80      0.00      0.40      0.20
06      0.00      0.00      0.00     14.40      7.00      0.80      4.60      1.20      0.00      0.00      7.40      0.00
07      0.00      0.00      0.00     39.60      0.40     39.80     20.20      2.80      0.00      0.00     31.40     12.00
08      0.00      0.00      0.00     15.20      0.00      0.00     12.20      4.60      0.00      0.00     86.00    107.60
09      5.80      0.00      1.80      0.00     12.40      0.20      3.60      3.40      0.00      0.00     13.00    362.60
10      0.00      0.00      0.00      0.00      1.40      0.00     62.40      0.00      7.40      9.20      2.00     66.00
11      0.00      9.80      0.00      0.00      0.00      0.00      0.00      0.00     15.40     18.40      0.00     51.00
12      3.40     16.00      1.80      0.00      0.00      0.00      0.40      0.00     14.80     81.40      0.00    123.80
13      2.00      4.80      0.00      0.00      0.00      0.00     75.20      0.00     17.80     64.20      0.00     63.20
14      3.80      0.20     32.80      0.00      0.00      0.00      6.20      0.00      0.20      0.00      0.00     75.20
15      1.20      0.00     14.80      0.00      0.00      0.20     13.80      0.00      1.60      0.00      0.00     72.40
16      0.60      0.00      0.00      0.00      0.00      0.00      0.20      0.00     31.20      0.00      0.00     33.60
17      0.00      0.00      0.20      0.00      0.00     49.00      0.00      0.00      7.00      0.00      0.00     10.40
18      0.00      0.00      0.00      0.00      0.00      0.00      0.00      0.00      0.20      0.00      0.00      0.40
19      1.80      0.00      0.00      0.00      0.00      0.00      0.40      0.00      0.80     29.40      9.00      0.40
20      1.80      0.00      0.00      0.00      0.00      0.00      0.00      0.00     20.80      9.40      0.20      0.00
21      2.60      0.00      0.00      0.00      0.00      0.00      0.60     33.20      4.40      2.80      0.00      0.00
22      2.60      0.00      2.40      0.00      0.00      0.00      1.80      0.00      2.00      4.00     26.60      0.00
23      0.60     37.20      0.00      0.00      0.00     18.60      0.40      0.00      0.00      0.00      8.80      0.40
24     12.60      0.40      0.00      0.00      0.00      2.20      0.00      0.20      0.00      4.40     31.00     23.20
25     10.80      0.00      0.00      0.00      4.20     24.00      0.00      0.00      0.00      0.00    203.00      7.80
26      4.80      0.20      0.00      3.40      0.00     29.60      0.00      0.00      0.00      0.00     34.60      2.80
27     15.40      0.60      0.00      0.20      0.00      5.60      0.60      0.00      0.00     29.40     12.40     14.00
28      1.20      0.00      0.00     10.20      0.00      0.00      0.40      0.00      0.60     12.40     57.80     92.00
29     22.00    -99.00      0.00      0.00      2.40      1.80      0.00      0.00      0.00      2.00     83.40    191.20
30      0.20    -99.00      0.00      1.00      0.00      0.80      0.00      0.00      0.80      0.00      0.60     62.80
31      0.00    -99.00      0.00    -99.00      0.00    -99.00      0.00      0.00    -99.00      0.00    -99.00     15.40
