TanLam              
   106.23400       17.913000              31
2011
01      0.00      1.20      0.40      0.00      0.40      0.00     10.20      0.40      0.00      0.00      0.80      2.80
02      0.00      0.80      0.00      0.00      0.00      0.00      0.00     18.60      2.40      0.00      3.00      0.00
03      1.60      0.00      2.00      0.00      0.00      0.40      0.00      1.80     30.80      0.40      0.20      0.00
04      1.40      0.00      0.80      0.00      0.00      0.00      0.00      0.00     16.60      0.00     76.60      0.00
05      0.00      0.00      0.00      0.00      0.40      0.00      0.00      0.00      0.20      8.00    113.60      0.00
06      9.20      0.00      0.00      0.40      0.00      0.00      0.00     21.00      0.00     10.80    175.80     12.00
07      6.60      0.00      5.40      1.60      0.00      0.00      0.00     42.20      0.00      7.20    126.00      1.40
08      0.20      0.00      0.60      0.00      0.00      0.00     24.60      0.00      0.00     57.80      0.00     21.00
09      9.00      0.00      0.20      0.20      1.20      0.00      0.00      0.00      4.00     55.60      0.00     20.00
10      1.40      0.20      0.00      0.00      0.40      0.00      0.00     11.00     66.60      0.00      0.00     14.60
11      4.20      1.40      0.00      0.00      0.60      0.00      0.00      0.40    113.60      0.40      0.00      1.00
12      0.20      2.40      0.00      0.00     15.80      0.00      0.00      0.00     11.40      0.20      0.00      0.00
13      0.00      2.00      0.00      0.00      1.40      0.00      0.00      0.00     20.60      0.00      0.20      0.00
14      0.00      2.40      0.00      0.00     23.60      0.00      2.40      0.00      5.80      0.00      0.00      0.00
15     15.80      0.00      0.40      0.00      0.00      0.00      2.60      0.40      3.60     37.20      0.20      3.60
16      0.20      0.00      5.00      0.00     15.00      0.00      0.20     32.40     12.20    121.60      0.00      9.80
17      0.00      0.20      3.20      0.00      1.80      0.00      0.80      3.40     31.00      0.00      0.00      3.80
18      0.00      0.20      3.20      6.60      0.00      0.20      0.00      0.60      1.60      0.00      0.20      3.20
19      0.00      0.20      0.00      0.00      0.60     10.00      0.40      5.20      2.60      3.40      0.00      1.60
20      1.20      0.20      0.00      0.00      1.60      0.00      0.20     21.80      5.60      0.00      0.00      0.00
21      3.40      0.00      0.00      0.00      0.00      9.00      0.00     11.80     36.80      0.00      8.20      1.00
22      0.00      0.00      0.40      0.40      0.00      0.20      0.00      0.00    116.00      0.00     10.40      2.60
23      2.00      0.40      2.20      0.00      1.00      0.40      0.00      0.00      9.40      0.00     15.80      0.40
24      3.00      0.20      0.00      0.00      0.00      7.20      0.00      0.00     11.60      0.00      2.40      0.80
25      1.00      0.00      1.00      0.00      0.60      0.20      0.00      0.00      0.20     22.40      0.20      0.40
26      1.20      0.00      5.00      0.00      0.00      0.00      0.00      0.00     69.40     23.20      2.60      0.00
27      0.40      0.00      5.00      1.60      0.00      0.00      0.00      0.20    165.60     23.20      0.20      0.00
28      6.00      0.00      1.20      1.20      0.00     13.40      0.00      0.00      0.20     12.40      0.80      0.60
29      8.00    -99.00     14.40      1.00      0.00      0.00      0.60      0.00      4.40     19.20      0.20      0.00
30      0.80    -99.00     18.80      0.00      0.00      2.20     61.60      0.00    139.60      1.20     21.00      2.00
31      0.20    -99.00      0.20    -99.00      0.00    -99.00      0.80      0.00    -99.00     16.60    -99.00      0.60
2012
01      0.20      0.00      0.00    -99.00      0.00      0.60      5.20      0.20      2.80      0.40      0.00      0.00
02      0.00      0.20      0.20    -99.00      0.00      0.60     12.80      2.60      2.00      0.00      0.00      6.40
03      0.00      0.60      0.40    -99.00      0.00     37.00     18.60      0.20     18.60      0.00      0.00      1.20
04      1.40      0.00      0.20    -99.00      9.00      0.00      8.40      0.00     60.80      0.00     30.60      0.20
05      0.60      0.00      0.00    -99.00      0.00      0.00     13.20      0.00    170.20      1.60      4.40     14.40
06      0.20      0.20      0.00    -99.00      0.00      0.00      0.60      0.00    102.00      8.40      0.00      0.80
07      1.20      0.00      0.00    -99.00      1.80      0.20      0.00      0.00     10.00     48.60      7.00      0.00
08      0.00      0.40      8.60    -99.00      0.00      9.40      0.00      0.00      3.60     26.40      0.40      0.00
09      0.40      0.00      0.40      0.00     17.60      0.00      0.00      0.00      0.00      5.00      0.00      0.00
10      1.00      0.00      0.40      0.00      0.00      0.00      0.00      0.00      0.00     31.40      0.00      0.20
11      2.60      0.00      0.00      0.00      0.00      0.00      0.00      0.00      3.00      0.00      6.80      0.20
12      8.20      0.00      1.00      0.00      0.00      0.00      0.80      0.00      0.00      0.20      2.00     21.00
13      0.00      0.00      0.20      0.00      0.00      0.00      0.00      1.00     29.80      0.20      5.40     20.40
14      0.00      0.00      0.00      0.00      0.00      0.00      0.00      0.20     48.00      0.00      0.00      0.00
15      0.00      0.00      0.00      0.00     16.60     20.40      0.00      0.00      7.80      0.20      0.20      0.00
16      0.00      0.20      0.00      0.00     83.40      3.80      0.00      3.00      0.00      0.20      2.60      0.00
17      0.60      1.20      0.00      0.00      0.00      5.00      0.00      0.20      0.00     13.40     16.40      0.00
18      0.00      2.00      0.00      0.00      0.00      0.00      0.00      1.40      0.00     86.60      0.00      0.00
19      2.00      1.20      0.00      0.00      0.00      0.00      0.00      0.00      0.00      0.20      0.00      3.00
20      1.80      0.00      0.00      0.00      0.00      0.00      0.00      0.00      0.00      1.40      0.00      0.00
21      0.00      0.00      0.00     24.00      0.00      0.00      0.00      1.80      0.00     12.60      0.00      0.00
22      0.40      0.00      0.00      0.00      4.60      0.00      0.00      4.80      0.00      0.20      0.00      4.20
23      0.80      0.00      2.80      0.00      0.40      0.00     19.80     59.40      0.00      2.60      0.20     14.60
24      0.20      0.20      0.00      0.00      0.00      0.00      0.00      0.00      0.00      2.00     43.00      0.00
25      0.60      0.00      0.00      0.00      0.00      0.00      0.00      0.00      0.00      1.00      0.20      0.00
26      0.00      0.20      0.00      8.00     13.20      0.00      0.00      0.00     44.80      1.00     11.60      0.00
27      0.00      0.40      0.00      0.40     20.20      0.00      0.00      0.40     35.80    145.40      2.80      5.00
28      0.00      4.20      0.00      0.00     12.60      0.00      0.00      0.20     27.20     72.00      0.20      3.40
29      0.20      0.00      0.00      0.00      2.40      0.00      0.00      0.00      4.00      0.00      0.00      0.40
30      0.20    -99.00      0.00      0.00     43.80      0.00      0.00      0.00      0.00      8.00      0.00     13.00
31      0.20    -99.00      0.00    -99.00      1.80    -99.00      4.20      0.00    -99.00     41.40    -99.00      3.00
2013
01      0.20      3.00      0.00      0.20     12.00      0.00     19.80      0.00      0.00      7.20      0.20      0.00
02      0.00      0.20      0.20      0.80      7.60      0.00      0.20      0.60      0.00    116.00      0.00      0.00
03      1.40      0.40      8.00      0.00      2.20      0.00     16.40      2.20      0.00      0.20      0.20      0.40
04      0.20      0.20      2.80      0.00      1.80     45.80      0.20      0.00      0.00      0.60      1.40      0.20
05      0.00      0.00      0.00      0.00      0.00      3.40      6.20      2.00      0.00      2.20     94.20      0.20
06      0.80      0.00      0.00      0.00      1.80      0.00      0.20      0.20     46.60      0.20    116.60      4.20
07      0.20      0.00      0.00      0.00     17.80      0.00      0.00    158.40     41.00      0.20      9.20      0.20
08      0.20      0.40      0.00      0.00      0.20      0.00      5.40      9.20     32.40      0.20      0.20      0.20
09      4.80      5.60      0.00      0.40      0.00      0.00      0.00      1.40      5.80      0.00      6.40      0.20
10      0.60      0.40      0.00      0.60     32.60      8.00      0.00      0.20     13.00      2.20     65.60      0.00
11      0.20      0.00     23.80      1.80     12.00      3.20      0.00     10.00      5.00     96.00      0.60      0.20
12      0.40      0.00     13.20      3.80      3.00      0.00      0.80      0.20     16.20      2.80      2.00      0.80
13      0.00      0.00      0.00      1.40      0.20      0.00     19.20      0.20      0.80      0.20      2.40      4.00
14      0.00      0.00      0.00      0.20      0.00      0.20      0.00      0.00      0.00      9.80      4.20      1.00
15      0.00      0.00      0.00      0.00      0.00      0.00      0.00      0.00      0.20    158.00     43.60      6.60
16      0.00      0.20      0.00     41.20      0.00      0.00      0.00      0.00      1.60    224.00     14.40     31.20
17      5.60      0.00      0.00     38.40      0.00      0.00      0.00      0.00     19.60      0.20      3.40      6.20
18     38.60      0.00      0.00      0.20      0.00      0.00     34.60      0.20    346.60     11.80      1.20      1.40
19      0.80      0.00      0.20      0.00      0.00      0.00      1.60      0.00    102.00     18.00     21.20      0.00
20      0.00      0.60      0.00      0.00      0.00      0.00      7.40      2.40     81.60     10.80      1.00      0.00
21      0.20      0.20      0.00      0.40      3.80      0.00     28.00      6.80     10.00      1.60      3.20      0.00
22      0.00     12.20      0.00      0.00      1.80     62.00      0.20     18.00      0.20     24.40      4.60      0.00
23      0.00      3.20      0.00      2.00      1.40     63.20     24.40      0.00      0.00      1.60     12.40      0.00
24      0.20      0.00      0.00      0.00      1.40      0.00     29.40      0.00      0.00      3.00      2.40      0.00
25      0.60      0.20      0.00      4.60      0.00      0.00      0.20      0.00     68.80      0.60     14.60      0.20
26      0.00      0.00      0.00      0.00      0.00      0.00      0.00      2.40    156.20      0.00      0.00      0.20
27      9.20      0.20      0.00      0.80      0.00      0.00      2.80      0.20     86.40      0.20      3.20      0.40
28      0.40      0.00      0.00      0.00      0.00      0.00      2.40      0.20     78.60      0.00     12.80      0.20
29      0.20    -99.00      2.00      0.60     12.20      0.00      1.40      0.00      1.40      0.00      4.60      0.00
30      0.00    -99.00      0.60      1.60      0.00      0.00      0.00      0.00    277.40      0.80      0.60      0.00
31      5.40    -99.00     13.60    -99.00      0.00    -99.00      0.00      0.00    -99.00      0.40    -99.00      0.00
2014
01      0.20      0.20      0.00      0.00      0.20      0.00      0.00      0.00     19.20      0.20      0.40     38.40
02      0.00      0.20      0.20      0.00      0.00      0.00      0.00      0.00      5.80      6.40     22.00     33.60
03      0.20      0.00      0.20      0.00      0.00      0.00      0.00      0.00      3.40      0.20      9.80      1.60
04      0.00      0.00      0.00      0.40      0.20      0.00      0.00      0.00     53.60      0.00      1.00      8.20
05      0.20      0.00      1.00      0.20      1.60      0.00      3.80      0.40      0.00    175.80      0.00      1.20
06      0.00      0.00      0.20      0.00      0.40      0.00      0.00      0.60      0.00    100.20      1.20      0.80
07      0.00      0.00      0.80      1.00      0.20      0.00      0.00      0.60      0.20      0.60      0.00      1.20
08      0.20      0.20      0.40      0.00     20.60      0.00      0.00      0.00      0.00      3.20     23.20      6.20
09      0.40      0.00      1.20      0.00      1.20      0.00      0.00      1.40      0.00      0.00      0.20      2.00
10      1.00      2.00      0.60      0.00      0.00      0.00      0.00      0.00      8.40      0.20      0.00      0.80
11      5.00      3.00      0.00      0.00      0.00      2.60      0.00      0.00      0.20      0.00     10.00      1.00
12      6.00      0.20      0.00      0.00      0.00     65.20      4.00      0.00      2.60      1.00     45.00      1.20
13      2.00      4.60      0.20      0.40      0.00      1.60      0.20      1.60      0.20     10.40     16.40      0.80
14      6.20      2.40      2.20      0.00      0.00      9.40      0.60    -99.00      0.00      0.00      0.00      0.80
15      0.20      0.00      1.20      0.00      0.00      0.00     21.00    -99.00      0.80      0.20      2.60      1.00
16      0.00      0.20      0.20      0.00      0.00      0.00      2.40    -99.00     76.60      9.60     24.40      0.80
17      2.20      0.20      0.00      0.00      0.00      0.00     25.20      0.00     17.60     13.40     44.20      0.80
18      0.00      5.00      0.00      0.00      0.00      0.00      2.60      0.00      0.00      0.80     10.00      0.60
19      0.00     15.20      0.00      0.00      0.00      0.00     17.40      0.00      0.00      0.40      7.20      0.60
20     14.20      0.20      0.20      0.00      0.00      0.00    -99.00      0.00     11.20      0.20      3.60      0.60
21      0.20      0.00      9.80      0.00      0.00      0.00      0.00      0.00      1.40      0.20      0.60      0.60
22      0.20      0.00      2.60      0.00      0.00      9.80      0.00      0.00     11.60     14.40      0.60      0.40
23      0.20      1.60      0.80      0.00      0.00      1.80      0.00     19.80      0.40     82.80      0.00      0.60
24      0.20      0.00      0.60      0.00      0.00      0.20      0.00      0.00      0.20     23.40      0.40      0.40
25      0.20      0.00      0.00      0.00      0.00      0.00      0.00      0.00      0.00     27.00      1.40      0.40
26      0.00      0.20      0.00      0.00      0.60      0.00      2.20     18.20      0.00     21.40      0.80      0.40
27      0.00      0.20      0.00     28.40      2.40      0.00     29.20      2.00      0.00      5.00      0.00      0.40
28      0.00      0.00      0.00      0.00      0.00     17.40     17.60     19.20      0.00     35.80      0.00      0.40
29      0.20    -99.00      0.00     15.00      0.00      2.60      9.20      2.40      0.00      0.40      0.20      0.40
30      0.00    -99.00      0.00     16.80      0.00     28.40      3.60      9.40      4.20      0.00     21.00      0.40
31      0.20    -99.00      0.00    -99.00      0.00    -99.00      0.00     22.40    -99.00     24.60    -99.00      0.40
2015
01      0.60      1.00      0.00      0.00      0.00      0.00      0.00      0.00      0.00      0.00    230.20      0.00
02      0.40      6.80      0.00      0.00      0.00      0.00      0.00      0.00      0.00      0.00     17.80      0.00
03      0.40      0.00      0.20      0.00      0.00      0.00      0.00      0.00      0.00      0.00      0.00      1.60
04      0.40      0.00      0.40      0.00      0.00      0.00      0.00      0.00      0.00      0.00      0.00      8.40
05      0.60      3.40      0.60      0.00      0.00      0.00      0.00      0.00      0.00      0.00      3.00      1.40
06      0.40      3.20      0.20      0.00      0.00      0.00      0.00      0.00      0.00      0.00    110.60     26.40
07      0.40      1.40      1.20      0.00      0.00      0.00      0.00      0.00      0.00      0.00     17.60      7.20
08      0.60      0.40      0.00      0.00      0.00      0.00      0.00      0.00      0.00      0.00      0.20      0.00
09      0.40      0.40      0.40      0.00      0.40      0.00      0.00      0.00      0.00      0.00      1.60      0.00
10      0.40      0.40      3.00      1.20      0.00      0.00      0.00      0.00      0.00      0.00      0.40      0.00
11      0.40      0.20      1.60      1.60      0.00      0.00      0.00      0.00      0.00      0.00      1.00      0.00
12      0.20      0.20      0.20      2.80      0.20      0.00      0.00      0.00      0.00      0.00      0.00      0.00
13      2.60      0.20      0.00      0.00      0.00      0.00      0.00      0.00      0.00      0.00      0.00      0.00
14     11.00      0.20      0.00      0.20      0.00      0.00      0.00      0.00      0.00      0.00      0.00      0.00
15     16.40      0.20      0.00      0.00      0.00      0.00      0.00      0.00      0.00      0.00      0.00      9.20
16     12.00      0.20      0.20      0.00      0.00      0.00      0.00      0.00      0.00      0.00      0.00     20.80
17     17.80      0.20      0.00      0.00     23.60      0.00      0.00      0.00      0.00      0.00      0.00     12.60
18     13.00      0.20      0.00      0.00      0.00      0.00      0.00      0.00      0.00      0.00      0.00      0.20
19      4.80      0.20      0.00      0.00      0.00      0.00      0.00      0.00      0.00      0.00      1.20      0.00
20      2.60      0.20      0.00      0.00      0.00      0.00      0.00      0.00      0.00      0.00      0.20      0.00
21      1.00      0.20      0.00      0.80      0.00      0.00      0.00      0.00      0.00      0.00     11.00      1.40
22      0.40      0.20      0.00      0.00      2.00      0.00      0.00      0.00      0.00      0.00      5.80      0.40
23      0.00      0.20      0.00      0.80      0.20      0.00      0.00      0.00      0.00      0.00     10.60      0.00
24      0.20      0.00     10.40      6.60      0.00      0.00      0.00      0.00      0.00      2.80      8.00      0.00
25      0.00      0.20      7.80    102.20      0.00      0.00      0.00      0.00      0.00      1.80     32.40     10.20
26      0.00      0.00      2.80      2.60      0.00      0.00      0.00      0.00      0.00      0.00     30.40      0.20
27      0.00      0.20      0.00      0.20      0.00      0.00      0.00      0.00      0.00      0.20      1.20      0.20
28      0.00      0.00      0.20      0.00      0.00      0.00      0.00      0.00      0.00      0.00      0.00      1.60
29      0.00    -99.00      0.60      7.00      0.00      0.00      0.00      0.00      0.00      0.00      2.60      6.20
30      0.00    -99.00      0.00      0.00      0.00      0.00      0.00      0.00      0.00      0.00      0.40      4.60
31      1.00    -99.00      0.00    -99.00      2.20    -99.00      0.00      0.00    -99.00      0.20    -99.00      7.20
2016
01      0.80      4.60      0.00      0.00      0.00      0.00      0.00      0.00      4.40      0.80    340.00      7.60
02      0.00      5.40      0.00      0.40      0.00      0.00      0.00      0.00      0.00      1.80     55.40      0.00
03      0.20      0.60      0.00      0.00     16.60      0.00      0.00     21.40      0.20     33.20     39.80      3.00
04      0.00      0.60      0.00      0.00      0.20    -99.00      0.00      4.00      0.00      1.20      0.00      6.20
05      0.00      2.00      0.40      0.00      0.00      0.00      0.00      2.80     12.80      0.20      0.00      0.20
06      0.00      3.80      0.20      0.00      0.00      0.00      5.60      6.00      3.20     63.80      6.00      0.00
07      0.00      0.20      0.00      0.00      0.00    -99.00      0.00      2.80      0.40      7.20    101.80      0.00
08      0.00      0.00      0.00      0.00      0.00      0.00      0.00      0.20      0.00      0.20     48.20      0.00
09      0.00      0.00      0.00      0.00      0.00      0.00      0.00      0.00      0.00      0.00      7.20      0.00
10      0.00      0.00      1.20      0.00      0.00    -99.00      0.00      0.00      4.80      2.60      1.80      0.20
11      0.00      0.00      0.40      0.00      1.20      0.00      0.00      0.40     10.40      0.00      0.00      0.00
12      4.40      0.00      0.00      0.00      0.00      0.00      0.00      0.00     23.00     17.60      0.00      2.80
13      2.80      0.00      0.20      0.00     53.40    -99.00      0.00      0.00    106.80    238.00      0.00      2.60
14      0.80      0.00      0.00      0.00      0.00      0.00      0.00      0.00     72.40    543.40      0.00     26.20
15      0.00      2.20      0.00      0.00      0.00    -99.00      0.00      0.00      0.00    165.20      0.00     13.00
16      0.40      1.00      0.00      0.00     17.00      0.00      0.00      0.00      0.20     28.20      0.20     23.80
17      0.00      0.20      0.00      0.00      0.00    -99.00      0.00      0.00      0.00      2.00      0.20      0.00
18      0.00      0.00      0.00     24.80      0.00      0.00      0.00      5.40      0.00      0.00      3.20      0.00
19      7.40      0.00      0.00      0.60      0.00    -99.00      0.00      2.40      1.20      0.00      0.00      1.20
20      0.20      0.80      0.00      0.00      0.00      0.00      0.00      0.00     63.20      1.00      0.20      9.00
21      0.00      0.00      0.20      0.00      0.00    -99.00      0.80      0.20    201.20      0.00      0.00      0.20
22     16.20      0.00      0.00     14.80      6.00      0.00      1.40     21.00     63.80      0.00      0.00      2.80
23      5.60      0.80      0.00     28.40      0.20    -99.00      1.40      9.80     29.60      0.00     55.20      0.40
24     33.60      1.80      3.40      0.00      4.20    -99.00      0.00     38.20     10.20     32.60     15.00      0.00
25     11.40      3.00     14.20      1.00      0.00    -99.00      0.00     11.60     14.60      4.60      1.60      0.40
26      0.20      2.40      0.00      0.00      0.00    -99.00      0.00     11.20      0.20     37.60     36.00      0.20
27      4.00      0.00      0.60      0.20      0.00    -99.00      0.00     26.20      0.00      0.20      0.80     10.60
28      0.40      0.00      1.80      0.00      0.00      0.00      0.00     25.00      0.20      0.00      0.00      0.00
29      0.20      0.00      1.60     11.80      0.00    -99.00      0.00     26.60      3.00     10.40      1.80      0.40
30      0.80    -99.00      0.00      0.00      0.00    -99.00      0.00      4.80      0.00    201.20      9.20      0.00
31      3.20    -99.00      0.00    -99.00      0.00    -99.00      0.00      0.00    -99.00    209.40    -99.00      1.00
2017
01      0.00      0.00      0.80      1.00      0.00      0.00      0.00      0.00      0.20     15.40      1.20     42.40
02      1.40      8.60      0.00      0.00      0.00      0.00      0.00      0.00      0.00     17.80      2.80      3.60
03      2.00      3.60      0.00      1.60      0.00      0.00      0.00      0.00      0.00    163.20      0.20      1.00
04      2.00      2.00      0.00      1.00      0.00      0.00      0.00      4.00      0.00    137.00     17.00      2.40
05     10.20      0.00      0.00      0.00      0.00      0.00      0.00      1.80      0.00      9.60     22.60      1.20
06      0.00      0.00      0.40      0.00      0.00     19.20      0.00      0.00      0.00      9.20      0.60      0.00
07      0.00      0.00      0.00      0.00      0.00      0.80      0.00      0.00      0.00      5.00     20.20      0.00
08      0.00      0.00     19.40      0.00      0.00      9.40      0.00      0.00      0.00     14.00     14.40     14.20
09      5.40     13.60      0.20      0.00     49.80      0.00      0.00      0.00      0.00    210.20     13.80      1.00
10     11.20      0.00      0.20      0.00     16.40      0.00      0.00      0.00      0.00     93.20      9.60      0.00
11      1.20      6.00      0.00      0.00      0.00      0.00      4.00      0.00      0.00     17.80      7.00      0.60
12      7.60      0.00      0.00      6.60     33.20      0.00     42.60      0.00      0.00      1.00      0.20      0.20
13      1.60      0.00      0.00      1.20      0.20      0.00      0.20      0.00      0.00     26.00      0.00      0.00
14      0.40      5.40      0.00      0.00      0.00      0.00      6.20      0.00     59.20      6.80     42.80      0.00
15      1.00      6.80      0.00      0.00     10.20      0.00      2.60      0.00    306.60      0.00     12.20      2.40
16      1.40      0.00      1.80      0.00     46.80      0.00    305.60      0.00      0.00      1.40      0.40     31.60
17      1.00      0.00      4.60      0.00      1.80      1.00     54.60      9.20      0.00      0.20      0.00      0.00
18      0.00      0.00     39.40      0.00      2.40      0.00      0.80     37.80      1.40      4.80      0.80      0.00
19      2.80      0.20      2.60      0.00     10.60      0.00     23.20     17.40      0.00     17.20     56.20      0.00
20      7.60      0.00      0.00      0.00      0.00      3.00      9.80      5.60      2.40      0.20     19.80      0.00
21      7.00      0.00      3.80      0.00      5.20      0.00     17.00      0.20     10.60      0.40      4.80      0.00
22      4.00      0.00      0.00      2.00      0.20      0.00      0.40      0.00     21.00      0.40     15.80      0.00
23      1.00      2.60      0.20      0.00      0.00      0.00     28.60      0.00     22.00      0.60     16.00      0.00
24      1.00      4.80      0.20     26.60     17.20      0.00      0.00      0.00      0.20      0.40      3.80      6.40
25      8.40      6.80     44.60      0.00     30.80      2.00     97.80      0.00      4.20      0.00      0.20      0.20
26      3.40      3.00      4.60      1.00      0.40      1.80     13.80     94.00      7.60      0.40      0.00      2.60
27     15.40      0.00      0.80      0.00      0.00      0.20     43.40      2.40      3.80      0.00      0.00      4.20
28      0.80      0.00      0.00      0.00      0.00      4.40      5.00     24.80      0.40      0.20      0.00      0.20
29      0.20    -99.00      0.00      0.00      0.00      0.00     21.00     24.80      3.20      5.20      1.20      0.00
30      3.80    -99.00      0.00      0.00      0.20      0.00      0.00      0.00     20.20     53.20      9.60     14.80
31      0.00    -99.00      0.80    -99.00      0.00    -99.00      0.00      2.20    -99.00     14.40    -99.00      8.20
2018
01      0.20      0.00      0.00      0.00      0.00      0.00      0.00      0.00      0.00      9.20      0.00      2.60
02      0.00      1.80      0.00      0.20      1.20      0.00      0.00      0.00      0.00     18.40      0.00      0.00
03      7.40      0.20      0.00      0.20      5.80      0.00      0.00      0.00      0.00      0.20      0.00      0.00
04      6.40      1.80      0.00      0.00      1.20      0.40      0.00      0.00      0.00     36.40      0.00      0.00
05      3.40      0.20      0.00      0.00     36.40      9.60      0.00      0.00      0.00      0.00      0.00      0.00
06      0.40      0.00      0.00     31.20      0.00      0.00      0.00      1.20      0.00      0.00     15.80      0.00
07      0.20      0.00      0.00     37.00      0.00      4.40      0.00     15.20      0.00      0.00      3.40     91.40
08      6.00      0.00      4.80      0.00      0.00      0.00      8.20      0.00      3.40      0.00     10.40     56.20
09      4.40      0.00      0.00      0.00      0.00      0.00     50.20      1.20     39.20      0.00     25.20     23.20
10      5.40      0.00      0.00      0.00      9.00      2.00     85.60      0.20     15.40      3.80      9.20      4.20
11      0.00      2.20      0.00      0.00      0.00      0.00     16.40      0.00      0.00     12.00      1.80     26.60
12      0.00      2.00      0.40      0.00      0.00      0.00      1.00      0.00      0.00     10.40      0.00     17.60
13      0.00      0.00      0.20      0.00     29.80      0.00      9.80      0.00      1.20      5.60     17.00      2.00
14      0.00      0.00     16.00      0.00     14.20      0.00      6.20      0.00      0.00      0.00      0.00      1.00
15      0.00      0.00      0.00      1.40      0.20      0.00      4.20      1.40     13.40      0.00      0.00      1.00
16      0.00      0.00      0.00      0.00      0.00      4.00     69.00      5.00      0.00      0.00      0.00      6.00
17      0.00      0.00      0.00      0.00      0.00      0.00     32.40      0.00      0.00      0.00      0.00      7.80
18      0.00      0.00      0.00      0.00      5.60      0.00     34.40      0.00     91.60      1.80      0.00      0.00
19      0.00      0.00      0.00      0.00      7.40      0.00      3.80      0.00      0.20      1.80      0.00      0.00
20      0.00      0.20      8.80      0.00      0.00      0.00     11.80      4.80      2.40      2.20      0.00      0.00
21      0.00      0.80      0.00     37.00      0.00      0.00      9.80     25.00      0.00     16.80      0.00      0.00
22      0.60     12.00      0.00      0.20      0.00      0.00     21.80      0.00      0.00      0.00     16.40      0.00
23      0.00      2.80      0.00      0.00      0.00      0.00      0.00      0.00     28.00      0.00      6.20      1.00
24      0.00      0.00      0.00      0.00      0.00      0.00      0.00      0.00      0.00      0.00      0.00     10.80
25      0.00      0.20      0.00    147.40      0.00      0.00      0.00      0.00      0.00      0.00     13.00      0.20
26      1.40      1.00      2.20      0.00      0.00      0.00      0.00      0.60      0.00      0.00      0.40      0.00
27      1.20      0.60      0.00      0.00      0.00      2.80      1.40     14.40      5.80     70.80      1.80      6.60
28      0.00      0.00      0.00      0.00     31.00      0.00      7.80      0.60     47.60     42.80      6.00      5.00
29     11.20    -99.00      0.00     17.20      0.00      0.00      0.80      0.00     59.20      0.80      0.20     69.60
30      1.20    -99.00      0.00      0.60      0.00      0.00      0.40      2.80      0.00      0.00      0.40     10.00
31      6.40    -99.00      0.00    -99.00     11.40    -99.00      7.40      0.00    -99.00      0.00    -99.00      6.60
