TanMy               
   106.48200       17.708000               2
2011
01      0.00      0.20      0.20      0.00      0.00      0.00      4.40      0.40      0.00     69.40      0.20     12.00
02      0.00      0.00      0.00      0.00      0.00      0.00      0.00     23.00      0.00      1.60      2.20      9.20
03      7.40      0.00      3.00      0.00      0.00      0.00      0.00      9.00      0.00     99.60      0.20      0.00
04      3.80      0.00      2.00      0.00      0.00      0.60      0.00      0.00     26.40      8.20      6.40      0.00
05      0.00      0.00      0.00      0.00      0.60      0.00      0.00      0.00      0.60     38.40     12.80      0.00
06      3.00      0.00      0.00      0.00      1.00      0.00      0.00     15.00      0.00      9.60     13.20     16.60
07     11.20      0.00      4.80      0.60      0.00      0.00      0.00     14.80      0.00      4.80     16.20      4.20
08      0.00      0.20      2.60      0.40      0.00      0.00      2.40      0.00      0.00     49.80     32.20     40.00
09     18.80      0.00      0.20      0.40      0.00      0.00      0.00      0.00      1.40     11.00      6.40     15.00
10      0.60      0.00      2.40      0.00      0.00      0.00      0.00      5.80     62.40      0.00     33.40      8.60
11      1.00      1.40      0.00      0.00      0.00      0.00      0.00      0.00     77.20      0.80      0.00      0.60
12      0.60      7.20      0.00      0.00      2.20      0.00      0.00      0.00     56.40     34.60      0.00      0.00
13      0.00      7.40      0.00      0.00      1.20      0.00      0.00      0.00      2.00     14.00      0.00      0.00
14      0.00      8.60      0.00      0.00      0.20      0.00      0.00      0.00      0.00    113.60      0.00      0.00
15      1.20      0.00      0.00      0.00      0.40      0.00      1.40      0.00      0.00     94.20      0.00      6.40
16      0.00      0.00      4.80      0.00     12.60      0.00      0.00     13.80      1.00    208.00      0.00      6.80
17      0.00      0.20      0.20      0.00      0.00      0.00      0.80      1.40     10.40      7.60      0.00      1.60
18      0.00      0.40      2.20      9.20      0.00      0.00      0.00      0.40      0.00      0.00      0.00      1.60
19      0.00      5.40      0.00      0.00      0.00      6.20      0.00      0.60     19.40      1.60      0.00      1.80
20      1.20      2.40      0.00      0.80      1.80      1.40      0.00      0.00     10.60     11.80      0.00      0.20
21      5.20      0.00      0.00      0.00      0.00      0.00      0.60      0.80      2.80      0.20      1.60      0.00
22      0.00      0.40      3.80      0.00      0.00      0.00      0.00      0.00     26.80      0.00      8.60     11.20
23      0.80      1.00      1.40      0.20      0.00      0.80      0.00      0.00      5.00      0.00      7.80     11.00
24      1.40      0.20      1.60      0.40      0.00      5.00      0.00     35.60      0.00      0.40      0.00      0.00
25      0.00      0.20      2.00      0.00      0.00      0.80      0.00      0.00      3.60     23.00      0.00      0.00
26      0.20      0.00      7.00      0.00      0.00      0.00      0.00      0.00     71.80      2.40     21.20      0.00
27      0.00      0.00      4.20      0.80      0.00      1.00      0.00      0.00     97.00     23.00      2.40      0.00
28      5.00      0.00      0.20      0.00      0.00     10.40      0.00      0.00      0.00      0.20      0.60      0.40
29      3.40    -99.00     14.60      6.00      0.00      0.00      0.60      0.00      4.80     17.40      2.60      0.00
30      0.00    -99.00     19.60      0.00      0.00      0.00     41.00      0.00    197.60      2.20      1.20      3.00
31      0.00    -99.00      0.20    -99.00      0.00    -99.00      7.20      0.00    -99.00      7.20    -99.00      0.00
2012
01      0.20      0.00      0.00      0.00      0.00     22.00      3.20      0.00      0.00      0.00      0.00      0.00
02      0.00      0.00      0.00      0.00      0.00     32.40      1.80      2.60     24.60      0.00      0.00      6.40
03      0.00      0.40      0.40      0.00      0.00      0.00    109.40      0.00      3.80      0.00      0.00      4.00
04      2.80      0.20      0.40      0.00      0.00      0.00      6.00      0.00     52.80      0.00      0.20      0.00
05      1.00      0.00      0.00     31.20      0.00      0.00     22.60      0.00    102.40      0.00     15.40     16.00
06      0.00      0.00      0.00      0.00      0.00      0.00      0.20      0.20     57.60      0.00      0.00      0.00
07      1.00      2.00      0.00      9.80      2.00      0.00      0.00      0.40     37.80     34.00      3.00      0.00
08      5.20      0.40      0.00      0.20      0.80     19.20      0.00      0.00      0.00     13.20      6.40      0.00
09      2.00      0.00      1.20      0.00     10.40      1.60      0.00      0.00      0.00      3.80      0.00      0.00
10      0.40      0.00      7.00      0.00      0.00      0.00      0.00      0.00      0.00     14.60      0.00      0.00
11      3.40      0.00      1.40      0.00      1.00      0.00      0.00      0.00      0.00      0.40      0.00      0.00
12      5.20      0.00      3.60      0.00      0.00      0.00      0.00      0.00      2.60      0.00      2.00      2.00
13      2.00      0.00      1.80      0.00      0.00      0.00      0.00      0.00     14.00      0.00      0.00     26.00
14      0.00      0.00      0.20      0.00      0.00      0.00      0.00      0.00    206.00      0.00      0.00      0.00
15      0.00      0.00      0.00      0.00      1.40      5.00      0.00      2.60      6.20      0.00      0.00      0.00
16      0.00      0.40      0.00      0.00      0.00      7.80      0.00      0.00      2.20      0.00      0.00      0.00
17      1.40      0.40      0.00      0.00      0.00      0.60      0.00      0.60      1.80      4.00     14.00      0.00
18      0.40      6.80      0.00      0.00      0.00      0.00      0.00      0.00      1.40     14.40      0.00      0.00
19      0.80      1.00      0.00      0.00      0.00      0.00      0.00      0.00      0.00      7.80      0.00      9.20
20      0.20      0.00      0.00      0.00      0.00      0.00      0.00      0.00      0.00      0.40      0.00      0.00
21      0.00      0.00      0.00      8.80      0.00      0.00      0.00      0.00      0.00      5.60      0.00      0.00
22      5.80      0.00      0.00      0.00      2.20      0.00      0.00     16.80      0.00      0.00      0.00     12.60
23      7.40      0.00      2.00      0.00      0.00      0.00      6.00     12.20      0.00      0.00      0.00     12.60
24      1.40      0.00      0.00      0.00      0.00      0.00      0.00      0.00      0.00      0.00     64.00      0.00
25      1.80      0.00      0.00      0.00      0.00      0.00      0.00      6.20      0.00      0.60      0.00      0.00
26      0.20      2.00      0.00      3.40      3.00      0.00      0.00      0.20     27.20      0.00     39.00      0.00
27      0.00      3.40      0.00      0.20      3.40      0.00      0.00      0.80     16.20     52.80      0.60      0.60
28      0.00      2.20      0.00      0.00     31.20      0.00      0.00      5.00      0.00     26.20      0.00      0.00
29      1.20      0.00      0.00      0.00      3.80      0.00      0.00      0.20      0.60      0.00      0.00      7.20
30      2.40    -99.00      0.00      0.00     10.20      0.00      0.00      0.00      1.80      0.60      0.00      6.40
31      3.20    -99.00      2.00    -99.00      1.40    -99.00      1.60      0.00    -99.00      2.00    -99.00      1.40
2013
01      0.00      0.40      0.00      0.00     13.00      0.00      0.00      0.00      0.00      0.40      0.00      0.00
02      0.00      0.20      0.00      0.00     16.00      0.00      0.00      1.60      0.00     12.00      0.00      0.00
03      0.00      0.00     38.80      0.00      0.80      0.00      0.00      0.00      0.00     46.80      0.00      0.00
04      0.00      0.00      3.40      6.00     42.20      0.00      0.00      0.00      0.00      4.40      0.00      0.40
05      0.00      0.00      0.00      0.00      0.00      2.20      0.00      0.00      1.60      0.00      7.00      0.40
06      0.40      0.00      0.00      0.00      2.20      0.00      0.00      0.00      5.60      0.00      2.60      8.00
07      0.00      0.00      0.00      0.00      9.60      0.00      0.00    120.80     11.40      0.00      6.00      0.20
08      0.00      2.00      0.00      0.00      0.00      0.00      0.40      0.20     36.00      0.00      0.20      0.00
09      1.00      6.00      0.00      0.00      0.00      0.00      0.00      0.00      0.20      0.00      2.80      0.00
10      0.00      0.00      0.00      0.00      0.00      3.00      0.00      0.00      2.60      0.00     31.40      0.00
11      0.00      0.00     13.00      2.20     10.80      1.80      0.00      0.00     22.80     34.20      0.00      0.00
12      0.00      0.00      4.60      3.60      0.00      0.00      0.00      0.60     12.20      6.00     34.60      0.20
13      0.00      0.00      9.40      0.00      0.00      0.00      0.00      0.00      3.00      0.00      4.40     13.80
14      0.00      0.00      0.00      0.00      0.00      0.00      0.00      0.00      0.00     13.80      3.80      1.60
15      0.00      0.00      0.00      0.00      0.00      0.00      0.00      0.00      0.00     57.20      7.00     11.20
16      0.00      2.00      0.00      7.20      0.00      0.00      0.00      0.00      2.60    290.80     15.40     36.20
17      3.80      0.00      0.00      6.20      0.00      0.00      0.00      0.00     10.40      2.60      4.60      8.20
18     37.40      0.00      0.00      0.00      0.00      0.00      0.00      0.00     55.20     45.80      5.20      2.80
19      2.80      0.00      0.00      0.00      0.00      0.00      0.00      0.00     61.80     20.20     28.00      0.00
20      0.00      0.00      0.00      0.00      0.00      0.00      7.60      2.00    128.40     30.60      0.60      0.00
21      0.40      0.00      0.00      0.00      2.00      0.00     10.80      3.40      0.40      9.40      3.60      0.00
22      0.00      9.80      0.40      0.00      8.20     54.00      5.00      0.00      0.00      2.20      4.40      0.00
23      0.00     12.20      0.00      1.40      0.00     29.80    110.40      0.00      0.00      0.40      7.00      0.00
24      0.00      0.00      0.00      0.00      0.20      0.00      8.20      0.00      0.00      3.40      5.20      0.00
25      0.40      0.00      0.00      6.20      0.00      3.00      0.40      0.00      0.00      4.00     16.00      0.00
26      0.00      0.00      0.00      0.00      0.00      0.40      0.00      0.00     27.40      0.00      0.00      0.00
27      3.40      0.60      0.00      0.00      0.00      0.00      9.00      0.00     76.40      0.00      2.60      0.00
28      2.00      0.00      0.00      0.00      0.00      0.00      2.00      0.00     24.00      0.00      5.20      0.00
29      0.00    -99.00      0.60      0.00      0.00      0.00      0.00      0.00      4.80      0.00      4.60      0.00
30      0.00    -99.00      0.00      0.00      0.00      0.00      0.00      0.00    222.00      1.00      0.00      0.00
31      0.00    -99.00     10.80    -99.00      0.00    -99.00      0.40      0.00    -99.00      0.00    -99.00      0.00
2014
01      0.00      0.20      0.00      0.40      0.00      0.00      0.20      0.00     17.20      0.00     12.20     26.80
02      0.00      0.00      0.20      0.20      0.00      0.00      0.00      0.80      2.80      0.00     13.00     88.40
03      0.00      0.00      0.20      0.40      0.00      0.00      0.00      0.00      0.40      0.00     32.80      3.20
04      0.00      0.80      0.00      2.00      0.00      0.00    -99.00      0.00      4.20      0.00      4.20     29.60
05      0.00      0.00      1.40      0.00      2.80      0.00    -99.00      0.40      0.00    129.80      0.00      0.00
06      0.00      0.00      1.80      0.00      0.00      0.00    -99.00      0.00      0.00    336.80      0.20      0.00
07      0.00      0.20      1.20      0.80      0.00      0.00    -99.00      0.00      0.00      0.40      7.20      4.20
08      0.00      0.00      1.80      0.00      0.00      0.00    -99.00      0.00      0.00     16.60      1.60      2.00
09      4.60      1.20      3.80      0.00      0.20      0.00      3.00      0.60      0.00      0.00      1.60      0.00
10      1.80      6.40      0.20      0.00      0.00      0.00      0.00      0.00      0.00      0.00      0.00      1.60
11      5.20     10.80      0.00      0.00      0.00      2.60      0.00      0.00      0.00      0.00      0.20      6.20
12      0.00      0.20      0.00      0.00      0.00     33.60      0.00      0.00      0.80      1.00     20.20      1.80
13      1.60      0.80      1.60      0.00      0.00     19.60      0.00      0.00      0.00     31.20      0.00      0.80
14      5.20      1.40      0.80      0.00      0.00     22.80      0.00    -99.00      0.00      0.00      0.60      0.00
15      0.00      0.00      0.00      0.00      0.00      0.00      0.00    -99.00      0.40      5.60      0.00      0.00
16      0.00      0.00      0.40      0.00      1.00      0.00      0.00    -99.00     75.00      0.40     19.00      0.80
17      0.00      0.20      0.20      0.00      0.00      0.00      0.00      0.00     12.40     22.00     51.80      0.00
18      0.00      2.40      0.00      0.00      0.00      0.00      0.00      0.00      0.00      3.60      0.80      0.00
19      0.60      5.00      0.00      0.00      0.00      0.00      0.00      0.00      0.00      1.40     11.80      0.00
20     10.60      0.00      2.80      0.00      0.00      0.00    -99.00      0.00      2.00      0.00      2.20      0.00
21      0.00      0.00     40.80      0.00      0.00      0.00      0.00      0.00      0.00      0.20      0.00      1.20
22      0.00      0.00      0.40      0.00      0.00      2.80      0.00      0.00     14.80      3.80      0.00      0.00
23      0.00      1.80      0.80      0.00      0.00      1.20      0.00      0.00      0.80    103.20      0.00      0.00
24      0.00      0.00      0.40      0.00      0.00      0.80      0.00      0.20      0.00     33.80      3.60      0.20
25      0.00      0.00      0.00      0.00      0.00      0.00      0.00      0.40      0.00     53.00      2.00      0.00
26      0.00      1.40      0.00      0.00      0.00      0.00      0.00     43.40      0.00     15.20      0.00      1.80
27      0.00      0.60      0.00     39.00      0.00      0.00      0.00      1.20      0.00     29.40      1.20      3.60
28      0.00      0.00      0.00      1.80      0.00      0.00      0.00      3.80      0.00    122.80      0.00      0.20
29      2.00    -99.00      0.00      0.00      0.00      0.00      0.00      1.80      0.00     10.20      0.00      0.00
30      0.20    -99.00      0.00      0.20      0.00      0.00      0.00     24.80     14.40      0.00     11.00      0.00
31      0.20    -99.00      0.00    -99.00      0.00    -99.00      0.00     13.20    -99.00     17.60    -99.00      1.60
2015
01      0.00     10.80      0.00      0.00      0.00      0.00      0.00      9.20      3.60      0.00     78.00      1.20
02      0.00      9.80      0.00      0.00      0.00      0.00      0.00      0.20      0.00      0.00     41.00      0.00
03      0.00      0.20      0.00      0.00      0.00      0.00      0.00      1.20      0.00     24.20      0.00      0.00
04      0.00      0.80      0.60      0.00      0.00      0.00      0.00      1.00      0.00      0.00      0.00     12.80
05      0.20     21.80      0.60      0.00      0.00      0.00      0.00      0.00      0.00      4.00     27.80      0.20
06      0.20      0.40      0.00      0.00      0.00      0.00     11.20      0.00      0.00     13.60    328.00     32.60
07     18.20      0.00      1.60      0.00      0.00      0.00      0.00      0.00      0.00      2.60      2.60      0.60
08    111.00      3.00      0.00      1.00      0.00      0.00      0.00      0.00      0.00      9.40      1.40      0.20
09     12.60      0.00      0.20      0.20      0.00      0.00      4.00      0.00      0.00      0.00      1.00      0.00
10      0.00      0.00      1.20      3.60      0.00      0.00      0.00      0.00     29.80     14.40      0.80      0.00
11      0.00      0.00      2.00      0.00      0.00      0.00     29.80      0.00      2.40      2.60      0.20      0.00
12      4.60      0.00      0.20      0.60      0.00      6.40     18.60      5.60      2.40      0.00     15.20      0.00
13      0.00      0.00      0.00      0.00      0.00      0.00      0.00      0.00     91.40      3.40      0.00      0.00
14      0.00      0.00      0.00      0.00      0.00      0.00      0.00      0.00    103.80     35.60      0.00      0.00
15      0.00      0.00      0.00      0.00      0.00      0.00      0.80      0.00    154.60      1.00      0.00     22.20
16      0.00      1.80      0.00      0.00      1.40      0.00      0.00      0.00     57.80      0.00      0.00      6.40
17      0.00      0.20      0.00      0.00     15.00      0.00      9.80      0.00     12.00      0.00      0.00      5.20
18      1.20     14.00      0.00      0.00      0.00      0.00      0.00      0.00      2.00      0.00      0.00      0.00
19      0.20      0.60      1.80    -99.00      0.00      0.00      7.60      0.00      0.00      0.20      0.00      0.00
20      0.40      1.20      0.00    -99.00      0.00      0.00      0.00     10.80      0.00      0.00     17.40      0.00
21      0.00      6.60      0.00    -99.00      0.00      0.40      0.00      0.00      0.20      0.00     22.80      0.40
22      0.00      0.60      0.00    -99.00      0.00     26.20      0.00      0.00      0.00      0.00      1.00      0.00
23      0.20      0.40      0.00    -99.00      0.00     32.60      0.00      2.40      0.00      0.00     27.40      0.00
24      0.00      0.20     31.80    -99.00      0.00     15.60      0.00      0.00      0.00      0.00      0.00      0.20
25      0.00      0.00      0.60    134.60      0.00      0.00      2.00      0.00      0.00      0.00     15.80     21.60
26      0.20      0.00      0.80      0.00      0.00      0.00      7.00      1.80      0.00      0.00     12.80      0.20
27      0.00      0.00      1.60      0.00      0.00      0.00      7.80      0.00      0.00      0.00      4.40      0.00
28      0.00      0.00      0.00      0.60      0.00      0.00     12.60      0.00      0.00      0.00      0.00      2.20
29      0.00    -99.00      0.00      3.00      0.00      0.00      6.20      0.00      0.00      0.00      0.40      1.80
30      0.20    -99.00      0.00      0.20      0.00      0.00      4.80      0.00      0.00      0.00      0.00      4.20
31      0.40    -99.00      0.00    -99.00      0.00    -99.00      5.40      2.60    -99.00      0.60    -99.00      8.80
2016
01      2.20      1.40      0.00    -99.00    -99.00    -99.00    -99.00      0.00      1.20      0.00     82.60      1.20
02      0.20      5.00      0.00    -99.00    -99.00    -99.00    -99.00      0.00      0.00      0.00      0.40      2.00
03      0.00      0.00      0.00    -99.00    -99.00    -99.00    -99.00      0.00      0.00     21.40     12.20      0.80
04      0.00      0.00      0.40    -99.00    -99.00    -99.00    -99.00      2.80      0.00      6.20      0.00      5.60
05      0.00      0.20      1.80    -99.00    -99.00    -99.00    -99.00     10.80      1.00      0.00      0.00      1.60
06      0.00      0.60      0.00    -99.00    -99.00    -99.00    -99.00      0.00      0.00     80.20     23.40      0.00
07      0.00      0.00      0.00    -99.00    -99.00    -99.00    -99.00      0.00      0.00     51.20     81.20      0.00
08      0.00      0.00      0.00    -99.00    -99.00    -99.00    -99.00      0.00      6.00      0.00      7.00      0.00
09      0.20      0.00      0.00    -99.00    -99.00    -99.00    -99.00      0.00      0.00      0.00     13.40      0.00
10      0.00      0.00      2.60    -99.00    -99.00    -99.00      0.00     24.40      5.80      1.60      1.00      0.00
11      0.00      0.20      1.00    -99.00    -99.00    -99.00      0.00     10.00      7.40      0.20      0.00      0.00
12      0.80      0.00      0.00    -99.00    -99.00    -99.00      0.00      0.20      2.20      0.60      3.00      4.20
13      1.80      0.00      3.20    -99.00    -99.00    -99.00      0.00      0.20     97.80     53.60      0.00      6.00
14      0.00      0.00      0.00    -99.00    -99.00    -99.00      0.00      6.80     10.80    578.80      0.00     17.00
15      1.20      0.00      0.20    -99.00    -99.00    -99.00      0.00      3.40      0.00    196.60      0.00     32.40
16      3.00      0.20    -99.00    -99.00    -99.00    -99.00      0.00      0.40      0.00     20.80      0.00      9.00
17      0.60      0.00      0.20    -99.00    -99.00    -99.00      0.00      1.00      0.00      0.00      0.00      0.00
18      3.40      0.00      0.00    -99.00    -99.00    -99.00      0.00      0.60      0.00      0.00      4.20      0.00
19      3.20      0.80      0.00    -99.00    -99.00    -99.00      0.00     11.00     16.60      0.40      0.00      1.20
20      0.00      0.00      0.20    -99.00    -99.00    -99.00      0.00      0.00     33.00      0.20      0.00     13.20
21      0.00      0.00      0.00    -99.00    -99.00    -99.00      0.00      1.80     54.20      0.20      0.00      0.20
22      0.80      0.00      0.00    -99.00    -99.00    -99.00      0.00     23.00     79.00     23.00      0.40      0.00
23      6.60      3.60      0.20    -99.00    -99.00    -99.00      0.00      4.00     18.00     19.20    163.00      1.60
24     43.00      1.60      4.20    -99.00    -99.00    -99.00      0.00      4.60      8.40     86.20     39.60      0.40
25      2.00      0.40      8.20    -99.00    -99.00    -99.00      0.00      0.00      9.00      0.40      3.80      3.00
26      0.00      0.00      0.60    -99.00    -99.00    -99.00      0.00      0.00      0.00     23.40     33.60      0.20
27      0.40      0.00      1.40    -99.00    -99.00    -99.00      3.00      0.00      0.00      0.80      3.00      6.60
28      0.00      0.00      1.60    -99.00    -99.00    -99.00      0.00      3.80      0.00      0.00      2.00      0.00
29      0.20      0.00      0.80    -99.00    -99.00    -99.00      0.00     26.40      1.60     15.20      4.60      1.40
30      0.80    -99.00    -99.00    -99.00    -99.00    -99.00      0.00      4.80      0.00    162.80      9.20      0.00
31      0.40    -99.00    -99.00    -99.00    -99.00    -99.00      0.00      0.00    -99.00    189.20    -99.00      1.60
2017
01      0.20      0.00      3.00      0.00      0.00      0.00      0.00      0.00     12.20      0.20      2.20     29.80
02      6.00     17.00      0.00      0.00      0.00      0.00      0.00      0.00      0.00     81.20      0.00      4.80
03      5.60     13.00      0.00      0.60      0.00      0.00      0.00      0.00      0.00     37.40      0.00      2.80
04      0.40      0.40      0.00      0.00      1.00      0.00      0.00      0.60      0.20     72.60     28.20     12.20
05      7.60      1.60      0.00      0.00      0.00      0.00      0.00      6.00      0.00     23.20     23.60      1.00
06      0.60      0.00      0.00      0.60      1.40      0.00      0.00      0.00      0.00      1.00      3.80      0.00
07      0.00      0.00      0.00      0.00      0.00     30.40      0.00      0.00      0.00     13.20     25.80      0.00
08      0.20      0.00     37.40      0.00      0.00      2.00      0.00      0.00      0.00     50.80     17.20      5.80
09      2.00      1.40      0.20      0.00      8.20      4.60      0.00      0.00      0.00    156.80     12.60      3.80
10      1.80      1.60      0.00      0.00      4.40      0.00      0.00      0.00      0.00     72.20      0.00      0.00
11      1.20     15.80      0.20      0.00      1.00      0.00      0.00      0.00      0.00      6.40     17.80      0.00
12      8.60      0.00      0.00     35.40      0.20      0.00      2.80      0.00      0.00     26.80      0.00      0.00
13      0.60      0.00      0.00      0.00      1.60      0.00      0.60      0.00      5.60     26.20      0.00      0.00
14      0.20      0.00      0.40      0.00      0.00      0.00      0.60      0.00     58.60      2.20     44.20      0.00
15      4.80      0.40      3.60      0.00      8.00      0.00      0.00      0.00    133.00      0.20      0.60     25.40
16      6.80      0.00      0.20      0.00     43.60      0.00    288.40      0.00      0.00      0.00      0.00     17.80
17      1.40      0.00      1.00      0.00      0.00      0.40     22.20      0.00      0.00      0.00      0.00      0.00
18      0.20      0.20     10.20      0.00      1.20      0.00      0.00     15.20      0.00      3.20      0.80      0.00
19      1.00      0.00      4.20      0.00     22.80      0.00      0.00      8.00      0.00     25.00     69.20      0.00
20      5.60      0.20      0.20      0.00      0.00      0.40      0.00     15.60      0.00      0.20     42.80      0.00
21     51.20      0.00     16.40      0.00      0.00      0.00      0.00      0.00      0.00      2.20     10.00      0.00
22     19.80      0.00      0.00      0.00      0.00      0.00      0.00      0.00      5.40      0.00     37.40      0.00
23      2.40      5.00      0.00      0.00      0.00      0.00     22.00      0.00     55.80      0.20     29.20      0.00
24      1.40      7.00      0.40     55.80      1.00      0.00      0.00      0.00     11.40      0.40      1.20      5.00
25     15.40      2.20     54.40      0.00     99.80      0.00     40.40      0.60     10.20      0.00      0.00      0.00
26      6.80      2.80      6.00      0.00      0.00      0.00      5.60     58.40      0.20      0.00      0.00      7.20
27      8.60      0.00      0.20      0.00      0.00      0.00     36.80     32.60      1.80      0.00      0.00      2.20
28      0.00      0.00      0.00      0.00      0.00     17.20      3.60     40.60      1.80      0.00      1.80      0.00
29      0.20    -99.00      0.00      0.00      0.00     15.00      0.20      2.40      0.60      4.60      2.60      0.00
30      1.00    -99.00      0.00      0.00      1.20      0.00      0.00      0.20     16.60      2.60     76.20     12.60
31      0.20    -99.00      0.00    -99.00      0.00    -99.00      0.00      0.00    -99.00      5.40    -99.00     11.80
2018
01      2.00      0.20      0.20      0.00      0.00      0.00      0.00      0.00      0.00      1.80      0.00      2.20
02      0.00      1.00      0.00      0.00      0.40      0.00      0.00      0.00      0.00      6.40      0.00      0.20
03      7.20      0.20      0.00      0.00      2.20      0.00      0.00      0.00      0.00      1.00      0.00      0.00
04      1.60      0.00      0.00      0.00      0.00      0.20      0.00      0.00      0.00     52.80      0.00      0.00
05      1.40      0.00      0.00      0.00      0.80     21.20      0.00      0.00      0.00      0.00      0.00      0.00
06      0.40      1.00      0.40      6.80      0.00      0.00      0.00      0.00      0.00      0.00      6.40      0.20
07      0.20      0.00      0.20      3.00      0.00     31.40      0.00      0.00      0.00      0.00      4.40     20.20
08      6.40      0.00     19.80      0.00      0.00      0.00      0.00      0.00      0.20      0.00     22.20    129.00
09      6.60      0.00      0.00      0.00      0.00      0.00      0.00      7.40    109.00      0.00     65.80    102.80
10      0.40      0.00      0.00      0.00      0.00      0.60      8.20      0.00     11.20     10.20     35.00      8.40
11      0.00      2.80      0.00      0.00      0.00      0.00      8.00      0.00      0.00     28.00      0.20     78.40
12      0.00      0.80      0.00      0.00      0.00      0.00      0.40      0.00      0.20      2.80      1.60     18.60
13      0.00      0.00      0.00      0.00      0.00      0.00      0.00      0.40      0.00     25.60      1.20      0.40
14      0.00      0.00     24.60      0.00      0.00      0.00      0.00      0.00      4.80      2.60      0.60      0.20
15      0.00      0.20      0.00      2.00      0.00      0.00      0.00      0.00     10.80      0.00      0.00      0.20
16      0.00      0.40      0.00      0.20      0.00      0.00      0.00      6.60      0.00      0.00      0.00     18.00
17      0.00      0.00      0.00      0.00     10.20      0.00     15.40      0.00      0.00      0.00      0.00      2.00
18      0.00      0.00      0.00      0.00      0.40      1.00     23.00      0.00     61.40     16.40      0.00      0.00
19      0.20      0.00      0.00      0.00      1.00      0.00      0.40      0.00      2.80      1.80      0.00      0.00
20      0.00      0.00      0.00      0.00      0.00      0.00      2.40      2.00      8.80      1.80      0.00      0.20
21      0.40      1.40      0.00      2.20      0.00      0.00      8.20      0.20      0.00     30.60      0.00      0.00
22      0.20      8.20      0.00      0.00      0.00      0.00     31.40      0.00      0.00      0.00      3.20      0.00
23      0.00      4.80      0.00      0.00      0.00      0.00      0.00      0.00      0.00      0.00      1.60      0.00
24      0.00      0.00      0.00      0.00      0.00      0.00      0.00      0.00      0.00      0.60      0.00      0.00
25      2.80      2.60      0.00      3.60      0.00      0.00      2.60      0.00      0.00      0.20     20.60      0.00
26      0.00      1.40      0.00      0.00      0.00      0.00      3.00      1.40      0.00      0.00      4.40      0.00
27      0.60      0.00      0.00      0.00      0.00      0.00      2.20      0.00      0.00     42.60      2.80      3.60
28      1.80      0.20      0.00      0.20      1.60      0.00     13.60      0.40      3.40     73.40      0.40     16.60
29     10.60    -99.00      0.00      3.80      0.00      0.00      5.60      0.60     93.80      1.80      0.20     76.60
30      0.40    -99.00      0.00      0.80      0.00      0.00      0.20      0.40      0.00      0.00      2.00     10.00
31      1.80    -99.00      0.00    -99.00      0.00    -99.00      3.20      0.00    -99.00      0.00    -99.00      3.80
