TaRut               
   106.99500       16.391001             280
2011
01      0.40      1.00      0.00      0.00      0.00      0.00      0.00     11.00      0.00     30.60      8.40     12.20
02      1.20      0.60      3.40      0.00      0.00      0.00      0.00      0.00      4.00     99.60      0.20     10.40
03      0.00      0.40      4.80      0.00      0.00      0.00      0.00      5.00      0.60    101.00     11.80      1.80
04      7.60      0.00      1.00      0.00      0.00      0.00      0.00      0.00      0.00      2.60     71.20      3.00
05      0.00      0.00      0.00      0.00      0.00      0.00      0.00      0.00      4.80      2.40     20.40      3.00
06      9.20      0.00      0.00      0.00      0.00      0.00      0.00      0.00      0.80      0.20     42.40      1.40
07     28.00      0.00      0.00      0.00      0.00      0.00      0.00      0.00     52.20      0.00    123.40     19.80
08     37.80      0.00      0.40      0.00      0.00      0.00      0.00      0.00      7.20      0.60     14.80      1.60
09      4.60      0.00      0.00      0.00      0.00      0.00      0.00      0.00     12.60     24.80      0.80      9.00
10      3.60      0.00      0.00      0.80      0.00      4.40      0.00      0.00      9.80      2.60      0.40      2.20
11      0.00      0.00      0.00      0.00      0.00      0.00      1.60      0.00     17.60      2.00      0.00     10.00
12      0.00      0.00      0.00      0.00      2.20      0.00      0.00      0.00      1.40      7.00      0.00      1.00
13      0.20      0.00      0.00      0.00      0.80      0.00      0.00      0.00      8.80      0.80      0.60      0.00
14      0.20      1.00      0.00      0.00      0.00      8.40      0.00      0.20      5.00      4.40      0.80      2.20
15     38.40      0.00      3.20      0.00      0.00      0.00      0.00      0.00      2.00     47.80     38.80     32.80
16     19.40      0.00     32.40      0.00      0.00      0.00      0.00      5.00      0.00    111.60      7.60      5.00
17      0.00      0.00      0.00      0.00      0.00      0.00      0.00      0.20      0.80    213.80      0.60      6.80
18      0.80      0.00      0.00     27.00     11.20     21.80      0.00      0.00      0.00     12.60      0.00      1.40
19      1.20      0.00      0.00      0.00      6.20     14.40      0.00      1.60      0.00      3.00      0.00      2.40
20      3.80      0.00      0.00      1.60      0.00      0.20      0.00      0.00     43.60      1.60      1.40     38.00
21      1.80      0.20      0.00     17.40      0.00      0.00      1.00      0.00     14.40      0.00     15.60     21.00
22      0.00      0.00      3.80      0.00      0.00      0.00      0.00      0.00     11.80      0.00      1.40     31.20
23      0.60      0.00     40.20      4.80      0.00      0.00      0.00      0.00    144.60      0.00     20.60      7.60
24      3.20      0.00      9.20      0.00      0.00      0.00     14.20      0.00    163.80      0.00     21.00      5.60
25      0.60      0.00     28.60      0.00      0.00      0.00      9.60      0.00     16.40      7.40     63.60      0.00
26     13.60      0.00      3.60      0.00      0.00      0.00      0.00      0.00      7.20      2.00    127.80      0.20
27     15.40      0.00      4.60      0.20      0.00      0.00      0.00      9.80     85.20      3.40      3.80      4.60
28      9.80      0.00      2.00      0.00      0.00      0.00      0.00      1.80      0.00      0.00      1.20      2.20
29     22.40    -99.00      9.20      0.00      0.00      0.00      0.00      0.00      0.00      0.00      3.60      1.60
30     49.00    -99.00      3.00      0.00      0.00      0.00      0.80      0.00     12.00     14.00      0.00     48.80
31     78.40    -99.00      0.00    -99.00      0.00    -99.00      9.20      5.20    -99.00      7.20    -99.00     43.60
2012
01     22.80      0.00      0.00     13.20      0.00      0.20      0.60      0.00      0.00     10.00     12.60      0.00
02      3.60      6.20      0.00      3.60      0.00      0.00      1.20      0.00     38.80      0.00     13.40      0.00
03      0.20      3.80      0.00      0.00      0.00      0.00      0.20     10.40      5.40      1.00      1.00      0.00
04     17.20      0.00      0.00      0.00      0.00      0.20      0.00      0.00     98.20      1.60      0.00      0.00
05      0.80      0.00      0.00      0.00      0.00     32.60      0.00      0.00      3.20      0.20      0.20      8.40
06      0.80      0.00      0.00      0.00      0.00      0.00      0.40      0.00      4.20    134.00     13.00     42.20
07      3.80      0.00      0.00      0.00      0.00     65.40      0.00      0.00      0.00      1.20     20.80      0.00
08      2.20      0.00      0.00      0.00      0.00      0.00      0.00      0.00      0.00     30.00      1.40      0.00
09      0.00      0.20      0.00      0.00      0.00      0.00      0.00      0.00      0.00     16.00      0.00      3.80
10      6.20      0.00      0.80      0.00      0.00      0.00      0.00      0.00     11.20      1.00      0.00      0.00
11     30.20      2.00      0.00      0.00      0.00      0.00      0.00      0.00     29.20      0.00      6.20      0.00
12     48.00     11.60      0.00      0.00      0.00      0.00      0.00      0.00     20.80      0.00      1.20      4.20
13      2.80      0.00      0.00      0.00      0.00      0.00      0.00      0.00     15.00      0.00      0.20     11.80
14      0.40      0.00      0.00      0.00      0.00      0.00      0.00      0.00     18.60      0.00      1.40      5.20
15     28.80      0.00      0.00      0.00      7.60      0.00      0.00      0.00     33.80      0.00      5.40      0.00
16      5.60     44.40      0.00      0.00      0.40      1.60      0.00      5.80      0.00      0.00     70.80      0.00
17     11.00    111.60      0.00      0.00      2.00     10.40      0.00      0.20      0.00      0.00     40.80      0.00
18      5.60     11.40      0.00      0.00      0.20      1.20      0.00     10.40      0.00      0.00      3.40      0.40
19      0.00     13.00      0.00      0.00      0.00      0.00      4.00      0.00      3.20      0.20      2.40      0.20
20      0.00      2.40      0.00      0.00      0.00      0.00      0.00      0.00      0.00      0.80      0.00      1.80
21      0.00      0.80      0.00      0.00      0.40      0.00      0.60      0.00      0.00      5.60      0.00      2.60
22      0.00      0.00      0.00      0.00      0.00      0.00      0.00      1.40      0.00      5.60      0.00      0.20
23     16.40      0.00      0.00      0.00      0.00      0.20      0.00     15.60      0.00     27.40      0.00     14.00
24      2.60      0.00      0.00      0.00      9.60      0.00      0.40     16.40      0.00      6.60      3.00      0.00
25      8.60      0.00      0.00      0.00      0.00      0.00      0.00      0.20      0.00     14.00      0.00     25.00
26      0.00      1.80      2.40      0.00      8.60      0.00      0.00     20.80     27.00     25.20      0.00      3.60
27      0.20      0.00      0.00      0.00      4.60      0.00      0.00      0.20    112.20     50.80      0.20      6.00
28      0.00      0.20      0.00      0.00     27.20     15.00      0.00      0.60     19.80      0.00      4.80     10.60
29      4.00      0.00      0.00      0.00     11.60      3.40      0.00      0.00     10.20      0.00      0.00      6.60
30     26.80    -99.00      0.00      0.00      0.00      1.60      0.00      0.00      2.60    147.60      0.00     36.20
31     12.20    -99.00      9.00    -99.00      2.40    -99.00      0.00     17.40    -99.00    127.60    -99.00      3.40
2013
01      0.00      0.00      0.00      0.00     10.80      0.00      0.00      0.00      0.00     41.20      0.40      1.20
02      0.00      0.20      0.00      0.00      0.00      3.40      0.00      1.40      0.00     91.40      0.00      0.20
03      0.20      0.20     20.00      0.00      0.20      1.00      0.00      0.00      0.00     89.40      0.00      0.00
04      8.00      0.40     64.60      0.00     12.00      0.00      0.00      0.00      0.00     30.20      7.60      8.20
05      4.40      0.00      0.40      0.00      1.60      0.00      0.00      0.00      0.00      1.20    128.00      0.00
06     39.00      0.00      5.00      1.60      0.60      0.00      0.00      8.60      0.00      0.00      6.80      0.00
07     32.20      0.00      0.00      0.00      0.60      0.00      0.00      0.00     12.00      0.00     34.80      0.00
08     10.80      0.00      0.20      0.00      0.00      0.00      0.00      0.00      0.40      0.00      1.20      0.00
09      6.40      4.20      0.00      1.00      0.00      0.00      0.00      0.00     15.60      0.00     38.20      0.00
10      3.80      6.00      0.00     13.40      0.00      0.40      0.00      0.00    166.20      0.00     56.60      0.00
11      0.60      0.00      0.00      7.20      9.60      0.00      0.00     26.60      6.80     30.80      0.20      0.00
12      0.00      0.00      0.00      2.00      0.40      0.00      0.00      2.00      0.40      0.20      0.00      5.80
13      0.00      3.60      0.00      9.80      0.00      0.60      0.00      0.00      6.20      1.40      4.40      4.00
14      0.00      7.00      0.00      0.00      0.00      0.00      0.00      0.00     10.20    117.40     11.80      0.20
15      0.00      0.00      0.00      0.00      0.00      0.00      0.00      0.00      0.60    108.80    170.60      0.20
16      1.20      2.40      0.00      0.00      0.00      0.00      0.00      0.00      0.80      0.40     83.60      0.00
17      0.00      0.20      0.00      0.00      0.00      0.00      0.00      0.00     65.00     11.80      0.40      9.20
18      0.00      0.00      0.00      0.00      0.00      0.00      0.00      0.80    131.20      3.40      0.00      0.20
19      2.20      0.00      0.00      0.00      0.40      0.00      0.40      0.00     17.40      4.00      4.20      0.00
20      0.00     17.40      0.00      0.00      0.00      0.00      1.40      0.00      0.00      4.80      7.60      0.00
21      0.00      0.20      0.00      0.00      0.20      0.00      0.00      0.00    105.40      0.00      8.60      0.00
22      0.00      1.40      0.00      0.00      0.00      1.80      0.40      0.00      1.00      0.20      0.20      0.20
23      0.00     32.80      0.00      0.00      0.00      0.60     11.60      0.00      2.40     68.40      0.00      2.00
24      0.00     79.40      0.00      0.00      0.00      0.00      5.80      0.00      0.40      2.20      0.00      8.40
25     11.40      0.20      0.00      0.00      0.00      0.00      1.00     26.40      0.60      0.20     13.20      0.00
26      0.20      0.00      0.00      1.40     20.80      0.00      0.00     12.80     21.60      0.60      0.20      0.00
27      0.00      0.00      0.00      0.00      0.00      0.00      0.00      9.40     22.20      0.60      3.40      3.00
28     14.80      0.00      1.80      0.60      0.00      0.00      0.00      0.00     53.20      0.00     32.80      0.20
29      0.40    -99.00     20.00      0.20      0.00      0.00      0.00      0.00      0.00     16.40     27.40      1.20
30      0.20    -99.00      0.00      0.20      0.00      0.00      0.20      0.00     35.80      7.80     34.40      0.40
31      6.20    -99.00     26.80    -99.00      0.00    -99.00      2.80      0.00    -99.00      0.00    -99.00      0.00
2014
01      0.00      0.00      0.00      0.00      0.80      0.00      0.00      1.00      1.40      0.00     17.60     60.40
02      0.00      0.00      0.00      0.00      0.00      0.00      0.00      0.00      0.00      0.00      0.00     70.60
03      0.00      0.00      0.00      0.60      0.00      0.00      0.00      0.00      0.00      0.00      1.00     12.00
04      0.00      0.00      0.00     22.60      1.60      0.00      0.00      0.00      0.00      0.00      2.60     32.40
05      0.00      0.00      0.00      0.20     14.00      0.20      0.00      0.00      0.00      4.60      4.60    153.20
06      0.00      0.00      0.00      0.00      0.00     16.40      0.00      0.00      0.00      9.60      0.60     37.40
07      0.00      0.00      0.00      0.40      0.00      0.00      0.20      0.00      1.40     33.80      0.00      7.40
08      0.00      0.00      0.00      0.00      0.60      0.00      0.00      0.00      0.00      4.60      0.00     85.20
09      0.40      0.00      1.20      0.00      0.00      0.00     11.60      0.00      0.00      0.00      2.80     26.40
10      1.60     11.00      0.20      0.00      0.40      0.00      0.20      0.00      0.00      0.00      1.20      7.40
11      0.20     21.20      0.00      0.00      0.00      0.00      0.00      0.00      2.00      0.00      4.60     21.00
12      3.40      0.00      0.00      0.00      0.00      0.00      0.00      0.00      6.80    152.80     14.60     47.00
13     16.00      0.00      0.00      0.00      0.00      0.00      0.00      0.00      0.00      0.60    105.40    109.20
14     64.60      0.20      0.00      0.00      0.00      0.00      0.00    -99.00      0.00     10.80     17.00     20.40
15      0.00      0.00      0.00      0.00      0.00      0.00      0.00    -99.00      0.00     33.80     28.80      6.20
16      0.20      0.00      0.00      0.00      0.00      0.00      0.00    -99.00      0.00      7.80      0.00     14.40
17     10.00      0.00      0.00      0.00      0.00      0.00     16.00      0.00      0.00      4.60      0.00     19.00
18      6.60      0.00      0.00      0.00      0.00      0.40      4.80      0.00      0.00    114.00      0.00      4.80
19      3.80      0.00      0.00      0.00      0.00      0.00      0.40      0.00      0.00      8.20     19.60      0.60
20      1.00      0.00      0.00      0.00      0.00      0.00    -99.00      3.40      0.00      1.60     43.80      0.20
21      1.20      0.00      7.60      0.00      0.00      0.00      0.00      5.40      0.00      0.00      1.20     17.20
22      0.00      0.00     33.80      0.00      0.00      0.00      0.00      0.00      0.00    136.80      1.20     15.40
23      0.00      0.00      0.00      0.00      0.00     12.80     44.60      0.00      0.00    117.00      6.60      1.40
24      0.00      0.00      0.00      0.00      0.00      0.00      0.00      0.00     32.60     41.20      9.00      2.40
25      0.00      0.00      0.00      0.00      0.00      0.00      0.00      0.00     14.20     15.40     12.40     12.20
26      0.20      0.00      0.00      0.00      0.00      0.00      0.00      4.20      0.80     24.80      0.20      8.20
27      0.80      0.00      0.00      0.00      0.00      0.00      5.60      0.00      0.00      1.60      0.00     11.60
28      1.00      0.00      0.00      2.40      0.00      0.00     12.40     11.40      0.00     19.80      0.00     20.40
29      0.00    -99.00      0.00      2.20      0.00      1.40      9.80      0.00      0.00      0.00     11.20     25.80
30      0.20    -99.00      0.00      2.00      0.00      0.20      0.00      5.60     11.20     13.80     80.40      0.00
31      0.00    -99.00      0.00    -99.00      0.00    -99.00     33.40      6.20    -99.00     54.80    -99.00      7.60
2015
01      9.60      7.20      0.00      0.00      0.00      0.00      0.00     16.20      4.00      0.00     71.60      0.20
02      8.40      0.20      0.00      0.00      0.00      0.00      0.00      0.00      0.00      0.80      7.20      0.00
03     25.80     10.40      0.00      0.00      0.00      0.00      0.00      0.00      0.00     33.40      8.60      0.00
04      0.40      1.80      0.00      0.00      0.00      0.00      0.00      0.00      3.00     13.60     15.00      1.00
05      0.00      0.80      0.00      0.00      0.00      0.00      0.60      0.00      0.00      0.60    253.60      0.40
06      0.20      5.80      0.00      0.00      0.00      0.00     22.40      0.00      0.00      0.00     53.40     45.00
07      2.00      1.60      0.00      0.00      0.00      0.00      2.00      0.00      0.00      0.00      9.20    153.80
08     31.00     12.20      0.00      0.00      0.00      0.00      7.00      0.00      0.00      0.00      3.60     45.40
09      2.80      0.80      0.00      8.40     13.20      0.00      0.00      0.00      0.00      0.00      0.80      1.80
10      0.60      4.00      0.00      0.00      0.00      0.00      0.60      0.00      1.20      0.00     10.80      0.00
11      0.00      0.00      0.00      0.20      0.00      0.00      0.80      0.80      2.60      5.20      4.60      0.20
12      0.00      0.00      0.00     27.20      0.00      0.00      0.00      7.80     24.00     40.80      4.60      0.00
13      0.00      0.00      0.00      0.20      0.00      0.00      0.00      0.00     72.60      8.80      0.00      0.00
14      0.00      0.00      0.00      0.00      0.00      0.00      7.20      0.00    246.80     11.00      0.00      0.00
15      0.00      0.00      0.00      0.00      0.00      0.00      0.00      0.00      9.20    120.40      0.00     10.20
16      0.20      0.00      0.00      0.00      0.00      0.00      0.00      0.00     10.00      0.20      0.00      9.20
17      4.40      0.00      0.00      0.00      1.20      0.00      0.00      0.00     14.60      1.20      0.00     20.40
18      3.60      0.00      0.00      0.00      0.00      0.00      0.40      0.00      0.00      0.00      0.00     12.20
19      0.00      0.00      0.00      0.00      9.20      0.00      1.40      0.00      0.00      0.00      7.40     74.20
20      0.00      0.00      0.00      0.00      0.00      4.20      0.00      0.00      0.00      0.00      5.00     82.00
21      0.00      0.00      0.00      0.00      0.00     36.00      0.00      0.00      0.00      0.00     24.00     23.80
22      0.00      1.00      0.00      0.00      0.00      4.80      0.00      0.00      0.00      0.00      4.80      2.00
23      0.00      0.00      7.60      0.00      0.00      0.00      0.00      0.00      0.00      0.00      3.00      0.00
24      0.00      0.00      0.80      0.00      0.00      0.00      0.00     41.20      0.00      0.20     24.80      0.00
25      0.00      0.00      5.60      0.00      0.00      0.00      0.00      0.00      0.00      0.00     40.20      0.00
26      0.00      0.00      0.00      0.00      0.00      0.40      8.60      0.40      0.00      3.60      0.60      8.80
27      0.00      0.00     35.80      0.00      0.00      0.60      0.00      1.40      0.00      0.00     46.40      0.80
28      0.00      0.00      0.60      0.00      0.00      0.00      0.00      0.00      0.00      0.00     13.20     10.40
29      0.00    -99.00      0.00      0.00      0.00      0.00      0.40      0.00      0.00      0.00      5.20     11.40
30      0.00    -99.00      0.00      0.00      0.00      0.00      6.80      3.20      0.00      0.00      4.00      8.80
31      0.40    -99.00      0.00    -99.00      0.00    -99.00      0.20      0.00    -99.00     20.60    -99.00      6.00
2016
01      1.40      1.80      0.00      0.00      0.00      0.00      0.00      0.00      0.00      0.40    121.80    191.00
02     14.80      1.80      9.60      0.00      0.00      0.00      1.80      0.00      0.00      0.00      3.40    320.60
03      5.60      0.00      0.00      0.00      0.00      0.00      1.00      0.00      0.00     27.00      4.00     17.40
04      0.00     11.80      0.20      0.00      0.00      0.40     21.00      0.00      0.60      0.00      3.20     21.40
05      0.00      2.40      0.00      0.00      0.00      0.00      0.00      0.00      3.80      0.80      4.60    203.00
06      0.00      2.80      0.00      0.00      0.00      0.00      0.00      0.00      7.40     43.80      0.20     31.00
07      4.80      4.00      0.00      0.00      0.00      0.00      0.00      0.00      1.20      0.40     18.40    149.20
08      2.80      0.00      0.00      0.00      0.00      0.00      0.00      0.20      0.00     11.60     61.20      6.80
09     14.20      1.00      0.00      0.00      0.00      0.00      0.00      0.20      0.00      0.00      1.40      0.00
10      0.00      0.00      0.00      0.00      0.00      0.00     10.60      0.00      0.00     23.00      5.40      0.20
11      0.00      0.00      4.00      0.00      0.00      0.40      0.00      0.60      4.00     23.60     11.40      7.80
12      1.80      0.00      0.00      0.00      0.00      2.00      3.00      0.00    186.00     17.80     14.20     33.80
13     62.20      0.00      0.00      0.00     23.00      0.00      0.00      0.00      7.80      0.00      0.00     72.60
14      1.40      0.00      0.00      0.00      0.00      0.00      0.00      0.00      0.00     67.80      0.00     42.40
15      0.00      0.20      0.00      0.00      0.00      0.00      0.00      0.00      0.00     36.00      0.00     81.20
16      2.80      6.40      0.00      0.00      0.00      0.00      0.00      0.00      0.00     46.60      2.20    114.20
17      0.00      0.00      0.00      0.00      0.00      0.00      0.00      0.00     22.80      1.00     89.40      3.80
18      1.00      0.00      0.00      0.00      0.00      0.00      0.00      5.20      1.40      1.40      0.40     14.80
19      1.20      0.00      0.00      0.00      0.00      0.00      0.00      0.40     24.00      0.00     84.00     18.80
20      0.00      1.00      0.00      0.00      0.00      0.00      0.00      0.00     18.60      0.00     15.60     21.80
21      0.00      0.00      0.00      0.00      0.00      0.00      0.00      0.00      6.60      0.00      3.60      1.60
22      0.00      0.00      0.00      0.00      0.00      0.00      0.00      2.00     32.00      0.00      0.00      4.60
23     18.00      0.00      0.00      0.00      0.00      0.00      0.00      1.80      0.40      0.20      0.00      6.60
24    100.80     38.40      1.60      0.00      0.00      0.00      0.00     28.40      0.00      0.00      0.60     28.40
25     60.20     50.80     17.00      0.00      9.00     37.80      0.00      0.60      0.00      0.60      0.00      0.20
26      0.60      4.00      3.60      0.00      0.00     28.20      0.00      0.00     14.40      1.40     22.60      0.00
27      0.00      0.00     15.00      0.00      2.60     11.80      8.80      8.80      0.00      2.60     23.00     15.40
28      2.00      0.40      0.00      0.00      0.80      0.00      0.00      0.00      0.00      0.00     25.40     13.00
29      0.20      1.80      0.00      0.00      0.00     12.40      0.00     18.20     12.80      1.20     50.40     37.20
30      1.00    -99.00      0.00      0.00      8.20      0.00      0.00      0.20     26.00     79.20     50.20     27.40
31      0.00    -99.00      0.00    -99.00      0.00    -99.00      0.00      0.40    -99.00      7.80    -99.00     70.60
2017
01     28.80     36.60      3.40      0.00      0.00      0.00      0.00      0.00      0.00      6.20      3.00      6.80
02      8.80     41.60      1.00     11.00      0.00      0.00      0.00      0.00      0.00     30.40      0.00     24.40
03      8.00      5.60      0.00      6.60      0.00      0.00      1.00      0.00      0.00      3.40    129.20     16.80
04     13.40      0.40      0.00      0.00      0.00      0.00      0.00      0.80      0.00      0.20    301.40      6.60
05      0.00      0.00      0.00      0.00      0.00      0.00     10.40      0.00      0.00      6.00    178.60      6.80
06      2.80      0.00      0.00      0.00      0.00      0.00      3.60      0.00     38.00      7.00     78.80      1.40
07      0.00      0.00      0.00      0.00      0.00      3.20      0.00      0.00      0.00     14.40      5.40      1.40
08      0.40      0.00      0.00      0.00      0.00      0.00      0.00      0.00      0.00     17.60     40.60      3.20
09      2.00      7.00      0.00      0.00      0.80      0.00      0.00      0.00      0.00     43.00     73.00      0.00
10      9.00     92.80      0.00      0.00      0.00     30.40      0.00      0.00      0.00      0.00      2.40      0.00
11      1.60      6.20      0.00      0.00      0.20      0.00      1.60      0.00      0.00      0.00      6.00      0.40
12      0.20      4.20      0.00      0.00      0.00      0.00      1.00      0.00      0.00      4.60      2.20      0.20
13      3.20      0.00      0.00      3.20      0.00      0.00      3.80      0.00      6.40     33.60      0.00      0.00
14      3.60      8.40      0.00      0.00      0.00      0.00      2.20      0.00     50.80     15.00      0.00      0.80
15     26.60      0.00      0.00      0.00      0.00      7.80     24.60      0.00      5.40      0.00     12.20      4.00
16      2.40      0.00      5.00      0.00     12.60      0.00     12.40      0.00      0.00      0.00      0.20      1.80
17     14.80      1.60      0.00      0.00      1.00      0.00      0.00      0.40      0.00      0.00      0.20     12.20
18      1.60      0.00      0.00      0.00      6.40      0.00     31.20     22.20      0.00     34.40      0.00      5.20
19      0.00      0.00      0.00      0.20      0.60      0.00      1.20      2.00      0.00     96.20     24.80      0.00
20      0.00      0.00      0.00      0.00      8.60      0.00      0.00      0.00      0.00      9.20     66.40      0.80
21      5.80      0.00      0.00      0.00      0.20      0.00      0.00      0.00      0.00      0.00     58.60      9.40
22      2.20      0.00      0.00      0.00      0.00      0.00     23.60      0.00      0.40      0.00     80.00      0.00
23      1.40      0.00      0.00      1.60      0.00      0.00      9.20      0.00      8.20     18.40     13.80      0.80
24     69.20     26.60      0.00      1.00      0.00      0.00      8.60      0.00      9.00     14.60    109.80      1.80
25     67.60      4.20      1.00      0.00      0.60      0.00      5.00      0.00     31.20     26.60     19.60     13.00
26      0.00      8.20     14.60    -99.00      0.00      0.00      1.80     39.00      0.60      0.80     17.60     62.40
27      0.00      6.60      5.20      0.00      0.00      0.00     16.80     15.00      0.00     15.20     20.40     59.00
28      0.00      3.00      0.40    -99.00      1.80      0.00      3.20      0.20      0.60      0.00      4.80     12.20
29      0.00    -99.00      0.00    -99.00      1.20      0.00      0.00      0.00      0.00      0.20      2.40     26.40
30      0.00    -99.00      0.00    -99.00      0.00      0.00      0.00      0.00      0.20      3.60      0.00      7.20
31      0.00    -99.00      6.40    -99.00      0.00    -99.00      0.00      0.00    -99.00    142.40    -99.00      0.40
2018
01      0.40      0.00      0.00      0.00      0.00      0.00      0.00      9.60      0.00     17.20      0.00     31.40
02      4.60      1.00      0.00      0.00      0.00     14.40      0.00      2.20      2.60     61.40      0.00      2.40
03     13.20      1.20      0.00      0.00      0.00    158.60      0.00      0.60      6.80    112.40      0.00      0.00
04     14.20      0.20      0.00      0.00      1.00     16.00      0.00     11.40      0.00     19.20      4.20      0.00
05      5.00      7.80      0.00      0.00      0.00      2.00      0.20      7.60      0.00      0.00      0.40      0.00
06      0.00      0.00      0.00      0.00      6.00     28.00      5.60      0.00      0.00      0.00      3.80      1.40
07      0.00      0.00      0.00     11.40      0.00      0.40      0.00      8.60      0.00      0.00      2.60     10.40
08      0.00      0.00      0.20      0.80      0.00      0.00      0.20      3.00      0.00      0.00      6.20      1.60
09     10.40      0.00      2.20      0.00      0.00      0.00     18.00     10.40      0.00      0.00     15.20    388.40
10      0.00      0.00      1.40      0.20      0.00      0.00      7.00      8.00      2.60      3.60      2.40    470.40
11      7.40      9.60      0.80      0.00      0.00      0.00      5.00      0.00     61.40      7.40      4.80      2.20
12      8.20      8.80      0.20      0.00      0.00      0.00     48.40      0.00      0.00     15.60      0.80      0.00
13      7.60      0.00      0.00      0.00      0.00      0.00      1.40      0.00      0.80     69.80      0.00      0.00
14     15.80      0.00      0.00      0.00      0.00      0.00      0.00      0.00      4.60      0.20      0.00      0.00
15      3.00      0.20     38.40      0.00      0.00      0.00      2.00      0.00     37.20      0.00      0.00      1.20
16      0.00      0.00      0.00      0.00      0.00      0.40      0.20      0.00      0.80      0.00      0.00      0.00
17      0.00      0.00      0.00      0.00      0.00      3.00     62.80      0.00      1.80      0.00      0.00      0.00
18      0.00      0.00      0.00      1.40      0.00      0.00     63.40      1.40      0.80      0.00      1.00      0.00
19      0.80      0.00      0.20      0.00      0.00      0.00      0.20      0.00      8.00      5.80      9.00      0.00
20      1.80      0.00      0.00      0.00      0.00      0.00      0.00      0.00      0.00     19.80      0.00      0.00
21      0.00      0.00      0.00      0.00      0.00      0.00      0.60      1.60     14.00     15.80      0.00      0.00
22      0.40      0.00      2.20      0.00      0.00      5.60      3.40      0.40      1.40      3.80      4.80      0.00
23      0.00     23.00      0.00      0.00      0.00      0.00      0.60      0.00      3.00      7.00      3.00      0.00
24      1.20      0.00      0.00      0.00      0.00      4.00      0.00      0.00      0.00      0.60     21.00      0.00
25      0.00      0.00      0.00      0.00      0.00      0.00     33.00      0.00      0.00      0.00     87.40      0.00
26      1.40      1.20      0.00      0.40      0.00      0.00     10.20      0.20      0.00      0.20     45.40      0.00
27      5.20      0.00      0.00      0.00      0.00      0.00      3.60      0.00      0.00     32.40      5.00      0.00
28      0.00      0.00      0.00      0.00      0.00      0.00      0.60      0.00      0.00     15.00    110.00      0.00
29     10.00    -99.00      0.00      0.00      0.00      0.00      0.00      0.00      0.00      0.00      3.80      0.00
30      0.00    -99.00      0.00      0.00      0.00      0.00      0.00      0.00      7.60      0.00     18.20      0.00
31      0.00    -99.00      0.00    -99.00      0.00    -99.00      0.00      0.00    -99.00      0.00    -99.00      0.00
