TamKy               
   108.46200       15.567000              26
2011
01      0.00      2.40      0.00      0.00      0.00     11.00      0.00      1.20      0.00    122.20     99.20     17.00
02      0.40      0.00      0.00      0.00      0.00      2.40      1.80      0.00      0.60     20.20      1.80      4.80
03      0.00      0.00     20.00      0.00      0.00     10.40      0.00      0.00      2.40      2.20      2.20      0.20
04     11.60      0.00      9.20      0.00      0.00     38.60      0.00      0.00     14.80      8.20    152.00      3.60
05      0.20      0.00      0.00      0.00      0.00      8.80      0.00      0.00     42.60      7.80     28.40      2.20
06     11.20      0.00      0.00      0.00      3.20      0.00      0.00      0.00     43.20      0.60     49.80      0.60
07     31.00      0.20      0.80      0.00      2.60      0.00      0.00      0.00     34.40      0.80    367.00      4.60
08      2.20      0.00      0.40      0.40      0.60      0.00      0.00      0.00     17.40      5.20     16.60     28.00
09      2.60      0.20      0.00      0.40      0.00      0.00     15.00      1.60     51.20     51.20      0.20     12.20
10      5.40      0.00      0.20      0.00      0.00      0.00      0.00      0.20     15.60      3.00      0.00     14.40
11      0.00      0.00      0.00      0.00      0.00     45.60     18.80      9.80      1.40      3.40      0.00      8.20
12      0.00      1.00      0.00      0.00      0.60      0.00      5.00      0.00      8.80     35.40      0.00      0.20
13      0.00      0.00      0.00      0.00      1.00     25.00      0.00      0.00      6.20     87.00      2.40      0.00
14      0.00      1.40      0.00      0.00      0.80     54.00      0.20      0.00      0.60     31.20      2.20      0.60
15      0.80      0.00      0.00      0.00      6.60      0.20      0.20      0.00      0.20     76.80     14.20     34.20
16      0.00      0.00      1.20      0.00      3.20      0.00      0.00     24.20      0.00     55.80     67.20     43.60
17      0.00      0.00      0.00      0.00      0.00      4.00      0.00      1.40      0.00    290.20      0.00     45.40
18      0.40      0.00      0.00     47.40     15.80     20.20      0.40      2.20      7.60     13.20      0.20     16.80
19      2.00      0.00      0.00      1.60      0.80     23.20      0.00     27.40      0.20     15.80      0.20      7.80
20      0.60      0.80      0.00     20.00      0.00      0.00      0.00     19.80      0.00      8.20      6.00     15.80
21      0.00      0.40      0.00      3.00      0.00      0.00      0.00      0.20     15.00      5.40     21.40      8.80
22      0.00      0.00      1.00      0.00      0.00      0.00      0.80      0.00      5.00      0.00      9.00     31.20
23      2.20      0.00     10.80     11.00     20.20      0.00      8.00      0.00    116.60      0.00     31.60     21.80
24      0.80      0.00      6.40      0.00     20.20      0.60      0.00      0.00    113.80     17.80     21.80      3.80
25      0.80      0.00     16.80      1.00      0.80      0.40      1.60      0.00     10.20     28.80    198.80      3.00
26      1.40      0.00      5.80      0.00      0.00      0.00      0.00      0.00     28.60      9.60      6.80      0.00
27      2.80      0.00      0.00      2.40      0.00      0.00      0.00      0.00      0.40     57.40      0.00      4.80
28      4.00      0.00      2.40      0.00      0.00      0.00      0.00      0.00      0.00     18.00      2.00      2.60
29      4.60    -99.00      6.00      0.00      0.00      0.00      0.00     13.20      0.00      2.40     13.40      0.00
30      4.20    -99.00      0.00      0.00      0.00      0.00      2.00      0.20      0.00     16.80     33.00     23.00
31     10.40    -99.00      0.20    -99.00      0.00    -99.00      6.20      0.00    -99.00     36.80    -99.00      8.80
2012
01      5.20      0.60      0.00      4.00      0.00      3.80      0.40      0.00      0.20      2.20      3.60      0.00
02      1.40      1.00      0.00      5.20      0.00      3.20     22.60      0.00     43.60      0.00      4.40      0.00
03      0.20      4.20      0.00      1.80      0.40      1.20      0.80      0.00      1.20      0.00      0.20      0.00
04     10.20      0.00      0.00      0.00     11.60      1.80      0.00      0.00     22.40      0.00      6.80      0.00
05      3.00      0.00      0.00     55.20      0.00     46.00      5.40      0.00     29.40      0.20      0.40      0.00
06      0.00      0.00      0.00      2.00     21.80      2.20      9.40      0.00     30.60    155.60     10.20      1.40
07      1.80      0.00      0.00      8.80      0.00     35.80      0.00      0.20      6.00     23.80     44.60      0.00
08     13.80      0.00      0.00      0.00      0.00      5.80     45.00      0.00      0.00     21.00      1.20      0.00
09      2.00      0.00      0.00      0.00      0.00      0.20     10.00      0.00      0.00     15.40      0.00      0.40
10      0.40      0.00      4.60      0.00      0.00      0.00      0.20      0.00      0.00      3.20      0.00      0.00
11      6.80      0.00      0.00      0.00      9.00      0.00      0.00      0.00      1.60      1.60     60.20      0.00
12     21.20      0.20      0.00      0.00     40.20      0.00     14.60      0.00     24.20      0.20     53.80      0.80
13      3.20      0.00      0.00      0.00      5.80      0.00      0.00      0.00      7.80      0.00      7.00      3.20
14      0.20      0.00      0.00      0.00      0.00      0.00      0.00      0.00      0.80      0.00      0.00     11.00
15      5.00      0.00      0.00      0.00      1.60      0.00      0.00      0.20     38.00      0.00      9.20      3.80
16      1.20      5.00      0.00      0.00      3.00      2.60     42.20      0.00      0.00      0.00      5.00      0.00
17      2.00     19.80      0.00     14.60     69.20      8.00      4.40      0.00      0.20      0.00      5.60      0.00
18      0.00     11.60      0.00     17.80      0.00      0.00     16.60      0.00      0.00      0.00      1.80      1.40
19      0.00      1.80     70.40      0.20      0.00      0.00     75.40      1.80      0.00     19.20      2.20     32.40
20      0.00      0.40      1.80      0.00      0.00      0.00      5.20      0.00      0.00      0.00      0.00      0.00
21      0.00      0.00      0.00      0.20      1.40      0.00      0.00      1.20      0.00      1.60      0.00      0.00
22      0.00      0.00      0.00      0.00      2.20      0.40      0.00     32.40      0.00      2.80      0.00      3.80
23     11.80      0.00      0.00      0.00      0.00      0.00      3.20     70.60      0.00     10.60      0.00     62.40
24      0.40      0.00      0.00      0.00      0.00      0.00      0.00     36.40      0.00      2.20      3.00      3.80
25      0.00      0.00      0.00      0.00      0.80      0.00      0.00      6.80      0.60      0.00      0.20      7.40
26      0.60      0.00      0.00      0.00      7.80      0.00      0.00      4.00     40.60      5.40      0.00     61.20
27      0.00      0.80      0.00      1.40     21.60      0.00      0.00     69.40    136.20     15.60      0.00     14.60
28      0.00      0.00      0.00      0.00      0.00      1.80      0.00      5.60     34.80      0.20      0.00     16.40
29      2.80      0.00      0.00      0.00     10.00      0.00      0.00      0.20     10.20      0.20      0.00     22.40
30      5.00    -99.00      0.00      0.00      6.20    -99.00      0.00      0.00      2.80      1.20      0.00     12.40
31     12.40    -99.00      8.20    -99.00     45.40    -99.00      0.00      8.20    -99.00      3.80    -99.00      0.00
2013
01      0.00      0.00      0.00      0.00     24.20      0.00      7.40      0.00     37.20     19.00      0.00      5.60
02      0.00      0.00      0.00      0.00     32.80      0.00      1.80      3.20      0.00     88.60      0.20      0.00
03      2.80      0.00     15.20      0.00      3.80     33.60      3.00      0.00      0.00     38.40      0.00      0.00
04      0.20      0.00     13.40      0.00      0.20     32.40      0.00      0.20     51.00     50.20      0.00      8.80
05      1.60      0.00      2.20      0.00     28.00     27.20      0.00      0.00      0.00      0.00     42.20      0.00
06      7.00      0.00      0.40      0.00      1.20     27.40      1.00     24.40     16.00      0.00     36.00      0.00
07      5.80      0.00      0.40      0.00     13.40      7.20      6.60      0.00     10.20      0.00     46.40      0.20
08      2.40      0.00      0.00      5.20     27.40      0.00      0.00      0.00      0.00      0.00      6.20      0.00
09      1.60      0.00      0.00      0.00      0.20      0.00     12.20     13.60      4.00      0.00     22.00      0.00
10      0.20     15.00      0.00      7.80      0.60     23.40     27.40      0.00     14.60      0.00     31.80      0.00
11      4.00      0.00      0.00     12.20      3.20      1.00      7.40      0.00     34.20      1.60      0.20      0.00
12      0.00      0.20      0.00      6.20      2.20      0.00      0.40      8.40     16.60      7.60      0.00      1.80
13      0.00      0.20      0.00      1.00     11.00      0.00      0.80      0.00     24.40      0.40      0.00      0.20
14      0.00      1.00      0.00      0.00      0.20      0.00      4.20      0.00     42.80    168.80     25.20      0.00
15      0.00      0.00      3.60      0.00      0.00      0.00      0.20      0.00      5.40    106.80    241.80      8.00
16      0.40      6.60      0.00      7.00      0.00      0.00      0.00      0.00      1.40     14.60    116.60      0.00
17      0.20      0.00      0.00      8.00      0.00      0.00      5.80      0.00     34.20     11.80     27.00     10.60
18      0.40      0.00      0.00      0.40      0.00      0.00      0.00      0.00    158.20     43.20      3.60      0.20
19      2.00      0.00      0.00      0.00      0.00      0.00      5.40      0.00     14.20      9.20      9.00      0.60
20      0.20      0.00      2.40      0.00      0.00      6.80      3.40      0.20      5.40     13.80     17.00      0.00
21      0.00      6.80      0.00      1.00      0.00      0.00      0.00      0.00     35.40      1.80     20.80      0.00
22      0.00      5.00      1.20      0.00      0.00     12.80      0.00      0.00      2.40      9.20     49.60      0.00
23      0.00      7.60      0.00      0.20     57.40      0.20     49.80      0.00      0.20      0.00     49.40      0.00
24      0.00     16.20      0.20      0.00      0.20      0.00      0.80      0.00     31.60      0.00      0.40      0.00
25      2.20      0.00      0.00      0.20      0.00      0.00      1.20      0.00      5.80      1.40      9.60      0.00
26      0.00      0.00      0.00     10.40      0.00      0.00      0.00     39.60     23.40      0.40      0.20      0.00
27      0.80      0.00      0.00      0.60      0.00      0.00      0.40      0.20     11.40      4.60      2.40      0.00
28      2.40      0.00      0.00      0.00      0.00      0.00      8.40     19.80      7.20      0.00     30.80      0.40
29      0.80    -99.00      0.00     96.80      0.00      0.00      7.40      0.20      1.20      2.20     18.80      0.00
30      0.00    -99.00      0.00      5.40      0.00      0.00     45.00      0.00     13.60      7.40      0.20      0.00
31      4.40    -99.00     11.20    -99.00      0.00    -99.00     17.80      0.00    -99.00      0.00    -99.00      0.00
2014
01      0.00      0.20      0.00      1.00      2.00      0.00      0.00    118.40     26.20      0.00      2.80    146.60
02      0.00      0.00      0.20      0.00      3.40      0.00      1.80      0.20     14.40      0.00      0.00     53.60
03      0.20      0.20      0.00      1.40     12.00      0.20      2.00      0.00      0.20      0.00      2.40      5.00
04      0.00      0.00      0.00      8.00     21.40     13.40      0.00      0.60     19.20      0.00     17.00      3.60
05      0.00      0.00      0.20      0.00     16.80      0.00      0.60      0.00      0.00     55.40      3.00     13.60
06      0.00      0.00      0.00      0.00      4.20      0.00     29.00      0.00      0.00     26.80      2.00      3.80
07      0.00      0.00      0.00     13.80      0.00      0.00     27.80      0.40      0.20     34.60      0.00      3.00
08      0.00      0.00      0.00     29.00      8.20      0.00     13.20      0.00      0.00      1.40      0.00     21.40
09      0.40      0.20      0.00      0.00      0.00      0.00      5.00      0.00      0.00      0.00      2.40     28.20
10      0.80      0.00      0.80      0.00      0.00      0.00      0.00      0.00      0.00      0.20      0.00      4.00
11      2.40      0.00      0.00      0.00      0.00      0.00      0.00      0.00      1.80      0.00      0.00      5.20
12     21.20      0.00      0.00      0.00      0.40      0.00     70.20      0.00      1.00     13.60      3.80     26.40
13     10.20      0.00      0.00      0.00     12.00      0.20      5.20     70.00     12.60      9.00     62.60     11.20
14      0.40      0.00      0.00      0.00      2.20      0.00      0.80    -99.00     10.20      4.80     12.20      1.80
15      0.00      0.00      0.00      0.00      0.00      0.00     21.20    -99.00      0.00     15.20    181.20      0.20
16      0.00      0.00      0.00      0.00      0.00      0.00      0.00    -99.00      0.00      8.40     14.00     25.60
17      1.20      0.00      0.00      0.00      0.00      0.00      0.20      0.00      0.60      5.40      0.40      9.20
18      2.60      0.00      0.00      0.00      0.00      0.00      0.00     19.20      0.20    131.00      7.20      1.20
19      8.40      0.20      0.00      0.00      0.00      0.00      1.80      0.00      0.00      8.20      4.20      0.20
20      5.20      0.00      0.00      0.00      0.40      0.00    -99.00     48.60      0.80     30.60     24.40      0.00
21      0.20      0.00      6.20      0.00      0.00      0.00      3.80     45.40      4.00      0.00      3.20      7.40
22      0.20      0.00     19.60      0.00      0.00      0.00     11.20      5.20      0.20     65.60      1.00      6.80
23      0.20      0.00      1.20      0.00      9.80      0.00     31.00      0.00      3.40     20.40      1.40      0.80
24      0.20      0.00      0.00      0.00      0.00      1.40      0.00      0.00     41.00      7.80      5.20      1.60
25      0.00      0.00      2.20      0.00      0.00      0.00      0.20      0.00      0.00     43.80      1.40     11.80
26      0.00      0.00      0.00      0.00      0.00      0.00      6.60      7.80      0.00      7.60      0.00     12.00
27      1.40      0.00      0.00      0.00      0.00      0.00      5.40      0.20      0.00      0.20      0.00     12.80
28      0.20      0.00      0.00     24.60      0.00     26.20     10.60      1.20      0.00     32.40      0.00      8.20
29      0.80    -99.00      0.00     23.00      0.20     28.40     83.60      0.60      0.60      0.00      0.00      0.20
30      0.00    -99.00      0.00     35.40      4.60      0.60      3.20      0.00      1.20      2.40     58.60      0.00
31      0.00    -99.00      0.00    -99.00      0.00    -99.00      0.00      1.60    -99.00      6.00    -99.00      0.00
2015
01      1.60      8.60      0.00      0.00     71.40      3.60      0.00      8.20      0.00      5.60     73.00      8.20
02      8.60     12.60      0.00      0.00      0.80      0.00      0.00     56.60      1.60      5.40     14.60      0.00
03      3.80     20.60      0.00      0.40      0.00      2.40      0.00    -99.00    -99.00      4.00      4.20      0.00
04      0.20      4.00      0.00      0.00      1.00      0.00     17.20     50.40     10.80      0.60    236.80      0.20
05      0.00      0.80      0.00      0.00      9.20      0.00      0.20      0.00      2.20     48.60     89.60      0.20
06      0.40     24.20      0.00      0.00      0.00      0.00      0.00    -99.00    -99.00     22.40     19.80      4.80
07     36.40      0.00      0.00      0.00      1.60     35.60     10.00      0.00     14.80      3.00      7.80      0.60
08     33.00      2.80      0.00      0.00      0.00      6.80      3.80    -99.00      1.60     11.40     10.00      5.20
09     11.00      0.20      0.00      0.00     18.60      0.20      1.20     21.60      5.40      0.40      1.00      0.20
10      9.00      0.20      0.00      0.00      3.80      0.00      0.00    -99.00      5.80     47.40      3.20      0.00
11      1.00      0.20      0.00      0.00     14.20      0.80      0.00      5.40      1.00      2.60      1.40      0.00
12      0.00      0.00      0.00     18.60      0.00      0.00      0.00      3.20      4.00     41.60      1.80      0.00
13      0.00      0.00      0.00      0.00      4.00      0.00      6.20    -99.00     36.60      5.80      0.00      0.00
14      0.00      0.00      0.00      0.00      0.00      2.80      3.40     13.40    148.60     49.40      0.00      0.00
15      0.00      0.00      0.00      0.00     16.80      0.00      0.00    -99.00      0.60    105.40      0.00      8.40
16      0.00      0.00      0.00      0.00     10.40      0.00      0.00     22.20      1.80      0.00      0.00     42.20
17     17.60      0.00      0.00      0.00     17.00      0.00      0.40    -99.00      0.00      0.00      0.00      8.60
18      6.80      0.00      0.00      0.00      1.80      0.00      3.20     10.80      0.00      0.00      0.00      0.20
19      1.00      0.20      0.00      0.00      0.20      0.00      3.40      0.00      0.00      0.00      4.60      4.00
20      0.00      0.00      0.00      0.00      0.00      0.00      0.00    -99.00      0.00      0.00     14.00      5.80
21      0.00      0.00      0.00      6.80      0.00     11.20      0.40      0.20      6.60      0.00     32.20      5.40
22      0.00      0.20      0.00     70.60      0.00      1.20    -99.00      0.00      0.80      0.00      1.20      3.60
23      0.00      0.20      0.20      1.20      0.00      1.80      0.00    -99.00     51.80      0.00     48.20      0.00
24      0.00      0.00     14.40      0.80      0.00      0.00      0.00     61.80      0.00      1.00     22.00      0.00
25      0.20      0.00    130.00     54.00      0.20      0.00    -99.00    -99.00      0.00      0.00     30.60      0.00
26      0.00      0.00     46.20      5.80      0.00      0.00      0.00     87.00      0.00      0.00      9.20     11.80
27      0.20      0.00    279.40      0.00      0.00      0.00      2.00      0.00      0.00      0.00     16.20      0.00
28      0.20      0.00      3.20      2.60      0.00      0.00    -99.00    -99.00      0.00      0.00     45.80      0.00
29      0.00    -99.00      0.20      0.00      0.00      0.00     11.40      0.00      0.00      0.00      8.00      8.20
30      0.00    -99.00      0.00      3.00      0.00      0.00    -99.00      2.60      0.00      0.00      4.80      6.40
31      1.20    -99.00      0.00    -99.00      0.00    -99.00      1.40    -99.00    -99.00     14.80    -99.00      9.80
2016
01     30.40      6.60      0.00      0.00      0.40      5.20      0.00      0.00      0.00      8.40    136.40     25.40
02      2.20      0.00      6.00      0.00      0.00     50.60      0.00      0.00      0.00      0.00     59.40     82.20
03      0.40      0.00      0.00      3.00     47.00      0.00      0.00      0.60      0.00     17.00     15.40    208.60
04      0.00      7.00      0.00      0.00      0.20     10.40      0.00      9.60      0.00      0.40      7.60     14.00
05      0.00      0.80      0.00      0.00      0.00      7.00      1.20     19.40      5.00      0.60      0.40      5.20
06      0.00      0.00      0.00      0.00     39.00     11.00     53.20     22.00      0.20     34.80      2.00      8.00
07      0.20      1.20      0.00      0.00      0.00      1.20      0.40      0.40      5.20      3.00     18.20     17.20
08      0.00      0.00      0.00      0.00      0.00      0.40     17.60      0.00     10.20      0.00      3.20      2.60
09      0.60      0.20      0.00      0.00      0.00      0.00      0.00      0.00      0.00      0.00     26.00      0.00
10      0.00      0.00      0.00      0.00      0.20      0.00      0.00      1.20      0.00      0.00      0.20      0.00
11      0.40      0.00      0.40      0.00      0.00      5.00      0.00      0.00      5.40     30.60      7.60     15.40
12      0.00      0.00      0.00      0.00      0.00      0.00      0.00      0.00    197.00      0.40      0.40     18.20
13      1.20      0.20      0.00      0.00      8.20      0.00      0.00      0.00    121.20      0.80      2.40    302.80
14      0.00      0.20      0.00      0.00      0.00      0.00      0.00      0.00      0.40      3.00      0.00    149.60
15      1.60      0.00      0.00      0.00      0.00     18.40      0.00      0.00      0.40     64.40      0.20    192.20
16     15.00      0.00      0.00      0.00      0.00      6.60      2.40      0.00      0.00     63.20      0.40     51.00
17      1.80      0.00      0.00      0.40      0.00     35.40     25.20      0.00      0.40      0.00     75.00     11.20
18      1.20      0.00      0.00      0.00      0.00      0.00      0.20     20.00      0.00      0.20      9.00     14.40
19      0.00      0.00      0.00      0.00     21.40      0.00      0.00      0.20      0.00      0.00     50.20     17.20
20      0.00      0.60      0.00      0.00      0.00      0.00      0.00      0.60     55.00      0.00     41.80     22.00
21      0.00      0.00      0.00      0.00      0.00      0.00      0.00     50.40     17.20     36.00      2.00      0.40
22      0.40      0.00      0.00      0.00      0.00      0.00      0.00     11.00     62.60      0.00      1.00     25.00
23      0.60      0.40      0.00      9.60      9.60     31.00     16.20    101.80     13.80      0.80      0.00      5.40
24      0.00      0.20      7.80      0.20      5.40      3.00      0.00     42.40      0.20      0.00      0.00     33.40
25      0.00      0.00      0.00      0.00     52.60     87.60      0.00     99.40      0.00      0.00      1.80      0.40
26      0.00      0.00      0.20      0.00      0.00     12.60      2.40      2.20      3.20      3.40      1.00      0.00
27      0.00      0.00      2.40      0.00      0.00      9.60      6.40     71.00      0.00      3.40      0.00     24.00
28      0.60      0.00      2.40      0.00     38.40      4.80     18.80      4.60      0.00      0.20      0.60      2.80
29      0.00      0.00      0.20      0.00      0.00      0.20      0.00     40.20      5.00      2.20     17.00      2.00
30      0.40    -99.00      0.00      0.00      1.60      0.00      0.00     14.40      3.20     94.40     43.20      2.20
31      0.00    -99.00      0.00    -99.00     37.40    -99.00      0.00      0.00    -99.00     41.20    -99.00     61.80
2017
01      8.00     29.20      0.60      0.00      0.00      0.00      6.20      0.00      3.80      2.20     87.60      3.20
02     49.00     15.00      0.00      5.20      0.00      0.00      0.00      0.00      0.00     22.00      0.60     34.80
03     10.00     43.80      0.20      2.60      0.00      0.00      0.00      0.00      0.00      7.40     14.60     23.40
04     13.00      6.20      0.00      0.00      9.60      0.00      5.00      0.00      0.00      2.20    209.60     21.60
05      2.60      0.00      0.00      0.20     35.40      0.00     46.00      1.00      5.60      0.00    229.40     15.00
06      2.60      0.00      0.20      0.00      4.00      0.20     19.60     79.40      4.60      0.00     43.80      3.00
07      0.00      0.00      0.00      0.60      6.20      9.20      0.00      0.00     23.20      0.60      9.40      1.80
08      1.40      0.00      0.00      0.00      6.20      6.80      0.20      0.00      0.20     13.80    103.20      3.40
09      1.80      6.20      1.60      0.00     10.40      0.40     46.80      2.80      7.80     21.80     38.60      0.80
10      8.20      0.00      0.00      0.00      0.00     13.60      0.40      0.00      0.00      0.20      4.00      0.40
11      3.00     13.00      0.00      0.00      0.00      0.00     29.00      0.20      0.00     36.60      3.60      0.00
12      0.80      4.80      0.00     33.80      4.00      0.00      3.60      0.00      0.00      0.00      0.00      0.20
13      0.00      6.20      0.00     39.80      3.20     12.00      1.60      0.00      2.20      1.40      0.00      0.00
14      0.40     16.20      0.00      0.00      4.60      3.40      3.40     10.20     46.80      0.00      0.00      0.00
15      1.60     10.40      0.00      0.00     58.40      0.00     17.20      0.00     10.80      0.00    148.60      3.20
16      7.00      0.00      0.00      0.00     34.60      0.00     17.20      0.00     29.60      0.00      5.40     16.20
17     10.00      0.20      0.00      0.00     17.20      0.00      5.20      0.00     68.60      0.00      0.00      7.80
18      0.20      1.00      0.00      0.00      0.20      0.00     17.00     50.60      0.00      2.40      0.00      1.40
19      0.00      0.00      0.00      0.00     10.60      0.00     31.80      0.40      0.00     90.20    105.40      3.80
20     18.20      0.00      0.00      0.00     26.20      0.00      0.00      0.00      0.00      0.00    112.80      0.00
21     15.00      0.00      0.00      0.00      0.00      0.20      8.40      0.00      1.40      0.00     94.80      0.60
22     47.80      0.00      0.00      0.80      6.40      0.00     11.80      0.00      0.40      0.00     24.00      0.00
23     25.40      0.00      0.00      0.00      1.80      0.00      1.20      0.00      2.80      0.00      9.60      2.80
24     17.20      9.00      0.00      5.20     16.40      5.00      0.60      0.00      0.00     12.40      7.20      4.20
25     44.20      3.20      1.60      5.00      3.00      0.20     20.60     34.00      0.00     26.00      3.20      1.20
26     15.20      0.00      0.00      3.20      2.20      7.40      2.40     50.60      0.00      3.00     11.20     30.60
27      0.60      0.00      4.00      0.00      2.60      0.20     19.20     31.20      0.00      1.80      2.80     40.40
28      1.40      0.40      0.00      2.60     30.80     16.60      0.20      5.60      4.80      0.00     16.40     10.60
29      0.00    -99.00     10.40      0.00      6.00      6.80      0.00      1.20      1.40      0.00     14.60      7.40
30      0.20    -99.00      1.20      0.00     11.00     38.60      0.00      0.20     11.80     39.40      7.00      4.00
31      0.00    -99.00      4.60    -99.00      0.20    -99.00      0.00      9.00    -99.00     96.80    -99.00      9.00
2018
01      6.00      0.00      0.00      0.00      0.20      1.40      0.00      0.00      3.80      2.80      0.00      5.20
02      5.00      0.00      0.00      0.00      0.00      0.20      0.00      2.20      0.00      9.00      0.00      0.00
03      9.80      0.00      7.60      0.00      0.00     36.20      0.00      0.00      0.00     44.80      0.00      0.00
04     19.20      0.00      0.20      0.00      0.00      3.00      0.00     16.20      0.00     37.80      0.00      0.00
05      2.00      0.00      0.00      0.00      1.00      9.00      0.00      8.20      0.00      0.00      0.00      0.00
06      0.00      0.00      0.00      0.00     44.40      0.60      0.00      0.00      0.00      0.00     11.40      0.20
07      0.00      0.00      0.00     36.40     26.40      0.60     16.00      0.00      0.00      0.00     15.00      4.40
08      0.00      0.00     16.20     12.20      1.20      0.00      4.60      0.00      0.00      0.00      3.20    110.60
09      3.60      0.00      0.00      0.20     30.60      0.00      6.80      4.20      6.40      0.00    154.00     60.20
10      0.00      0.00      0.40      0.00     28.00      0.00     10.60      0.00     68.40      0.40      2.80     79.40
11      0.00      2.20      1.40      0.00      0.00      0.60      1.20      0.00     42.40     24.60      1.40     40.40
12      4.20      7.40      0.40      0.20      0.00      1.00     11.80      0.40      0.00     57.40      0.00     47.40
13     13.40      1.00      0.00      0.00      0.00      0.00      0.40      0.00     11.20     46.40      0.00      8.20
14      4.40      0.00     12.40      0.00      0.00      0.00      0.40      1.80      0.40      0.40      0.00     19.20
15      0.20      0.00     25.60      0.00      0.00      0.00      5.20      0.00     40.80      0.00      0.00     66.20
16      1.20      0.20      0.00      0.00      0.00      0.00      1.00      0.00     13.40      0.00      0.00     11.60
17      0.00      0.00      0.00      0.00      0.00      0.00      2.60      0.00      9.20      0.00      0.00      7.60
18      0.20      0.00      0.00      0.60      0.00      0.00     11.00      0.00      0.00      0.40      0.20      1.00
19      0.20      0.00     36.80      0.00      0.00      0.00      1.20      0.00     17.00      1.80      2.40      0.00
20      3.60      0.00      2.20      0.00      0.00      0.00      0.20      0.00      8.40      9.00      0.20      0.00
21      0.00      0.00      0.00      0.00      0.00      0.00      2.60      0.00      0.20      0.00      0.00      0.00
22      6.20      0.00      0.00     11.80      0.00     20.80      0.00      0.00      6.60      0.80     15.40      0.80
23      1.20     32.60      0.00      0.00      0.00      0.00      1.80      0.20      0.00     15.60     15.60      1.80
24     21.00      0.00      0.00      0.00      0.00     13.40      0.00      0.00      0.00      0.40     26.40     14.20
25      2.00      0.00      0.00      8.20      7.60     11.60      0.00      0.00      0.00      0.00     17.40      1.00
26      0.60      0.40      0.00     34.40      0.00     18.20      0.00      1.00      0.00      0.00      7.00      1.60
27     14.80      1.40      0.00      1.20      0.00     14.20      1.40      0.00      0.00      2.20      0.20      7.20
28      0.20      0.00      0.00      3.20     11.80      0.00      2.00      0.00      1.00     57.80     10.20      4.80
29      7.80    -99.00      0.00     18.40      0.00     17.20      0.00      0.00      0.60      0.00     88.20     63.20
30      0.00    -99.00      0.00      7.20      0.00      0.20      0.00      0.00      2.40      0.00      5.40     36.20
31      1.00    -99.00      0.00    -99.00      2.20    -99.00      0.00      0.00    -99.00      0.00    -99.00      6.80
