TaLuong             
   107.33700       16.301001              76
2011
01      0.00      9.40      0.00      0.00      0.20      0.20      0.00      5.00      0.00     14.80    110.40      3.80
02      0.00      7.80      1.00      0.00      0.00      7.20     21.00      0.00      0.00     14.20      0.20     31.80
03      0.00      0.00      1.60      0.00      0.00      3.60      0.00      0.60     20.20     58.20      0.80      1.80
04     11.80      0.00      4.80      0.00      0.00      3.20      0.00      0.00      1.20     46.80    279.20      0.60
05      1.40      0.00      1.00      0.00      0.00     13.20      0.00      0.00      1.00      4.80    467.40     18.00
06     10.20      0.20      0.00      0.00      0.00      7.00      0.00      0.00     21.00      4.00    100.00     27.20
07     26.60      0.00      2.40      0.00      0.00      0.00      0.00      0.00      6.00      9.80    321.60     13.20
08      2.00      0.00      0.00      0.00      2.40      0.00      0.00      0.00      7.60      0.00    110.80     19.00
09      6.80      0.00      0.40      0.00      0.00      0.00     30.00      0.00     53.80     64.40     24.00     67.80
10      7.80      0.00      1.40      0.00      0.00     23.80      2.40     10.20      8.00      7.40      3.00     52.40
11     10.60      0.60      0.00      0.00      0.00      0.40      1.80     23.60     19.40     51.80      0.00     17.60
12      8.80      0.00      0.00      0.00     22.00      0.00      0.60      3.40     75.20     82.20      0.00     10.60
13      0.20      2.00      0.00      0.00      2.00      0.20      0.00      0.00      0.80     41.00      0.00      3.80
14      0.00      2.80      0.00      0.00     39.80     54.00      0.60      0.00      4.40     37.00      2.00     10.00
15     12.80      0.20      7.60      0.00     66.20      0.00      0.60      0.60      8.00     63.00     17.80     24.80
16     11.80      0.00     31.00      0.00      0.00      0.00      0.00     20.20     14.20    135.20     38.00     56.60
17      1.20      0.00     23.40      0.00     71.40      1.40      0.20     17.80      0.80     78.20      3.60     40.00
18      1.40      0.00      3.40     30.60      1.40     17.60      0.00      0.00      0.00     44.80      0.00     35.60
19      2.20      0.00      0.00      4.60      2.00     37.60      0.00     18.40      9.80     13.80      0.00      2.20
20      8.00      0.60      0.00      0.80      3.60     11.00      0.60      3.00      0.00      0.20     13.60      4.60
21     10.20      0.00      0.00      0.20      0.20      0.00      2.40      0.00     22.00      0.00     83.20      5.40
22      1.40      0.00      0.40      0.00      0.00      0.00     12.20      0.00     70.60      0.00     27.60      4.20
23      3.80      0.00     10.60      4.60     20.20      0.20     13.80      4.60    287.40      0.00     31.20      5.20
24      8.40      0.00      7.40      0.00      1.60      2.80      0.20      0.00    125.60      0.80      7.80      2.60
25      4.80      0.00     15.00      0.00      3.80      0.60      0.00      0.00     56.20     44.60    376.20      3.20
26      6.20      0.00     10.40      0.00      1.00      0.00      0.00      0.20    319.00     21.00      3.40      0.60
27      4.40      0.00     17.60      2.40      0.00      0.00      0.00      0.80      3.00     44.00      2.40      6.20
28     10.60      0.00     24.00      1.00      0.00      0.20      0.00      0.20      0.00     30.20      0.40      1.60
29     26.80    -99.00     11.40      0.00      0.00      0.60      0.20      1.20      0.00      2.80      0.00      0.00
30      3.80    -99.00      4.80      0.00      0.00      0.00      1.80      0.00      0.00     25.20      1.60      5.40
31      5.80    -99.00      1.00    -99.00      0.00    -99.00     31.00     11.40    -99.00     89.60    -99.00     14.20
2012
01      9.20      0.80      0.00      9.40     21.20     26.20      6.40      0.00      0.00     10.20     36.00      0.00
02      3.00      0.00      0.00      5.60      0.80      2.00      4.60      0.00      0.40      2.60      1.20      0.00
03      0.00      2.60      0.00      0.00      0.40     23.40     11.80      0.00     59.20      0.00      0.00      0.00
04     10.60      0.20      0.00      0.60      0.00      0.40      1.40      0.00    150.40      0.00      3.80      0.00
05      5.40      0.00      0.00      4.40      0.00      6.60      6.20      0.00      8.00      0.00      1.00      6.20
06      0.00      0.00      0.00      0.00      0.00     13.20      0.40      0.00      5.60    164.20      2.40     14.80
07      2.80      0.00      0.20     53.20      0.00     36.80      0.40      0.00      6.40     62.20      0.60      0.20
08      7.80      0.00      0.00      0.20      0.00      1.20      2.80      0.00      0.00      7.20      0.00      0.00
09      3.60      0.00      0.00      0.00      4.40      0.00      6.20      0.00      0.00      0.20      0.00      0.00
10      3.40      0.00      2.20      0.00      0.00      0.00      0.00      0.00      3.60      0.20      0.00      0.20
11      8.40      0.00      1.20      0.00      0.40      0.00      0.00      0.00      0.00      0.80      2.40      0.00
12     13.20      0.00      2.00      0.00     13.40      0.00      0.00      0.00      2.40      0.00     28.80      2.00
13      1.80      0.00      0.20      3.20      0.00      0.00      2.40      0.00      4.40      0.00      6.60      1.00
14      0.00      0.00      0.00      0.00      0.00      0.00      0.00      0.00     31.80      0.00      0.00      0.20
15      4.20      0.00      0.00      0.00      0.00      0.00      0.00      4.40     45.00      0.00      3.40      0.00
16      0.80      1.20      0.00      0.00      3.00      8.20      0.00      0.00      0.20      0.00     46.20      0.00
17      0.00     11.80      0.40      0.60      1.80      8.80      9.80      0.20      0.60      0.20     67.00      0.00
18      0.00      9.60      0.20      3.00     11.20      1.00      1.00      0.60      0.60      0.00      8.40      0.00
19      0.00     18.80      0.00      0.00      0.00      0.20     39.40      0.00      0.00      0.60      2.60     16.60
20      0.00      0.60      0.20      0.00      0.00      0.00      0.00      0.20      0.00      0.00      0.20      0.00
21      3.80      0.00      0.00     16.00     28.40      0.00      0.00      0.00      0.00      0.20      0.00      0.00
22      5.00      0.00      0.00      0.00      2.40      0.00      0.00      8.00      0.00      0.00      0.00      2.60
23      6.20      0.40      1.60      0.40      0.00      0.00      0.20     28.20      0.00      0.20      0.00     46.60
24      0.00      0.00      7.60      0.00      0.00      0.00      0.00      6.80      0.00      2.80      0.00      7.60
25      8.40      0.00      1.00      0.00      2.00      0.00      0.00      8.00      3.60      0.20      0.00      1.60
26      0.40      1.20      0.40      0.00     30.00      0.00      0.00      7.80     95.80     16.60      0.00      0.40
27      0.00      1.80      1.20      0.00      4.00      0.00      0.00     18.20     25.20     54.40      3.20      0.80
28      0.00      0.20      0.00      1.00      2.00      0.00      0.00      1.00      5.00      1.00      0.00      1.40
29      0.40      0.00      0.00      0.00      3.60      0.00      0.00      0.60      4.80      0.40      0.20      9.20
30      7.60    -99.00      0.00      2.60      0.60      4.20      0.00      0.00      7.60     24.80      0.00     53.80
31      9.80    -99.00     33.80    -99.00      2.20    -99.00      0.00      3.60    -99.00     66.40    -99.00     20.20
2013
01      0.00      0.00      0.00      0.20     10.40      0.00      5.20      0.00     43.60     11.20      0.20     17.60
02      0.00      0.00      0.00      0.00      0.00     57.20     62.40      6.00      0.40    220.20      0.00      1.60
03      0.00      0.00     22.80      0.00      0.80     68.60      0.40      0.00      0.00     27.20      0.00      0.00
04      5.40      1.40     34.40      0.00     14.60      4.80      0.00      0.00      6.20      4.80     34.40     11.40
05      0.40      0.00      4.60      0.00      0.20      0.80     10.20      0.00      0.00      0.20    150.20      0.20
06      5.40      0.20      0.00      3.00      1.00     13.20     19.20      0.00      0.00      1.40    293.40      0.40
07      4.00      0.00      0.00      2.00     89.40      0.80     17.80      1.20     20.20      0.00      6.80      1.00
08      1.60      0.00      0.20      1.40      3.00     12.60     34.20      1.80     10.40      0.00     17.20      0.20
09     17.40      0.00      0.00      0.00      1.40      0.20     10.80      1.80     31.20      0.00     44.40      0.00
10     10.40      9.60      0.00      0.00      2.00    110.40     16.60      0.00     37.00      6.00    155.80      0.80
11      5.00      0.20      0.00      1.40      0.20      4.20      0.60      0.00      1.60     23.20      0.00      0.00
12      8.80      0.00      0.00      7.20      0.00      1.20      2.20     25.80     34.60      0.20      0.80      3.20
13      3.00      0.00      1.20      7.20      0.60      0.00      1.80      0.00      5.40     23.00      8.40      9.00
14      0.00      0.20      0.00      0.80      0.20      0.00      3.20      0.00      1.00    181.80     36.20      3.80
15      0.00      0.00      0.00      0.00      0.00      0.00      0.00      0.00      4.60    226.60    294.40     15.80
16      0.20      0.20      0.00     12.80      2.40      0.00      0.00      0.00      0.00      1.60     83.60     27.80
17      0.20      0.20      0.00      3.00     27.20      0.00      0.00      0.00    129.00     11.00     62.60     28.60
18      0.20      0.00      0.00     28.20      0.00      0.00      0.00      0.00    378.00      7.00      1.40     18.60
19      1.20      0.00      0.20      0.40      8.20      0.00      0.00      0.00     27.60     13.00     18.40      5.80
20      0.20      0.00      4.80      3.00      5.00      0.00     13.80      0.00     50.80     31.00     19.80      0.80
21      0.20      2.20      0.00      0.20      0.00      0.00      0.00      0.00     35.40     12.80     11.40     13.40
22      0.00      1.80      0.00      0.00      0.00     20.20      0.00      0.20     41.20      6.00      2.20      7.60
23      0.00      9.80      0.00     19.00     20.80      2.40     27.40      0.00      0.00     12.80      6.80      0.40
24      0.00     10.00      0.00      0.00      1.20      0.00     15.80      0.00      7.00      8.40      7.60      4.80
25      0.40      0.60      0.40     45.00      3.20      0.00      2.00      6.00      0.20      4.60      6.40      1.60
26      0.00      0.00      0.00      8.00      1.20      0.00      1.00     31.60      3.20      1.00      0.20      0.20
27      1.40      0.00      0.00      0.20     14.20      0.00      1.40      0.00     20.20      0.60      0.00      1.40
28      1.00      0.00      1.00      0.00      0.00      0.00      0.40      0.00     19.00      0.00     49.20      1.00
29      0.20    -99.00      0.00      0.00      0.00      0.00      3.20      1.40     10.40      5.40     27.00      1.20
30      0.00    -99.00      0.00      0.20      0.00      0.00      0.00     24.40     78.60      0.00      8.00      6.20
31      0.80    -99.00      2.40    -99.00     15.20    -99.00      9.20     64.60    -99.00      0.00    -99.00      1.00
2014
01      0.20      0.00      0.00      0.00      9.00      0.00      0.00     28.80     20.20      0.20      0.00     61.80
02      0.00      0.00      0.00      0.00      0.80      0.00     11.80     36.40      3.20      0.00      0.00    109.60
03      0.20      0.00      0.00      0.00      4.20     34.00      5.20      0.00      0.00      0.00      6.40      6.40
04      2.60      0.00      0.60      3.60     22.00      0.00      0.80      0.40      0.00      0.00     12.00     21.40
05      0.20      0.00      2.80      0.20      4.00      5.60     11.60      0.00      0.00     54.00      0.00     36.40
06      0.00      0.00      0.00      0.00     13.40     19.00      1.80      0.00      0.00     39.20      0.00      7.00
07      0.00      0.00      0.00     31.80      0.40      0.00      0.20      0.00      0.20     34.40      0.00     16.80
08      0.00      0.00      0.00      3.00      7.40      0.00      1.00      0.00      0.80      3.60      0.00     60.60
09      0.40      0.00      1.00      0.20      0.00      0.20     24.00      0.00      0.00      0.20      1.00      3.60
10      5.20      4.00      2.00      0.00      0.00      0.00      0.00      0.00      0.00      0.00      1.00      4.20
11      0.00      1.60      0.00      0.00      0.00      0.00      0.00      0.00      0.00      0.40      0.00      8.80
12      5.20      0.20      0.00      0.00     39.80      3.20     24.80      0.00     10.00     16.60     12.00     35.00
13     25.40      4.00      0.00      0.00      9.80      2.20      0.20      0.00      0.00     12.20     55.60     23.60
14     21.00      2.60      0.60      0.00      0.20      0.00      0.00    -99.00      0.00      4.60     21.80      3.80
15      0.20      0.00      3.20      0.00      0.00      0.00      3.60    -99.00      0.00      4.20    125.60      0.60
16      0.40      0.00      0.00      0.00      0.00      7.20      0.00    -99.00      1.40      2.20     14.20     48.20
17     13.60      0.20      0.00      0.00      0.00      1.60      1.00      0.00      0.40      6.80      0.20     29.20
18     11.00      1.00      0.00      0.00      0.00      0.00     23.20     34.00      0.00     32.80      8.20      6.20
19      3.60     12.20      0.00      0.00      0.00      0.00      3.80      0.40      0.00      1.40      2.00     16.00
20     18.00      4.80      0.80      0.00      3.80      0.00    -99.00     30.60     18.40      0.20      1.80      1.20
21      3.80      0.00     25.00      0.00      0.00      0.00      0.00      2.20      0.00      0.20      3.40     26.00
22      2.40      0.00      7.20      0.00      3.40      0.00      0.00      0.00      8.20     33.40      0.00     12.00
23      0.00      0.00      0.20      0.00      6.60      0.00      1.20      0.80      0.20      9.80      0.80      1.20
24      0.00      0.00      0.00      0.00      0.00      1.20      0.00      0.00     64.60     17.20      0.40      7.00
25      0.00      0.00      0.00      0.00      0.00      3.00      0.00      0.00      0.00     64.60      0.60     10.60
26      0.00      0.00      0.00      0.00      0.00      0.00      6.00      0.20      0.00      4.60      0.00      4.60
27      0.00      0.00      0.00      0.60      0.00      0.00      6.80      0.00      0.00      2.60      0.00      3.00
28      0.00      0.00      0.00      2.20      0.00     33.60     18.60     42.60      1.20     11.00      0.00     53.60
29      0.00    -99.00      0.00      1.40     11.20     12.60      0.60      0.00      2.00      9.80      0.00      9.20
30      0.00    -99.00      0.00     13.80      0.00      0.00     46.60      1.40      4.60      1.00     53.20      0.00
31      0.20    -99.00      0.00    -99.00      0.00    -99.00      0.20     10.40    -99.00     15.80    -99.00      0.00
2015
01      2.20      3.20      0.00      0.00      1.40      0.00      0.00      0.60      2.00      0.80    151.60      0.00
02     10.00      1.60      0.00      0.40      0.60      2.80      0.00     13.40      0.80     26.60    127.00      0.00
03      6.40      8.40      0.00      0.00      0.00      0.20      0.00      9.00      4.80      0.00     19.80      0.00
04      0.00      6.00      0.00      0.00      0.00      0.00      0.00      0.00      5.00      8.00    223.20      1.20
05      0.00      0.20      0.00      0.00      0.00      0.00     17.00      0.00     16.80     15.80     67.80      2.20
06      0.00     18.20      0.00      0.00      0.00      0.00     23.40      0.00      0.20     39.00     11.00     28.00
07     15.60      0.00      0.00      0.00      0.00     50.60      0.20      0.00      0.00     64.20      0.40     37.80
08     45.00      3.20      0.00      0.00      0.00     15.40      5.00      0.00      2.40     28.00      1.20     12.20
09      4.60      2.40      0.00      0.00      2.20      4.00      4.00      0.00      0.00      0.20      1.40     13.40
10     17.20      0.00      0.00      0.00      0.60      0.00      0.40      0.00     10.20      3.40      0.00      0.40
11     11.60      0.00      0.00      9.80      0.00     41.40      1.00     10.00      4.20     87.80      0.20      0.00
12     26.80      0.00      0.00     77.60      1.00      0.00      0.00      6.80      0.20    149.80      0.00      0.20
13      7.00      0.00      0.00      1.40      0.20      0.00      0.00      1.80     54.60     23.00      0.00      0.00
14      0.00      0.00      0.00      0.00      2.60      8.00      2.60      3.40    383.40     39.60      0.00      0.00
15      0.00      0.00      0.00      0.60      2.40     16.20      0.40      0.00     24.60     43.40      0.00      0.20
16      0.00      0.00      0.00      0.00     20.00      0.00      0.00      0.00      4.00      0.60      0.00     62.20
17      4.00      0.20      0.00      0.00      0.20      0.00      0.80      0.00      0.00      0.80      0.00     28.80
18     11.00      0.20      0.00      0.00      1.80      2.40      0.00      8.00      0.00      0.20      0.00      5.20
19      2.00      0.00      0.00      0.00     32.60      0.00      4.20      2.80      0.00      0.20      0.00      2.60
20      0.00      3.80      0.00      0.00      0.00      3.60      0.40      0.00      0.00      0.00      0.00      5.80
21      0.00      0.20      0.00      1.00      0.00     21.00      0.00      0.00      0.00      0.00     12.40     15.80
22      0.00      1.20      0.00     10.60      7.20      1.60      0.00      0.00      0.00      0.00      0.20      4.40
23      0.00      0.00      0.00     11.80      0.00      4.20      0.00      2.40      7.60      0.00      5.40      0.00
24      0.00      0.00     18.80     20.00      0.00      0.60      0.00     17.00      6.80      0.00      0.80      0.00
25      0.00      0.00     31.00      4.40     13.20      0.00      0.00     45.20      0.00      0.60     53.60      0.00
26      0.00      1.80      9.00      6.60      0.00      0.00      1.80     39.80      0.60      2.00     65.60      1.40
27      0.00      0.20     30.80      0.00      0.00      0.00      1.40     81.80      0.00      0.00     10.20      0.20
28      0.00      0.00      5.40      0.00      0.00      0.00      7.00      2.00      0.00      0.00     15.60      3.20
29      0.00    -99.00      0.80      0.00      0.00      0.00      4.80      0.00      0.00      0.00      0.20      7.80
30      0.00    -99.00      0.00      1.20     29.40      0.00     11.20      0.00      0.00      0.00      0.00      1.80
31      0.00    -99.00      0.00    -99.00      1.20    -99.00      6.20      0.00    -99.00     54.40    -99.00      8.00
2016
01      3.80      8.20      0.00      6.00      0.00      4.60      0.20      0.00      0.80      0.80    252.20     23.60
02      0.80     16.20      0.80    -99.00      0.00      1.40      0.00      0.00      0.00      0.20     86.00     54.60
03      3.00      1.00      0.20    -99.00      0.00      0.00      0.00      2.00      0.00      2.40     27.40    300.20
04      0.00      2.40      0.00    -99.00      0.00      1.40      0.00      0.20      0.00      0.00      9.80     44.60
05      0.00     21.20      0.00    -99.00      0.00      4.80      4.40      5.20      4.20     41.00      0.00      4.00
06      0.20     14.80      0.00    -99.00      0.00     28.20     95.20      0.80     33.60      4.00      1.20     15.00
07      3.00      7.60      0.00      0.00      0.00      7.40      0.20      7.20     13.20     22.20      7.80     43.00
08      0.20      0.00      0.00      0.00      0.00      0.20      9.20      0.00      0.80     26.00      7.20     16.00
09      0.00      0.00      0.00      0.00      0.00      0.00      0.20      0.00      4.20     21.20      5.40      0.40
10      0.00      0.00      0.20      0.00      0.00      0.00      0.00      0.00      1.20      0.00     22.80      1.40
11      1.80      0.00      0.40      0.00      0.00      0.00      1.40      0.80     12.40      8.20     20.60     17.60
12      3.00      0.00      0.20      0.00      0.00      0.00      0.00      0.00    359.20      9.20      0.60      6.20
13      0.20      0.00      0.00      0.00      0.00      0.00      1.60      0.00     88.40    104.00      0.00    100.00
14      0.00      0.00      1.20      0.00      0.00     24.60      0.00      0.00      1.40     25.80      0.00    275.60
15      0.00      2.00      0.00      0.00      0.00      4.00      2.60      0.00      0.00     25.40      0.00     52.20
16      3.00      1.40      0.00      0.00      0.00      0.00     65.40      0.00      0.00     38.20      0.00     24.00
17      6.40      1.00      0.00      0.00      0.00      5.80     22.60      0.00      0.00     10.60    230.80      6.20
18      1.60      0.00      0.00      0.00      0.00      7.20      0.20      5.20      1.40      1.00     26.20      3.20
19      0.60      0.40      0.00    -99.00      0.00      0.00      1.00      3.60      0.20      0.00      2.00      2.40
20      0.20     21.60      0.00    -99.00      0.00      0.00      0.40      0.00     72.40      0.00      1.20      3.20
21      0.00      0.40      0.00    -99.00      0.00      0.00      0.00      0.00     75.40      0.00      3.00      0.00
22      0.00      0.00      0.00    -99.00      0.00      7.40      0.00      6.60     34.00      0.00     15.60      6.80
23     22.40      0.20      1.60    -99.00      6.00     14.80      0.00     23.60     21.00      0.00      0.40     33.80
24     55.60     31.80     25.60    -99.00      1.40     27.00      0.00     73.20      0.00      0.00     39.00     19.20
25     19.40     17.80      1.60    -99.00     15.80      6.40      0.00     30.20      3.80      0.00     47.80      0.20
26      2.20     30.60      5.60    -99.00      0.00     17.00      0.00      0.40      5.20      4.80     52.40      0.00
27      0.60      6.80      5.80    -99.00      0.00     11.40      5.00     24.40      0.00      0.40     19.60     43.20
28      0.00      0.80      0.00    -99.00     20.40     19.80      9.80      0.40      0.00      0.00      5.00     24.00
29      0.00      9.20      0.00    -99.00      0.00     14.40      0.20     67.60      0.20      0.00     18.60     27.80
30      1.20    -99.00      0.00    -99.00      6.20      0.00      0.00      5.00    141.20     23.40     56.80     14.20
31      0.00    -99.00      0.00    -99.00      0.00    -99.00      0.00      0.00    -99.00     85.00    -99.00    -99.00
2017
01      3.00     16.60      0.00      1.80      0.00      0.20      5.80      0.00      3.80      3.40    125.60     16.20
02      7.60      0.00      0.00      4.60      0.00      0.00      0.20      0.00      0.00     13.80      0.40     22.80
03      0.00      0.00      2.60      0.60      0.00      0.00      0.00      0.00      3.80      2.60     21.80     33.00
04      0.00      0.00      0.00      0.00      0.00      0.00      9.00      0.00      0.00      1.00    515.80      2.60
05      0.00      0.00      0.00     33.80      0.00      0.40     10.20      0.00      0.00      5.60    401.00     17.80
06      0.00      0.00      0.00      0.40      0.00      0.00      0.40      0.20      0.60      0.40     90.60      0.40
07      0.00      0.00      0.00      0.00      0.00     24.80      0.00      0.00     12.00      2.20    161.60      0.00
08      0.00      0.00      7.40      0.00     12.40     11.20      3.60      0.00      0.00     16.20     81.40      2.80
09      0.00      0.00      0.00      0.00      6.80      3.20      1.40     18.60      3.40    134.60     36.60      0.60
10      0.00      0.00      0.00     14.00      0.20      0.20     26.40      0.00      1.00      2.80      8.80      1.20
11      0.00      0.00      0.00      0.20      2.40      0.00     20.40      0.00      0.00      0.00      7.40      0.80
12      0.00      0.00      0.00     33.20      6.60      0.00      1.60      0.00      0.00     14.60      0.00      0.20
13      0.00      0.00      0.00      8.20     22.40     11.80      1.80      1.60     50.00      0.00      0.40      0.20
14      0.00      0.00      0.00      0.60      4.60      0.20      0.80     14.20    156.00      1.20     41.80      0.00
15      0.00      0.00      0.00      0.00     10.40      0.00     19.20     16.00     57.60      4.60     25.40     13.80
16      0.00      0.00      0.00      0.00     32.00      0.00     48.40      0.20      1.40      0.00      1.80     43.40
17      0.00      0.00      0.00      0.00      0.60      0.00     22.40      0.00      0.00     20.60      0.00     57.40
18      0.00      0.00      0.00      0.00     12.60      0.00      5.00      7.00      0.00     34.60      0.00      2.80
19      0.00      0.00      0.00     11.40      5.00      0.00      0.80      2.80      0.00     43.40     55.00      0.00
20      0.00      0.00      1.40     19.00      1.20      0.00      7.80      0.00      0.20     10.00    115.40      0.00
21      0.00      0.00      0.20      2.00     18.60      0.00      0.20      0.00      0.00      1.60     15.80     21.20
22      0.00      0.00      4.40     10.80      0.00      0.00     33.20      0.00      5.60      3.80     87.20      4.80
23      0.00      0.00      0.00      0.00      0.20      2.80      0.20      0.00      1.60      2.20    104.20      2.20
24      0.00      0.00      0.00      2.00      1.00     16.40      0.00      7.60      0.80      7.60     75.60     15.80
25      0.00      0.00      0.20     32.40     80.60      1.00     48.20      3.40     28.80      3.40     24.20      7.20
26      0.00      0.00     46.60      0.00     72.40     30.20      0.80     86.60      0.00      1.00     26.60     20.20
27      0.00      0.00     14.60      0.00     14.60      1.60     12.60     15.40      0.00      2.00      7.40     18.80
28      0.00      0.00      0.80     26.60     11.60     55.80      4.00     11.00      0.80      0.00     19.20      6.00
29      0.00    -99.00      9.40      5.80      5.40     13.20      0.20      0.00     30.00      5.80     15.20      7.00
30      0.00    -99.00      0.00      0.00     30.80      0.60      0.00      0.00      0.40    108.40      2.00      1.80
31      0.00    -99.00     22.60    -99.00      7.00    -99.00      0.00      0.00    -99.00     84.60    -99.00     20.80
2018
01      0.60      5.20      0.00      0.00    -99.00    -99.00      0.00      0.00      0.00      0.00      0.00      2.40
02      2.40      0.20      0.60      0.00    -99.00    -99.00      0.00      0.00      0.00      0.00      0.00      0.00
03      9.20     27.80      0.00      0.00    -99.00    -99.00      0.00      0.00      0.00      0.00      0.00      0.00
04      7.00      0.80      0.00      0.00    -99.00    -99.00      0.00      0.00      0.00      0.00      0.00      5.60
05      5.00     15.00      0.00      0.00    -99.00    -99.00      0.00      0.00      0.00      0.00      2.40      0.20
06      0.20      1.60      0.00      6.40    -99.00    -99.00      0.00      0.00      0.00      0.00      4.60      0.00
07      0.00      0.00      0.00     94.20    -99.00    -99.00      0.00      0.00      0.00      0.00     30.80      0.80
08     14.60      3.80      9.00      6.40    -99.00    -99.00      0.00      0.00      0.00      0.00      0.80     21.40
09      6.60      0.20     14.40      0.00    -99.00    -99.00      0.00      0.00      0.00      0.00     15.40     50.80
10      0.00      0.00      1.20      0.00    -99.00    -99.00     20.40      0.00      0.00      0.00      4.00     72.80
11     46.40      4.60      0.00      0.00    -99.00    -99.00      3.60      0.00      0.00      0.00      0.20     71.60
12     34.00      5.60      0.00      0.00      0.00    -99.00      0.00      0.00      0.00      0.00      1.20     83.60
13      2.60      3.40      0.00      0.00      0.00    -99.00      0.20      0.00      0.00      0.00      0.00     20.20
14      0.00      0.00      6.20      0.00      0.00    -99.00     12.20      0.00      0.00      0.20      0.00     23.60
15      2.40      0.00     24.40      0.00      1.00    -99.00      2.20      0.00      0.00      0.00      0.00     36.20
16      0.00      0.00      0.20      0.00      6.00    -99.00      5.00      0.00      0.00      0.00      0.00     28.20
17      0.00      0.00      0.00      4.40      0.00    -99.00      0.20      0.00      0.00      0.00      0.00     28.20
18      0.20      0.00      0.00      4.60      0.00    -99.00     27.40      0.00      0.00      0.00      0.00      6.40
19      0.60      0.00      0.20      2.80      0.00    -99.00      2.40      0.00      0.00      6.00      0.00      0.00
20      2.60      0.00      2.00      0.00      0.00    -99.00      0.20      0.00      0.00      1.20      0.00      0.00
21      0.00      0.00     12.80      0.20      0.00    -99.00      1.00      0.00      0.00      0.00      0.00      0.00
22      3.00      0.00      0.80      0.00      0.00    -99.00      7.60      0.00      0.00      0.80     41.60      0.00
23      0.00      3.00      0.00      0.40      0.00    -99.00      0.00      0.00      0.00      0.00     17.60      0.00
24      1.60      0.00      0.00      0.00      0.00    -99.00      0.00      0.00      0.00      0.00     24.60     10.80
25      0.00      0.20      0.00      0.00      6.40    -99.00      0.40      0.00      0.00      0.00     18.80      0.80
26      0.00      0.00      0.00      0.00      0.40    -99.00      3.60      0.00      0.00      0.00      8.60      0.00
27      0.60      0.20      0.00      4.80      0.00    -99.00      4.80      0.00      0.00      0.00     16.40      6.40
28      0.00      0.00      0.00      0.20      0.00    -99.00      3.60      0.00      0.00      2.40     30.40      0.00
29      8.20    -99.00      0.00      0.00      0.20    -99.00      0.80      0.00      0.00      1.20     48.20     71.40
30      0.60    -99.00      0.20    -99.00      0.00    -99.00      0.40      0.00      0.00      0.00      4.20     78.00
31      2.80    -99.00      0.00    -99.00      0.00    -99.00      0.00      0.00    -99.00      1.00    -99.00     29.60
