ThanhMy             
   107.83100       15.767000              31
2011
01      0.20      0.80      0.00      0.00      2.60      4.00      0.00      0.20      0.00     51.80     31.80      4.40
02      0.40      0.00      0.00      0.00      0.00      0.00      1.80      0.00      2.20      7.20      0.20      4.80
03      0.80      0.00      0.00      0.00      0.00      7.40      5.20      0.00      0.00     10.20      0.40      0.00
04     12.20      0.00      6.20      0.00      0.00      9.60      0.00      0.00      7.20      7.20     28.00      0.00
05      1.20      0.00      0.20      0.00      0.00     15.00      0.00      0.00      3.00      1.00     34.00      0.80
06      1.00      0.00      0.00      0.00      9.00      5.00      4.00      0.00     14.20      0.00     28.60      3.00
07      3.40      0.00      0.40      0.00     12.60      0.00      0.00      0.00      3.80      0.00    258.40      2.40
08      1.40      0.20      0.20      0.60      0.00     24.00      0.00      0.60     18.20      0.00     10.40      5.40
09      0.40      0.00      0.00      0.20      0.00      0.00     60.60      0.40     14.00     36.00      0.60     39.00
10      4.20      0.00      0.00      0.00      0.00      0.20      0.00      0.00      9.40      1.20      0.00     11.00
11      0.00      1.00      0.00      0.00      0.00      0.20     25.60      0.20     19.80      3.40      0.00      0.00
12      0.00      3.80      0.00      0.00      0.00      1.40     23.80      0.00      9.00     52.80      0.00      0.00
13      0.00      0.00      0.00      0.00      1.60     38.60      0.00      0.00     39.00     27.00      0.00      0.00
14      0.00      0.20      0.00      0.00      6.40     16.80      0.20      0.20      0.20     81.40      2.40      1.60
15      0.00      0.00      0.00      0.20     41.40      0.00      0.00      3.40      0.60     56.40      1.60     16.60
16      0.00      0.00      0.00      0.00     42.40      0.00      0.00      4.00      3.80     43.40     20.20     14.60
17      0.00      0.00      0.00      0.00      1.00      0.00      0.00      0.80      0.00    110.40      0.00      3.80
18      0.40      0.00      0.00     74.60      3.20     26.60      1.20      0.80     15.60      5.00      0.00      1.20
19      0.80      0.00      0.00      1.60      1.60      0.20      0.00      7.80      1.00      1.80      0.00      0.20
20      0.00      0.00      0.00      6.80      0.00      0.00      0.00      9.80      0.00      0.20      0.00      0.60
21      0.00      0.00      0.00      0.20      0.00      0.00      0.00      0.00      1.20      0.60      2.40      0.40
22      0.00      0.00      0.80      0.60      0.00      0.00      3.40      0.00      8.60      0.60      7.20      2.20
23      0.40      0.00      5.20     18.00      2.20      0.00      2.60      0.00    143.40      0.00      2.20      4.00
24      0.00      0.00      2.60      0.00    122.80      0.40      0.00      0.00    128.60      2.60      8.20      6.40
25      0.40      0.00      5.20      1.80      0.00      0.20      0.80      0.00     14.00     18.40     66.20      4.80
26      2.00      0.00      0.20      0.20      0.00      0.00      0.00      0.00     38.60      2.60      2.40      0.00
27      0.60      0.00      0.00      3.00      0.00      0.00      0.00      0.00     63.40     14.20      0.00      4.00
28      3.40      0.00      0.00      0.00      0.00      0.00      0.00      0.00      0.00     10.40      4.00      1.60
29      0.40    -99.00      0.60      0.00      0.00      0.00      0.00      1.20      0.00      0.20      3.20      0.00
30      1.00    -99.00      0.00      0.00      0.00      0.00      0.60      0.00      0.00      7.40     15.60      6.40
31      2.80    -99.00      0.00    -99.00      2.00    -99.00      1.60      0.00    -99.00      2.20    -99.00      2.80
2012
01      5.80      0.20      0.00      3.20      0.00     23.40      5.60      0.00      0.20      0.00      1.80      0.00
02      0.40      1.00      0.00      5.00      0.00      3.40      0.80      0.00     26.00      1.40      2.80      0.00
03      0.20      3.60      0.00      0.00      3.60      2.80     20.80      0.00     57.60      0.00      0.20      0.00
04      6.00      1.00      0.00      0.00     37.40      2.60      1.60      0.00     19.60      0.00      0.00      0.00
05      0.00      0.00      0.00      9.40      0.00      0.80     10.80      0.00     53.80      0.00      0.00      0.00
06      0.00      0.00      0.00      0.20      4.80     13.20      0.00      0.20     61.20     73.20      1.80      0.00
07      3.00      0.00      0.00     43.20      0.00     22.20      0.00      1.00      2.60     69.20     19.00      0.00
08     12.40      0.00      8.00      0.00      0.00      3.00     22.40      0.00      0.00     38.80      0.20      0.00
09      0.20      0.00      0.00      0.00      0.00      0.00     37.80      0.00      0.00      0.00      0.00      0.00
10      0.00      0.00      0.00      0.00     37.80      0.00      0.00      0.00      0.00      6.20      0.00      0.00
11      2.80      0.00      0.00      0.00     21.80      0.00      0.00      0.00      0.00      0.80      2.40      0.00
12      9.20      0.40      0.00      3.80     22.20      0.00      5.80      0.20      2.40      1.00     34.60      1.60
13      4.20      0.00      0.00      3.40      0.00      0.00      0.00      0.60      0.20      0.20      1.20      2.60
14      0.00      0.00      0.00      0.20      0.00      0.00      0.00      0.00      0.00      0.00      3.80      6.20
15     17.40      0.00      0.00      2.00      3.60      0.00      0.00      0.00     10.00      0.00      1.40      3.20
16      3.40      0.00      0.00      0.00      0.00      7.40      1.60      2.80      0.20      0.00      6.20      0.00
17      1.00      5.60      0.00      0.00     44.20     11.80      5.00      0.00      0.00      0.00     22.40      0.00
18      0.20      8.40      6.40      0.40      0.20      0.80      8.40      0.20      0.00      0.00      0.40      3.00
19      0.00      1.00     40.20      0.00      0.00      0.00     10.80      5.80      0.00     13.00      0.20     60.40
20      0.00      0.00     12.20      1.20      9.80      0.00      2.60     24.60      0.00      0.00      0.20      0.20
21      0.00      0.00      0.00      0.60      0.60      0.00      0.00      1.00      0.00      0.80      0.00      0.00
22      3.40      0.00      0.00      0.00     13.20      0.00      0.00     36.40     19.60      1.40      0.00      0.60
23      3.20      0.00      0.00      0.00      0.00      0.00      3.80     99.80      0.00      2.40      0.00     25.20
24      0.00      0.00      0.00      0.00      0.00      0.00      0.20     24.80      0.00      1.40      4.00      0.40
25      0.00      0.00      0.00      0.00      0.20      0.00      0.00      1.00      0.00      0.00      0.00      3.20
26      0.20      0.00      0.00     27.80      0.40      0.00      0.00      3.00     21.80      1.60      0.00      0.60
27      0.00      2.60      0.00     15.80      5.20      0.00      0.00     65.60     80.00     15.60      0.00      6.40
28      0.00      0.20      0.00      0.00      0.00      0.00      0.00      0.40      6.80      0.40      0.00      6.20
29      0.80      0.00      0.00      0.00      0.40     20.20      0.00      0.00      1.40      0.00      0.00      8.20
30      2.20    -99.00      0.00      0.00      5.60      0.60      0.00      0.00      1.00      0.00      0.00      1.40
31      2.20    -99.00      1.40    -99.00     18.20    -99.00      0.80     20.40    -99.00      0.80    -99.00      0.00
2013
01      0.00      0.00      0.00      0.00     49.20    -99.00     17.80      0.00     31.20      9.20      0.00      0.60
02      0.00      0.00      0.00      0.00     27.80    -99.00      0.40      2.20      0.40     24.40      0.00      0.00
03      0.80      0.20     18.40      0.00     23.60    -99.00     11.60      0.40      0.00     13.00      0.00      0.00
04      0.40      0.00      2.20      0.00      0.20    -99.00      0.00      0.00      7.80     43.00      0.00      2.00
05      0.00      0.00      0.00      0.00      0.20    -99.00      0.00      0.00      0.00      0.20     46.40      0.20
06      4.40      0.00      0.00      0.00      0.80    -99.00     20.60      0.00     10.00      0.00     41.40      0.80
07      3.20      0.00      0.00      0.00     17.60    -99.00      3.00      0.00      0.60      0.00     41.40      0.00
08      0.60      0.00      0.00      5.20     10.40    -99.00      0.00      0.00      0.20      0.00      9.00      0.00
09      0.60      0.00      0.00      0.00      0.00    -99.00     50.60      4.60      8.20      0.00      6.60      0.00
10      0.00     20.20      0.00     71.80      0.40    -99.00     49.20      0.00     10.60      0.00     49.60      0.00
11      1.40      0.00      0.00      0.00    -99.00    -99.00      0.40      0.00     17.20      3.00      0.40      0.00
12      0.00      0.00      0.00      2.00    -99.00    -99.00      2.20     12.20     21.20      0.00      0.00      0.00
13      0.00      0.00      1.60      2.20    -99.00    -99.00      1.20      3.60     48.00      0.00      0.00      1.00
14      0.00      0.60      0.00      0.00    -99.00    -99.00     18.60      0.00     15.80     36.80     12.60      0.00
15      0.00      0.00      1.00      0.00    -99.00    -99.00      0.00      0.00     11.60     83.40    267.80      0.60
16      0.00      6.40      0.00     27.40    -99.00    -99.00     23.20      0.00      4.00      2.60     38.20      5.20
17      0.20      0.00      0.00      6.20    -99.00    -99.00     39.40      0.00     62.60     62.40      9.60      2.00
18      1.00      0.00      0.00      1.40    -99.00    -99.00      1.60      0.00    289.60     12.40      4.60      0.00
19      3.20      0.00      0.00      0.00    -99.00    -99.00      4.60      0.00     20.00     14.20      6.60      0.00
20      0.00      0.00     16.20      0.00    -99.00    -99.00      3.20      2.40      0.80      9.20     16.60      0.00
21      0.00      3.40      0.00      0.80    -99.00      0.00      6.20      0.00     24.00      3.80     15.00      0.00
22      0.00      0.20      8.00      0.00    -99.00     22.00      5.80      0.20      2.80      3.80     24.00      0.00
23      0.00      0.80      0.00      2.00    -99.00      1.20     21.00      0.00      0.00      0.00     16.40      0.00
24      0.00      6.60     17.60      0.00    -99.00      1.20      1.60      0.00      0.00      0.00      2.40      0.00
25      0.20      0.40      0.00     24.60    -99.00      0.00      0.20      0.00      1.60      2.80      7.60      0.00
26      0.00      0.00      1.20     14.00    -99.00      0.00      0.20      1.60      2.20      0.00      0.20      0.00
27      0.40      0.00      1.20      0.20    -99.00      0.00      3.00      0.20     13.40      0.40      1.20      0.00
28      2.00      0.00      0.20      0.00    -99.00      0.00      1.40     51.00      1.20      0.00     16.40      0.20
29      1.20    -99.00      0.00     21.60    -99.00     13.80      0.40     11.40      2.80      5.20      0.80      0.20
30      0.00    -99.00      0.00      5.40    -99.00      1.20     23.20      0.20     19.80      6.60      1.00      0.00
31      2.80    -99.00      4.20    -99.00    -99.00    -99.00     21.20      0.00    -99.00      0.00    -99.00      0.00
2014
01      0.00      0.00      0.00      2.80      6.80     27.20      0.00     70.20     44.00      0.00      0.40    107.60
02      0.00      0.00      0.00      0.00      1.60      1.20      0.00      0.00     32.20      0.00      0.00     70.60
03      0.00      0.00      0.00      2.40     32.40     13.00      9.20      0.80     41.20      0.00      1.60      3.40
04      0.00      0.00      0.00     18.00      9.40      0.00      1.80      5.20     44.20      0.00     11.60      0.00
05      0.00      0.00      0.00      0.40     13.40      0.00     56.60      0.00      0.00     63.60      1.80      4.80
06      0.00      0.00      0.00      0.00      0.00      0.00      2.20      0.20      0.00     10.20      2.40      0.40
07      0.00      0.00      0.00      8.20      1.00      0.00      8.20      0.00      0.00     12.00      0.00      0.00
08      0.00      0.00      0.00     16.60     39.80      0.00     16.00      0.00     35.00      1.40      0.00      0.60
09      1.60      0.00      0.00      0.00      0.20      0.00      0.60      0.00      0.00      0.00      0.20      3.80
10      5.40      0.00      1.20      0.00      0.00      0.00      0.00      0.00      0.00      0.00      0.00      0.00
11      5.80      0.00      0.00      0.00      0.00      0.00      0.20      0.00      1.00      0.00      0.00      1.40
12      0.80      0.00      0.00      0.00      1.60      0.00     12.60      0.00     19.00      3.80      1.40     19.60
13      6.60      0.00      0.00      0.00      0.00      0.80     12.20      6.00      1.00      6.60     44.80     10.20
14      0.00      0.00      0.00      0.00      0.00      0.00      3.40    -99.00     28.40      4.20      7.00      0.00
15      0.00      0.00      0.20      0.00      0.00      0.00      0.20    -99.00      0.20      1.40     77.00      0.80
16      0.00      0.00      0.00      0.00     48.20      0.00      4.20    -99.00      0.00      9.40      1.80     38.00
17      0.40      0.00      0.00      0.00      0.00      0.00      0.00      7.60      0.80      4.60      2.60     18.20
18      0.40      0.00      0.00      0.00      5.40      0.00     12.40      0.00      0.00     72.20      0.20      0.00
19      1.00      0.00      0.00      0.00     24.00      0.00      0.80      0.00      0.00      0.20      0.20      0.20
20      0.20      0.00      0.00      0.00     12.20      0.00    -99.00     19.80     21.80      5.20      9.00      0.00
21      0.00      0.00      6.00      0.00      0.20      0.00      1.80     34.80      0.00      0.20      0.20      4.20
22      0.80      0.00      3.40      0.00      0.00      0.00     58.00     41.80     14.00     17.20      0.00      2.40
23      0.20      0.20      0.40      0.00      5.20      0.00     12.60      0.00     31.60     40.80      0.60      0.00
24      0.00      0.00      0.00      0.00      0.00      0.00      0.20      0.00     25.00      0.60      0.40      1.00
25      0.00      0.00      0.00      0.00      0.00      0.00      0.20      0.00      0.00     27.40      0.40      3.80
26      0.00      0.00      0.00      0.00      0.00      0.00      0.00     23.00      0.00      8.40      0.40      7.20
27      0.00      0.00      0.00      0.00      0.00      0.00     11.80      0.20      0.00     10.00      0.00      3.20
28      0.00      0.00      2.00     15.00      0.80     11.60      1.40     49.20      0.00     19.00      0.00      3.40
29      0.80    -99.00      9.40     14.60      0.00     19.20     20.60     11.80      6.00      4.60      0.00      0.00
30      0.00    -99.00      0.00     20.40      0.00      1.20     21.60      0.00      0.00      3.00     39.60      0.00
31      0.00    -99.00      0.00    -99.00      0.00    -99.00     14.60     21.40    -99.00      6.20    -99.00      0.00
2015
01      0.20      6.20      0.00      0.00     29.80     12.60      0.00     35.00      0.80      9.00     73.40      2.80
02      2.00      6.20      0.00      0.00      7.60      0.00      0.00      9.80      0.00      2.40      1.00      0.00
03      0.20      7.00      0.00      8.40      3.80      0.00      0.00      6.60      0.20      0.00      0.20      0.00
04      0.20      2.80      0.00      2.80      0.00      6.80     12.60     15.80      2.00      2.60    113.80      1.80
05      0.00      2.60      0.00      0.00      0.00     22.60      0.00      0.80     22.20      5.60     70.20      0.00
06      0.00      6.00      0.00      0.00     46.80     24.20      0.00     59.80      0.00     75.00     20.00      0.00
07      9.00      0.00      0.00      0.00      0.40     43.80      1.60      0.80      8.40      0.20      7.80      0.00
08      4.40      1.60      0.00      0.00      0.00     22.20     11.20     40.00      0.00      0.00      1.40      0.80
09      9.20      0.20      0.00      0.00     56.80      0.00      0.00      0.00      0.80     23.40      1.00      0.00
10      1.60      0.00      0.00      0.00     19.80      0.00      0.00      0.00      3.40     30.00      2.80      0.00
11      1.40      0.00      0.00      0.00      0.00      7.00      0.00      2.20      0.40      1.20      3.00      0.00
12      0.00      0.00      0.00      1.00      9.40      0.00      0.00      0.00      7.20     65.80      0.80      0.00
13      0.00      0.00      0.20      0.40     72.80      0.00     46.00      0.00      5.80      1.40      0.00      0.00
14      0.00      0.00      0.00      0.00      8.20      0.00      0.20      0.00    164.20      8.00      0.00      0.00
15      0.00      0.00      0.00      0.00      7.40      0.00      0.00      0.40     11.20    101.20      0.00      2.80
16      0.00      0.00      0.00      0.00      1.20      0.00      0.00     62.00      9.00      0.00      0.00     31.00
17      0.60      0.00      0.00      0.00      0.80      0.00      4.60      0.00      0.00      0.00      0.00      0.00
18      1.40      0.20      0.00      0.00      0.20      0.00      3.20      1.80      2.80      0.00      0.00      0.00
19      0.00      0.00      0.00      0.00      0.00      0.00      6.60     27.60      0.00      0.00      0.00      0.40
20      0.00      0.20      0.00      0.00      0.00      0.00      1.20     16.20      0.00      0.00      5.20      1.60
21      0.00      0.00      0.00     16.80      0.00      7.40      0.00      0.00      2.40      0.00      7.00      1.60
22      0.00      0.20      0.00     25.00      0.00      2.60      0.00      0.00      0.00      0.00      8.20      2.00
23      0.00      0.00      0.00      7.80      0.00      6.40      0.00      0.00     52.00      0.00      4.00      0.00
24      0.20     23.20      7.20     15.60      0.00      0.00      0.00      3.00      0.20      0.00      3.40      0.00
25      0.00      0.00    110.00     51.40      2.80      0.00      0.00      4.00      0.00      0.00      1.40      0.00
26      0.00      5.80      8.80     11.60      0.00      0.00      0.00      4.80      2.60      0.00     13.80      0.00
27      0.00      0.20    131.80      0.00      0.00      0.00      2.20      1.20      0.00      0.00     12.80      0.00
28      0.00      0.00      1.40     24.00      0.00      0.00      4.40      0.00      0.00      0.00      9.20      0.00
29      0.00    -99.00      0.60      1.60      0.00      0.00      3.40      0.00      0.00      0.00      7.60      5.20
30      0.00    -99.00      0.00      0.00      6.60      0.00     11.60      0.20      0.00      0.00      0.20      8.60
31      1.00    -99.00      0.00    -99.00     34.20    -99.00      1.80      0.00    -99.00     17.80    -99.00      6.00
2016
01      2.40      0.00      0.00      0.00      5.20     28.20      0.00      0.00      0.00      1.20     89.80     21.80
02      0.40      0.00      1.60      0.00      7.00      0.00      0.00      0.00      0.00      0.00     36.80     25.60
03      0.60      0.00      0.20      3.20      0.00     15.20      0.00     10.40      0.00      6.40      7.60     98.40
04      0.40      5.40      0.00      0.00     11.40      2.40      0.00      2.80      0.00     23.60      1.60      3.00
05      0.00      0.20      0.00      0.00      0.40      1.40      0.00      0.40      0.00      8.40      0.20      5.60
06      0.00      0.00      0.00      0.00     12.40      8.00     42.60      1.20      0.80      0.40      8.80      1.60
07      0.40      0.00      0.00      0.00      0.00     10.00      4.00      0.00      0.00     39.20      8.20      6.60
08      0.80      0.00      0.00      0.00      0.00      0.80      5.00      0.00      0.00      0.00      5.80      0.60
09      0.00      0.00      0.00      0.00      0.00      0.00      0.00      0.00     30.20      0.00     59.20      0.00
10      0.00      0.00      0.00      0.00     11.00      0.00      0.00      0.00      0.00      6.00      0.00      0.00
11      0.00      0.00      0.00      0.00      0.00      5.60      1.80      0.00      0.40     15.20      1.80     10.20
12      0.00      0.00      0.00      0.60      0.00      0.00      0.00      0.00    120.00      0.60      1.40      7.60
13      0.20      0.00      0.00      0.00      7.40      0.00      0.00      0.00     81.60      1.20      1.00    245.40
14      0.00      0.00      0.00      0.00      0.00      0.00      0.00      0.00      0.00      2.00      0.00    145.60
15     27.00      0.00      0.00      0.00      0.00     10.20      0.00      0.00      0.00     35.20      0.00     88.20
16     23.20      0.00      0.00      0.00      7.20     54.40      7.80      0.00      0.00     39.20      0.00     27.20
17      0.20      0.00      0.00      4.80      0.00      0.00     14.40      0.00      0.00      0.60     18.80      1.80
18      0.40      0.00      0.00      0.00      0.00      0.80      0.40     21.60      6.20      0.00     15.60      6.20
19      0.00      0.00      0.00      0.00      6.60      0.00      0.00      0.00      0.20      0.00     21.60      6.80
20      0.00      0.00      0.00      0.00      0.00      0.00      7.40      0.00      3.20      0.00     14.20     24.80
21      0.00      0.00      0.00      0.00      0.00      1.20      0.20      1.20     23.00      1.20      2.80      1.20
22      0.00      0.00      0.00      0.00      7.00      0.20      0.00      6.00     34.20      0.00     18.60      4.00
23      0.00      0.20      0.00      4.00     51.20      0.00     22.00     18.80     36.40      6.40      0.00      0.40
24      0.00      0.40      0.00     36.60      5.00     27.80      0.20     40.20      6.20      0.00      8.60      6.60
25      0.00      0.00      0.00      0.00     17.40     29.60      0.00      5.40      0.40      0.00      0.00      0.20
26      0.00      0.00      0.00      0.00      0.00      1.40      0.00      0.20      5.80      6.60      0.00      0.00
27      0.00      0.00      0.20      3.20      0.00      8.80      1.80     28.60      0.00      0.40      0.00      8.00
28      0.00      0.00      1.00      6.40      2.40     62.40      2.60      0.40      0.00      0.00      0.20      5.00
29      0.00      0.00      0.40      2.20      0.00      0.00      0.20     32.00      0.00      0.60      3.80      0.00
30      0.00    -99.00      0.00      0.00      5.20      0.00      0.00     52.20      4.80     58.80      8.00      0.00
31      0.00    -99.00      0.00    -99.00      3.00    -99.00     21.60      0.00    -99.00     53.00    -99.00     34.60
2017
01     10.20      2.00      0.00      0.00      4.20      0.00     11.40      3.00      2.60      0.60     70.80      0.00
02      3.60      1.20      0.20      1.20      0.00      0.00      0.00      0.00      0.00     25.00      0.00     23.00
03      7.40      3.80      0.00      1.00     24.20      0.00      0.00      0.00      0.20      9.20      7.40     18.40
04      1.80      0.40      0.00      0.20      0.20      0.00     20.40      0.00      3.60      1.80    148.80      2.60
05      3.80      0.00      0.00      0.00      0.00      0.00      2.80      0.00     24.20      0.00    115.60      1.20
06      1.20      0.00      0.00      0.00      0.00      0.60     19.00     12.00      7.40      0.00     44.60      0.20
07      0.00      0.00      0.00      0.00     12.00     72.60      0.20      0.00      0.40      0.00      5.60      1.00
08      2.20      0.00      0.00      0.00     18.20     10.80      0.00      5.60      0.60      3.00    115.00      5.20
09      6.40      6.40      0.00      0.60      3.20     33.20      0.00      0.00      5.20     25.20     16.00      0.60
10     12.40      0.00      0.00      0.00      0.20     22.80      3.80      0.00      0.00      5.20      5.60      0.00
11      2.60      3.60      0.00      0.00      0.00      0.00     19.80     60.00      0.00      3.20      0.80      0.20
12      0.20      0.00      0.00     26.60      5.00      0.00     37.20      0.00      0.00      2.20      0.00      0.20
13      0.60      0.00      0.00      0.00      7.00     25.80      3.20      0.00      0.80      0.00      0.00      0.00
14      0.00      0.20      0.00      0.00      8.60     17.60      1.40      7.40     66.00      0.00      0.00      0.00
15      0.40      4.80      0.00      0.00     26.20      0.00     10.20      0.00     19.40      0.00     52.40      1.80
16      7.40      0.20      0.00      0.00      2.60      0.00     19.40      0.00      4.80      0.00      4.80      3.60
17      9.20      0.00      0.00      0.00      6.80      0.00     11.40      0.00     18.40      0.00      0.00      8.40
18      0.00      0.00      0.20      0.40      2.20      0.00      5.60     37.80      0.20      0.40      0.00      0.00
19      0.00      0.00      0.20      0.00      7.00      0.00     29.60      0.20      0.00     26.60     95.60      0.20
20      2.60      0.00      0.00      0.00     36.80      0.00      0.00      0.00      0.00      0.60    123.40      0.00
21     10.60      0.00      0.00      0.00      0.00      0.00     13.20      0.00      0.00      0.00     14.40      0.00
22      6.80      0.00     15.00      0.00     43.20      0.00      1.60      0.00      1.00      0.00     13.40      0.00
23      1.80      0.00      0.20     13.00     23.60      0.20      0.20      0.00      1.60      0.00     28.20      1.40
24      4.80      1.20      0.00      1.40     33.00      3.80      1.80      0.00      0.00      4.80      0.00      0.60
25     12.20      0.20      3.80      5.00      0.00      0.60     29.80      5.60     10.20      5.00      0.40      0.20
26      2.80      0.00      0.00      0.20      2.80      2.60      1.80     42.40      0.00      0.00      0.60     10.60
27      1.00      0.60      0.60     20.40      0.40      2.80      1.00     10.20      0.00      1.60      0.40     25.00
28      0.00      0.00      0.00      0.00      6.80     44.40      0.20     28.60      0.20      0.00      4.00      2.80
29      0.00    -99.00     23.20      0.00      3.00      5.40      0.00      0.20      2.20      0.20      8.60      3.80
30      0.00    -99.00      0.00      0.80      7.00     42.80      0.00     27.00      0.00      3.20      0.60      0.40
31      0.00    -99.00      9.00    -99.00      0.00    -99.00      0.40      5.40    -99.00     54.40    -99.00      4.20
2018
01      1.00      0.00      0.00      0.00      0.00      0.00      0.00      0.00      2.60      1.60      0.00      5.40
02      5.80      0.00      0.80      0.00      0.00      0.00      0.00      0.00     40.80     10.80      0.00      0.00
03      3.00      0.00      9.60      0.00      0.00     30.20      0.00      0.00      0.00     28.80      0.00      0.00
04      1.80      0.00      0.00      0.00      0.00      4.00      0.00      5.60      0.20     20.00      0.00      0.60
05      2.40      0.00      0.00      0.00      8.80      0.00      0.00     18.60      1.80      0.00      0.00      0.20
06      0.00      0.00      0.00      0.00      3.20      0.00      0.00      0.20      0.00      0.00      1.00      0.00
07      0.00      0.00      0.00      7.80      0.00      0.20      5.60      0.00      0.00      0.00     30.80      3.20
08      0.00      0.00      0.00      0.40      1.40      0.00      0.00      0.00      3.20      0.00     28.40    146.40
09      1.60      0.00      0.20      0.00      0.80      0.00      1.20      4.80     16.80      0.00     63.80     28.40
10      0.20      0.00      0.00      0.00      1.20      0.00     17.00      0.00      2.20      0.00      2.00     44.60
11      0.00      0.00      0.00      0.00      0.20      1.00      0.80      0.00     19.00      2.60      0.60     23.80
12      0.60      0.20      2.00      0.00      0.00      3.00     12.40      0.40     22.60      7.40      0.20     12.20
13      3.40      1.00      0.00      0.00      0.00      0.00     28.00      0.80     13.00     25.00      0.00      3.60
14      3.40      0.00      4.80      0.00      0.00      0.00      0.40      7.20      1.40      0.60      0.00     10.00
15      0.20      0.00     29.20      0.00      1.00      0.00      5.80      0.00     28.40      0.00      0.00     26.80
16      0.40      0.00      0.00      0.00      4.20      0.00      2.00      0.00     17.00      0.00      0.00      3.00
17      0.00      0.00      0.00      0.20      0.00      8.20      0.60      0.00     82.00      0.00      0.00      6.00
18      0.00      0.00      0.00      0.00      0.60      0.00     10.80      0.00     45.40      2.60      0.00      0.20
19      0.00      0.20      5.00      0.00      0.00      0.00      0.40      0.00      1.20      0.60      0.00      0.00
20      1.20      0.00      2.20      0.00      0.00      0.00      0.00      0.00      0.00      5.60      0.00      0.00
21      0.40      0.00      0.00     15.80      0.00      0.00      1.60      0.00      0.00      0.00      0.00      0.00
22      3.40      5.20      0.00     18.60      0.00      0.00      0.00      0.80      8.20      0.00      0.60      0.00
23      3.00      8.20      0.00      0.00      0.00      0.00      5.80      1.20      0.00      0.00      1.00      0.00
24      8.60      0.00      0.00     23.00      0.00      2.20      0.00      0.00      0.00      1.00      0.40      1.80
25      7.60      0.00      0.00      2.00     24.20     34.60      0.00      0.00      0.00      0.00     10.20      0.80
26     10.60      0.00      0.00     50.60      0.00     44.40      0.00      4.00      0.00      0.00      1.80      0.20
27      6.20      0.40      0.00      0.00      0.00     14.00      1.80      0.00      0.00      0.00      0.00      1.60
28      0.80      0.00      0.00      0.00      0.00      0.00      2.60      0.00      0.40     11.00      1.80      3.60
29      4.80    -99.00      0.00      8.60      0.00     11.80      0.00      0.00      0.60      0.40     82.60      3.80
30      0.00    -99.00      1.00      0.20      0.00      0.00      5.60      0.40      2.20      0.00      8.00      0.60
31      0.00    -99.00      0.00    -99.00      0.00    -99.00      0.00      0.00    -99.00      0.20    -99.00      0.00
