ThuongNhat          
   107.68400       16.129000              70
2011
01      0.00      4.60      0.00      0.00      0.40      0.00      0.00      3.60      0.20     21.40     88.60      5.20
02      0.20      4.20      2.20      0.00      0.00      0.00     21.00      0.20      0.00      2.20      0.00     12.80
03      0.00      0.20      1.40      0.00      0.00      7.20      0.20      2.00     14.20     35.40      3.00      0.80
04     10.60      0.00      1.60      0.00      0.00      4.40      0.00      0.00      0.00     29.60    203.60      0.00
05      0.60      0.00      0.40      0.00      0.00      5.20      0.00      0.00      0.80      3.40    377.40     10.60
06     10.60      0.00      0.00      0.00      0.00      0.20      0.00      0.00     45.20      2.60     96.80     21.40
07     19.20      0.00      1.80      0.00      2.40      3.20      0.00      0.00     23.00      5.40    287.00     10.60
08      1.60      0.20      0.40      1.00      7.00      0.20      0.00      1.20     22.80      3.60     79.40     21.00
09      2.80      0.00      0.20      0.00      0.00      0.40     13.60    -99.00     41.80     45.20     11.80     70.00
10      9.20      0.00      1.00      0.00      0.00      7.20      7.40      5.40      5.60     11.00      0.60     33.00
11      6.40      0.00      0.00      0.00    -99.00     30.80      0.80      0.40     28.60     42.60      0.20     14.20
12      3.20      0.00      0.00      0.00     30.20      0.00      0.00      5.60     56.40     37.80      0.00      4.60
13      0.00      2.40      0.00      0.00     56.40     22.40      0.60      0.00      1.20     64.40      0.00      1.60
14      0.00      1.60      0.00      0.00    -99.00     10.60      0.00      0.20      4.80     36.20      2.60      7.60
15      7.00      0.00     11.80      0.00     16.60      0.00      1.20      0.00      6.40     63.60     17.20     18.40
16      5.80      0.00     15.20      0.20     58.20      0.00      0.20     50.80      3.80    119.60     27.60     53.20
17      0.40      0.40     10.80      0.00      0.00      6.20      0.00      0.00      1.60     74.20      1.80     21.40
18      1.60      0.00      0.20     21.80      5.20      7.00      0.20     17.60      0.00     43.40      0.00     29.60
19      2.80      0.40      0.00      3.00      2.60     37.00      0.00     29.80     25.60      5.80      0.00      0.40
20      5.60      0.60      0.00      1.00    -99.00     11.80      0.80      0.40      0.40      0.00      8.60      4.00
21      4.20      0.00      0.00      0.00    -99.00      0.20      0.00      0.00     10.20      0.80     84.80      3.00
22      0.60      0.00      0.60     17.80     21.80      0.00     27.80      1.00     50.60      0.00      5.60      6.20
23      2.00      0.00      8.20      1.20    -99.00      0.00     10.80      1.60    236.80      0.00     20.00     10.20
24      4.20      0.00      7.60      0.00      3.40      3.80      3.20      0.00     81.20      1.60      4.80      2.40
25      2.20      0.00      8.80      0.20      2.20      0.00      0.00      0.00     37.40     21.60    213.80      3.40
26      4.60      0.00      4.20      0.20      1.60    -99.00      0.00      0.20    212.60     28.80      2.00      1.00
27      2.40      0.20      7.00      2.20      0.00      0.00      0.00      0.00      4.60     36.20      1.40      5.20
28      8.40      0.00     10.60      0.40      0.00      0.20      0.00      6.00      0.00      9.60      2.00      1.20
29     15.00    -99.00      7.40      0.00      0.00      2.20      2.80      0.00      0.00      0.00      0.20      0.00
30      3.00    -99.00      5.20      0.00      0.00      0.00     24.20     17.40      0.20      3.20      2.80      3.80
31      4.00    -99.00      0.20    -99.00      0.00    -99.00     13.60      0.00    -99.00     71.60    -99.00     10.40
2012
01      7.00      0.40      0.00      6.60     23.20      2.00     12.40      0.00      0.00      4.00     39.80      0.00
02      1.80      0.00      0.00      5.60      1.60     14.60      5.80      0.00      0.60      0.80      0.80      0.00
03      0.00      2.60      0.00      0.00      1.40     84.40     16.00      0.00     20.00      0.00      0.20      0.00
04      5.00      0.20      0.20      0.40      0.00      3.00      1.20      0.00    123.40      0.00      0.40      0.00
05      1.40      0.00      0.00      6.20      0.00      1.60     20.00      0.00     13.40      0.00      6.80      9.60
06      0.00      0.00      0.00      0.20      0.00      4.40      0.20      0.00      6.00    134.80      0.00      9.20
07      1.60      0.00      0.20     57.20      0.00     64.80      0.20      0.00     15.20     61.60      3.00      0.20
08      7.40      0.00      0.00      0.00      0.00      5.00      2.40      0.40      0.00      6.80      0.00      0.00
09      1.20      0.00      0.20      0.00      0.40      0.00      0.60      0.00      0.00      0.20      0.00      0.00
10      3.80      0.20      2.00      0.00      0.00      0.00      1.20      0.00      7.40      1.40      0.00      0.00
11      4.60      0.00      0.60      0.40      1.60      0.00      0.00      0.00      0.00      0.60      2.60      0.20
12      8.20      0.00      0.60      0.20      0.00      0.00      0.00      0.00      0.80      0.00     40.00      1.60
13      2.20      0.20      0.40      0.00      0.00      0.00      9.00      0.00      0.40      0.00      1.40      1.20
14      0.00      0.00      0.00      0.00      0.00      0.00      0.00      5.20     11.40      0.00      0.40      0.40
15      5.80      0.00      0.00      0.00      0.00      0.00      0.00      2.00     33.40      0.00      1.60      0.00
16      1.20      0.40      0.00      0.00      4.80      6.40      0.00      0.20      0.00      0.00     13.60      0.00
17      0.20     11.20      1.00      0.00      8.60     16.20      5.40      0.20      0.20      0.00     24.00      0.00
18      0.00      9.80      0.80      5.80     13.20      1.40      2.80      3.40      0.00      0.00      2.00      0.00
19      0.00     12.00      0.20      0.00      0.00      0.00     53.40      0.00      0.00      0.40      4.00     18.20
20      0.00      0.40      0.60      0.00      1.00      0.00     11.80      7.20      0.00      0.00      0.60      0.00
21      4.20      0.00      0.00      9.00     18.60      0.00      2.00      0.00      0.00      0.00      0.00      0.20
22      6.20      0.00      0.00      0.00      0.80      0.00      0.00      5.40      0.00      0.00      0.00      1.60
23      4.60      0.80      0.80      0.00      0.00      0.00      1.00      8.60      0.00      0.20      0.00     68.80
24      0.00      0.00      2.60      0.20      0.20      0.00      0.00     38.40      0.20      0.20      0.00      9.00
25      7.20      0.00      0.80      0.00     14.80      0.00      0.20     18.80      9.20      0.00      0.00      0.60
26      0.00      0.20      0.40      0.00      0.60      0.00      0.00      2.80     75.60     10.60      0.00      0.00
27      0.20      1.00      0.60      9.40     18.60      0.00      0.00      1.20     20.00     42.40      0.80      0.80
28      0.20      0.00      0.00      2.60     11.00      0.00      0.00      1.60      2.60      0.80      0.00      0.60
29      0.60      0.00      0.00      0.40     31.60      0.00      0.00      2.00      7.60      5.40      0.00      9.60
30      4.40    -99.00      0.00      5.20      0.00      5.00      0.00      0.00      6.20     11.60      0.00     25.20
31      5.20    -99.00     17.40    -99.00      4.40    -99.00      0.20     12.60    -99.00     50.00    -99.00     12.00
2013
01      0.00      0.00      0.00      0.20     10.80      0.00      0.80      0.20     17.60      6.00      0.00     15.20
02      0.00      0.00      0.00      0.00      0.20     10.20     61.80      5.20      0.80    275.20      0.00      1.20
03      0.00      0.00     15.00      0.00      0.60     82.40      1.20      0.00      0.00     18.20      0.00      0.00
04      2.60      1.00     14.80      0.00     17.80      1.00      0.00      0.00     64.60      4.00     15.80      8.00
05      0.20      0.00      2.20      0.00      0.20      0.60      0.80      0.00      9.80      0.20    118.40      0.00
06      4.20      0.00      0.00      1.20      1.20     11.80     30.20      0.00      0.00      2.40    306.60      0.00
07      3.00      0.20      0.00      0.00     46.20      1.20     23.60      0.60     14.40      0.00     13.20      0.20
08      0.60      0.00      0.00      1.20      3.60     41.60     33.80      1.00      2.60      0.20     11.40      0.20
09     10.60      0.00      0.00      0.00      5.00      0.00     29.00     15.60     11.40      0.00     40.20      0.20
10      4.00      4.60      0.00      0.20      4.00     94.20     18.80      0.00     30.00      2.20     80.80      0.00
11      2.20      0.00      0.00      1.20      0.40      4.40      1.20      0.00      4.60     24.40      0.00      0.00
12      5.00      0.00      0.00      4.80      0.00      0.80      1.40     16.80      3.40      0.00     33.40      1.80
13      2.20      0.20      2.00      2.80      4.80      0.00      9.20      0.20      4.60     14.80      3.60      4.00
14      0.00      0.00      0.00      0.40      0.00      0.00      6.00      0.00     46.80     99.40     35.60      3.00
15      0.00      0.00      0.00      0.00      0.00      0.00      9.40      0.00      0.80    113.80    288.40      7.80
16      0.00      0.00      0.00      8.80      3.60      0.00      0.00      0.00      0.20      4.20     80.60     15.40
17      0.20      0.00      0.00      2.40     49.00      0.00      3.80      0.00    102.20     14.20    124.40     14.40
18      0.00      0.00      0.00     38.20      0.00      6.40     16.40      0.00    311.80      3.40      0.80      9.00
19      0.80      0.00      3.60      1.00      7.80      0.00     21.60      0.00     10.60      6.20      5.60      3.40
20      0.40      0.00      5.00      8.00      0.00      0.00     16.00      0.00     62.40     25.20     12.40      1.00
21      0.00      0.60      0.00      4.20      0.00      0.00     16.00      0.00     42.40     16.60      8.00      4.80
22      0.00      1.00      0.20      0.00      0.00     17.60      0.20      0.80     44.40      2.40      4.80      3.40
23      0.00      5.20      0.00    118.60     13.20      2.20     25.40      0.00      0.20     12.20      7.80      0.40
24      0.00      5.60      0.20      0.40      0.20      0.00     12.40      0.00     23.00      6.40      1.00      3.60
25      0.20      0.00      7.00     26.20     21.00      0.00      1.60      0.20      0.60      5.40      3.80      1.00
26      0.00      0.00      0.60     10.20      1.20      0.00      1.00     14.80      1.60      0.60      0.00      0.00
27      1.00      0.20      0.00     11.40     27.60      0.00      2.00      0.00     14.40      0.20      0.00      1.40
28      0.20      0.00      0.80      0.00      0.00      0.00      0.80      0.00     21.20      0.00     60.80      0.40
29      0.40    -99.00      0.00      0.00      0.00      0.00      0.80      5.40      2.60      4.00     28.60      1.40
30      0.20    -99.00      5.00      0.20      0.00      0.00      0.00      0.20     58.40      0.60      4.40      3.80
31      0.80    -99.00      0.60    -99.00      0.60    -99.00      1.80     65.40    -99.00      0.00    -99.00      1.20
2014
01      0.00      0.00      0.00      0.00     15.20      0.00      0.00     34.40      7.40      0.00      0.00     41.40
02      0.00      0.00      0.00      0.00      0.60      0.00      7.00     32.00     10.60      0.00      0.00    117.00
03      0.20      0.20      0.00      0.40     20.80      2.80      5.20      0.00      0.20      0.00      4.40      7.20
04      0.20      0.00      0.20      3.40     17.80      0.00      4.40      1.00      0.00      0.00     12.20     11.40
05      0.00      0.00      0.80      0.60      7.60     16.20      2.00      0.00      0.00     41.80      0.00     23.80
06      0.00      0.00      0.00      0.00     11.60     26.40      0.20      3.20      0.00     35.60      0.80      2.80
07      0.00      0.00      0.00     33.80      0.80      0.00      0.00      0.00      0.00     43.20      0.20     23.20
08      0.20      0.00      0.00      5.80     14.20      0.00      1.80      0.00      3.80      6.20      0.00     50.20
09      0.40      0.00      0.60      0.00      0.20      0.40      0.00      0.00      0.00      0.20      0.60      3.40
10      2.40      4.00      0.60      0.00      0.00      0.00      0.00      0.00      0.00      0.00      0.60      2.60
11      0.60      1.80      0.00      0.00      0.00      0.00      0.00      0.00      0.00      0.20      0.00      6.20
12      6.60      0.20      0.00      0.00      2.40      3.00     49.60      0.00      2.00     12.40      1.40     24.00
13     21.00      2.60      0.00      0.00     22.00      1.60      3.20      0.00      0.00     12.20     68.40     34.60
14     13.60      0.80      1.00      0.00      2.80      0.00      5.00    -99.00      0.00      9.40     24.20      2.60
15      0.00      0.00      3.20      0.00      0.00      0.00     13.00    -99.00      0.00      4.80     74.00      0.40
16      0.20      0.00      0.00      0.00      0.00      0.60      0.00    -99.00      0.80      0.20      1.60     32.60
17      8.00      0.00      0.00      0.00      0.00     21.00     12.80      0.00      0.20      4.20      0.20     14.80
18      4.00      1.00      0.00      0.20      0.00      0.00      2.60     51.40      0.00     38.80      8.00      3.00
19      1.80      3.00      0.00      0.00      3.80      0.00      4.00      3.60      0.00      2.20      2.80      8.20
20     11.20      1.60      0.60      0.00      1.00      0.00    -99.00      3.20     38.00      0.20      0.60      2.00
21      1.60      0.00      5.60      0.00      0.00      0.00      0.00     11.60      0.00      0.40      2.20     31.20
22      1.80      0.00      8.20      0.00      0.00      0.00      0.20      0.00     38.40     11.80      0.00     13.00
23      0.20      0.20      0.80      0.00     14.40      0.00      5.20      0.20      0.20     13.80      0.40      0.80
24      0.20      0.00      0.20      0.00      0.00      0.20      0.00      0.00     69.00     14.00      0.20      7.20
25      0.20      0.00      0.00      0.00      0.00      0.00      0.00      0.00      0.00     47.80      1.00      9.20
26      0.00      0.40      0.00      0.00      0.00      0.00      1.00      0.00      0.00     14.00      0.20      5.20
27      0.00      0.00      0.00      0.00      0.00      0.00     15.40      0.00      0.00      2.40      0.00      3.00
28      0.00      0.00      0.00      0.60      0.00      9.80     87.80     48.80      0.00      8.40      0.00     36.40
29      0.00    -99.00      0.00      7.00     14.40     23.60     18.60      0.20      2.20      1.60      0.00      5.00
30      0.00    -99.00      0.00     15.00      4.20      0.00     14.60      0.20      2.20      0.40     36.80      0.00
31      0.00    -99.00      0.00    -99.00      0.00    -99.00      0.60      7.80    -99.00      4.00    -99.00      0.00
2015
01      1.20      0.80      0.00      0.00      4.00      0.00      0.00      3.60      0.00      0.00     84.60      0.00
02      7.20      1.60      0.00      0.00      1.00      4.20      0.00     43.00     12.60      7.00    174.40      0.00
03      1.00      2.40      0.00      0.00      0.00      0.20      0.00     50.20    -99.00      1.00      7.80      0.00
04      0.00      1.40      0.00      0.00      0.00      0.00      0.00      2.60     33.40     13.60    189.80      0.40
05      0.00      0.20      0.00      0.00     10.80      0.00     13.20      3.60      0.20     41.40     79.60      1.80
06      0.00     11.20      0.00      0.00      0.00      0.00    102.80      0.00    -99.00     14.60      7.00     21.20
07     17.20      0.00      0.00      0.00      0.00      2.40      1.80      7.60    -99.00      5.20      0.40     21.00
08      7.80      1.20      0.00      0.00      0.00     26.80      4.40      0.00    -99.00      5.20      0.20      7.40
09      1.00      3.40      0.40      0.00      2.20      6.40      1.00      0.00     10.40      1.40      0.40      5.20
10     13.60      0.00      0.00      0.20      3.20      4.40      0.20      0.00    -99.00     57.20      0.00      0.20
11      3.40      0.00      0.00      4.00      0.40     24.60      0.20      4.40    -99.00     96.80      0.00      0.00
12     14.00      0.00      1.20     58.00      0.00      0.00      0.00     23.40     14.80    133.60      0.00      0.20
13      4.00      0.00      0.00      1.40      0.60      0.00      1.80      2.00    300.80     22.60      0.00      0.00
14      0.00      0.00      0.00      0.00     36.40      0.00      2.80      0.20     24.20     57.80      0.80      0.00
15      0.40      0.00      0.00      0.00      5.20      2.80      0.60      0.00    -99.00     98.00      0.00      0.00
16      0.00      0.00      0.00      0.00     33.80      0.00      0.00      0.00     23.00      0.00      0.00     63.40
17      3.80      0.00      0.00      0.20      2.20      0.00      0.60      0.00      0.00      0.00      0.00     23.60
18     12.20      0.60      0.00      0.40     46.00     17.20      0.20      0.20      0.00      0.00      0.00      2.80
19      1.20      0.00      0.00      0.00     37.20      0.00      3.40     10.60      0.00      0.20      0.00      2.80
20      0.00      2.00      0.00      0.00      0.00      4.20      0.80      0.00      0.00      0.20      2.80      5.40
21      0.00      0.40      0.00      1.80      0.00      5.20      0.00      0.00     12.20      0.00      3.80     11.80
22      0.00      1.80      0.00     19.80     39.00      1.40      0.00      0.00      0.00      0.00      0.20      3.20
23      0.20      0.60      0.00     28.40      0.00      5.40      0.00      0.00     24.40      0.00      7.60      0.00
24      0.00      0.20     14.40      1.00      0.00      0.80      0.00      9.40     19.40      0.00      0.00      0.20
25      0.00      0.00     22.20      1.00      5.40      0.00      0.00     28.00      0.00      0.20     27.40      0.00
26      0.20      1.60      1.80      2.80      0.00      0.00      0.00     16.80      0.00      3.20     57.20      0.40
27      0.00      0.00     29.20      0.00      0.00      0.00      1.40     76.40      0.00      0.00      4.40      0.60
28      0.00      0.00      1.20      0.00      0.00      0.00      8.20    -99.00      0.00      0.00     12.60      1.40
29      0.00    -99.00      0.60      0.00      0.00      0.00      3.80      0.00      0.00      0.00      3.40      5.00
30      0.00    -99.00      0.00      1.20     11.40      0.00     12.00    -99.00      0.00      0.00      0.00      5.20
31      0.00    -99.00      0.00    -99.00     12.20    -99.00      7.40      0.00    -99.00     29.20    -99.00      8.00
2016
01      4.80      4.80      0.00      0.00      1.80     25.60      0.00      0.00      1.80      1.00    400.60     39.20
02      0.60      8.40      1.40      0.00      0.00      3.20      0.00      0.00      0.00      0.00    198.40     44.60
03      1.00      0.80      0.00      2.60      0.20      1.60      0.20     21.40      0.00      0.40     23.40    216.60
04      0.00      3.00      0.20     18.20      0.00      3.40      4.80      4.00      0.00      9.80      5.60     36.40
05      0.00     10.80      0.00      0.00      1.00      8.40      2.20      2.80     14.40     52.60      0.20      6.20
06      0.20      8.20      0.00      0.00      0.20     37.20     86.00      6.00     31.20      2.20      1.20     18.00
07     12.80      5.20      0.00      0.20      0.00     24.40      4.40      2.80     30.60      6.60      5.00     38.00
08      0.00      0.20      0.00      0.00     10.20      0.00     52.80      0.20      0.80     26.40      5.80     13.20
09      0.00      0.00      0.00      0.00      0.20      0.00      0.00      0.00     13.00     35.00     11.80      0.20
10      0.00      0.00      0.40      0.00      0.00      0.00      0.00      0.00      0.00      0.40     13.00      0.40
11      2.00      0.20      0.80      0.00      0.00      0.00      0.00      0.40      9.00      6.00     12.60     10.40
12      4.20      0.00      0.00      0.00      0.00      0.00      0.00      0.00    339.80      5.40      1.80      3.00
13      2.20      0.00      0.20      2.00     20.60      0.00      2.60      0.00     92.00     98.20      0.00     52.20
14      0.00      0.00      0.80      0.20      0.00     62.00      0.00      0.00      2.00     27.40      0.00    207.80
15      0.40      1.20      0.00      0.00      0.00      6.20      1.20      0.00     17.00     19.00      0.00     70.40
16      3.40      1.60      0.00      0.00     11.60      0.00     23.40      0.00      0.20     25.80      0.00     17.20
17      7.40      0.60      0.00      0.00      0.20      7.20     39.40      0.00      2.20     11.20    173.80      4.20
18      1.60      0.00      0.00      0.20      1.20      1.20      0.00      5.40      6.20      0.60     19.00      3.60
19      0.20      0.20      0.00      0.00     12.40      0.00      0.40      2.40      0.00      0.00      7.20      1.80
20      0.20     15.00      0.00      0.00      0.00      3.20      0.40      0.00     16.00      0.00      3.80      2.80
21      0.00      0.40      0.00      0.00      0.00      1.00      5.00      0.20     59.20      0.00      0.60      0.00
22      0.00      0.00      0.00      0.00      0.00      1.20      1.00     21.00     31.60      0.00     25.00      6.80
23      7.00      1.00      0.00      0.00     88.60      7.40      0.00      9.80     28.40      1.20      0.00     16.00
24     21.20     14.00      1.80      0.00      7.20      1.20      0.00     38.20      0.40      0.00     55.40     13.80
25     15.80      6.20     10.20      0.00     18.00     15.20      0.00     11.60      2.40      0.00     27.80      0.00
26      1.40     14.20      1.60      0.00     23.60     38.20      0.00     11.20      4.00      2.00     27.60      0.00
27      0.80      2.60      3.80      0.00      0.20     13.80      6.20     26.20      0.00      0.00      7.20     38.60
28      0.00      0.80      0.00      0.00     23.20     30.20     23.60     21.40      0.00      0.20      3.00     30.40
29      0.00      8.60      0.00     35.20      0.00     12.40      0.00     24.80      0.00      0.00     17.20     13.80
30      2.40    -99.00      0.00      0.20      7.00      0.60      0.00     21.80     59.60     14.80     52.80     12.60
31      0.00    -99.00      0.20    -99.00     14.80    -99.00      0.00      0.00    -99.00     38.60    -99.00     64.00
2017
01     12.60     30.00      0.00      1.00      0.40      0.00     20.40      0.00     11.20      0.00    135.20      6.40
02      7.40     21.60      2.00      2.20      1.00      0.00      0.00      0.00      0.00     19.00      0.00     14.40
03      8.80     11.40      0.00      0.20    -99.00      0.00      0.00      0.00     43.00      5.40     21.00     17.40
04      2.00      0.00      0.40    -99.00      0.00      0.00      7.40      0.00      6.80      1.80    406.60      4.40
05      1.00      0.00      0.40     30.20      0.00      0.00     15.00      0.00      0.20      2.00    396.00     21.80
06      0.00      0.00      0.00      0.60    -99.00      2.80      0.20      4.60      0.00      0.20     82.60      0.40
07      0.00      0.20      0.00    -99.00      0.00     50.80      0.00      0.00     11.00      0.40     72.80      0.00
08      0.00      0.20      3.60      0.00    -99.00     13.60      1.80      1.40      0.00      7.80     61.60      4.40
09      0.00      4.20      0.00      7.20     34.40     16.20     10.80     39.40      1.60     76.60     30.80      0.80
10      0.00      4.50      0.00    -99.00      5.00     13.80     69.40      0.00      0.00      0.40      3.60      0.00
11      0.00     21.80      0.00     38.40    -99.00      0.00     66.00      0.00      0.00      0.20      7.40      0.00
12      0.00      2.00      0.00    -99.00      6.20      0.00      3.80      0.20      0.00      8.60      0.00      0.60
13      0.60      0.20      0.00     17.80     37.40     16.80     14.60      2.80     19.20      0.00      0.00      0.00
14      3.00      0.60      0.00      0.00      4.60     15.20      0.00     23.40    122.00      0.20     78.20      0.00
15     18.80      0.40      0.00    -99.00     29.00      1.20     52.40      5.60     48.20      4.40     43.20      0.60
16     11.20      0.20      0.00      0.00      0.80      0.20     44.20      0.00      2.20      0.00      3.40     62.40
17      3.00      0.20      0.00      1.20      6.20      0.00     54.00      0.00      0.00      8.20      0.00     13.80
18      0.00      0.00      0.00     16.40     13.40      0.00     28.00     14.20      0.00     20.60      0.00     11.80
19      0.00      0.00      0.00    -99.00      7.20      0.00      0.60      2.00      0.00     25.60     36.20      0.00
20      0.60      0.00      0.00     28.00     11.80      0.00      7.80      0.00      0.00      5.80     98.40      0.00
21      2.60      0.20      0.00    -99.00      0.00      0.00     17.60      0.00      0.00      2.00      8.60     13.20
22     25.40      0.00      0.00    -99.00      2.20      1.60     20.40      0.00      5.00      1.60     64.20      0.00
23      2.20      0.00      0.00    -99.00      5.60      0.20      0.40      0.00      2.60      3.40     90.20      0.00
24      8.40      2.80      0.00      8.60      8.20     47.20      0.00     12.40      0.80      4.20     34.80      0.00
25     43.80      2.20      0.00     41.60     76.60      2.40     47.80      1.20     21.40      2.00     10.40     22.20
26      1.20      4.40      0.00    -99.00      7.20     30.60      1.60     56.00      0.00      1.20     14.00      8.20
27      0.20      1.60      0.00     10.80     13.60      0.00      8.60     18.00      0.00      2.40      4.00     25.40
28      0.20      0.00      0.00    -99.00      3.40     11.60      4.80     10.80      0.40      0.00     11.20      3.60
29      0.00    -99.00      0.00      8.40     11.60     39.00      0.00      7.20     11.40      3.40     12.40      0.00
30      0.40    -99.00      0.00    -99.00     18.20      0.60      0.00      2.40      2.00    100.60      1.20      0.00
31      1.00    -99.00      0.00    -99.00      0.20    -99.00      0.00     14.40    -99.00     92.20    -99.00      0.00
2018
01      0.00      3.00      0.00      0.00      0.00      0.00      0.00      0.00      0.00      0.00      0.00      0.80
02      0.40      0.00      0.00      0.00      0.00      0.60      0.00      0.00      0.00      0.00      0.00      0.00
03      0.00     12.20      0.00      0.00      3.20     37.60      0.00      0.00      0.00      0.00      0.00      0.20
04      0.00      0.60      0.00      0.00      2.80     53.00      0.00      0.00      0.00      0.00      0.00      2.40
05      0.00      4.60      0.00      0.00      0.40      4.40      0.00      0.00      0.00      0.00      1.40      0.20
06      0.00      7.00      0.00      0.00      4.20      0.20      0.00      0.00      0.00      0.00      6.00      0.00
07      9.60      0.00      0.00     58.40      0.00      0.40      1.40      0.00      0.00      0.00     15.00      3.40
08     21.20      1.80      4.20     40.60      0.00      0.00      0.00      0.00      0.00      0.00      4.40     11.80
09     11.80      0.00      4.00      0.60     15.40      0.00     56.00      0.00      0.00      0.00      8.60     41.60
10      0.00      0.20      0.60      0.00      0.20      0.00     23.20      0.00      0.00      0.00      2.60     68.40
11     26.20      4.40      0.00      0.00     13.80      0.00      3.00      0.00      0.00      0.00      0.80     33.00
12      0.00      5.60      0.00      0.00      0.00      0.20      0.80      0.00      0.00      0.00      0.20    109.80
13      0.00      3.20      0.00      0.00      0.40      0.00      3.00      0.00      0.00      0.00      0.00     13.80
14      0.00      0.00      6.20      0.00      0.00      0.00     19.00      0.00      0.00      0.00      0.00     12.60
15      0.00      0.20     27.20      0.00      2.00      0.00      2.80      0.00      0.00      0.00      0.00     18.20
16     23.60      0.00      0.20      0.80     11.40      0.00      4.20      0.00      0.00      0.00      0.00     24.20
17      0.00      0.00      0.00      7.20      0.00     28.60      0.80      0.00      0.00      0.00      0.00     17.80
18      0.00      0.00      0.00      0.60      4.80      0.00     36.80      0.00      0.00      0.00      0.00      3.00
19      0.00      0.00      4.00     11.20      0.00      0.00      2.60      0.00      0.00      0.60      0.00      0.00
20      0.00      0.00      3.40      0.40      0.00      0.00      0.00      0.00      0.00      1.80      0.00      0.20
21      1.00      0.00      8.00      4.00      0.00      0.00      1.20      0.00      0.00      0.00      0.00      0.00
22      0.20      0.00      2.60      0.00      0.00      0.00      8.20      0.00      0.00      3.60     15.00      0.00
23      0.20      4.60      0.00      3.00      0.00      1.20      0.00      0.00      0.00      0.20     10.00      0.00
24      0.60      0.00      0.00      0.00      0.00      9.20      0.00      0.00      0.00      2.60     12.80     12.00
25      0.00      0.40      0.00      1.20     25.40      7.20      0.40      0.00      0.00      0.00     27.00      0.40
26      0.00      0.00      0.00     26.00      1.80      4.00      1.00      0.00      0.00      0.00      6.60      0.00
27      0.00      0.40      0.00      0.80      0.40      1.40      4.00      0.00      0.00      0.00      7.00     42.00
28      0.00      0.00      0.00      0.60      0.00      0.00      2.80      0.00      0.00      1.60     19.00      4.20
29      0.00    -99.00      0.00     21.60      7.20     18.00      0.60      0.00      0.00      0.20     29.20     64.80
30      0.00    -99.00      0.00     11.00      2.00      0.00      0.60      0.00      0.00      0.00      4.20     45.80
31      6.00    -99.00    -99.00    -99.00      0.00    -99.00      0.20      0.00    -99.00      0.20    -99.00     17.80
