ThachHan            
   107.18400       16.752001              10
2011
01      0.00      0.80      0.20      0.00      0.00      0.00      0.00      3.60      0.00    103.20      8.20      8.80
02      0.00      1.00      3.20      0.00      0.00      0.00      3.80      0.40      0.00      7.20      2.00      1.80
03      0.00      0.00      3.20      0.00      0.00      0.00      0.00      0.00      0.00     48.40      2.60      5.20
04     46.80      0.00     18.80      0.00      0.00      1.60      0.00      0.00     44.20     43.00     21.60      0.20
05      1.40      0.00      0.40      0.00      0.00      0.00      0.00      0.00     26.00      0.20      8.20      8.60
06     14.60      0.20      0.00      0.00      1.80      0.80      0.00      0.00      0.20      0.00     36.20      7.40
07     56.20      0.20      1.80      0.00      3.40      0.00      0.00      0.00      0.00      0.00     90.20      6.80
08      4.00      0.00      1.60      0.00      7.60      0.00      0.00      0.00     26.00      8.00     68.80      9.80
09     18.60      0.20      1.60      0.00      0.00      0.00      2.00      0.00      1.80    159.40     12.60     40.00
10     15.40      0.00      4.60      0.00      0.00      0.00      2.80      0.00     75.20      4.60      3.40     42.00
11      3.20      0.00      0.20      0.00      0.00      0.00      0.00      0.00      4.60     21.60      0.00     15.00
12      0.80      0.00      0.40      0.00      2.20      3.40      0.00      0.20    120.40     24.80      0.00      0.00
13      0.20      6.20      0.00      0.00      0.40      0.00      0.00      0.00      0.80    102.80      0.00      0.00
14      0.00      4.00      0.00      0.20      1.80      0.00      0.00      0.00      0.20      9.00     11.80      0.00
15      3.40      0.40      0.20      0.00      0.00      0.00      6.80      0.20      0.00     19.60      7.60     52.20
16      2.00      0.00     26.00      0.00      8.20      0.00      0.00     16.20      0.00    472.60      1.60     64.80
17      1.00      0.60     23.00      0.00     21.20      0.00      0.00      1.60      0.00     83.40      0.00     18.40
18      1.80      1.20      0.60     25.60      0.00      0.00      0.00      0.20      0.20     36.80      0.00     18.80
19      6.00      2.00      0.00      4.60      5.60      0.00      0.00     38.00      0.60     20.20      0.20      0.00
20      3.80      1.40      0.00      1.20      0.00      0.00      0.00      0.40     44.00      0.20      8.60      2.80
21     14.40      0.40      0.00      1.80      0.00      0.00      0.00      0.00     44.40      0.00     16.80      1.80
22      1.00      0.60      8.80      0.00      0.00      0.00      0.00      0.00    131.00      0.20      4.60     18.00
23      3.80      0.60     15.20      0.00     25.20      0.00      0.00      0.00     76.80      0.00      0.00     18.00
24      6.20      0.00     21.00      6.00      0.40      1.00      0.00      0.80     30.40     25.80      1.40     41.40
25      1.00      0.00     32.60      1.00      0.60      0.40      0.00      0.60     45.60     14.00     10.80      4.40
26     11.20      0.00     14.80      0.00      0.00      0.00      0.00      0.40     73.20      8.80     64.60      0.40
27      6.60      0.20     16.00      0.00      0.00      0.00      0.00      0.20    123.00      3.00     60.20      3.20
28     24.00      0.00      6.60      0.20      0.00      0.00      0.00      0.00      0.80      0.00      0.00      0.80
29     24.40    -99.00     10.20      0.00      0.00      0.80      0.00      0.00      0.60      1.00      0.20      0.80
30     15.60    -99.00      8.60      0.20      0.00      0.60      2.20      0.20      7.80     13.40      3.80     13.60
31      7.40    -99.00      4.20    -99.00      0.00    -99.00      1.80      0.00    -99.00     10.80    -99.00     11.00
2012
01     11.00      0.00      1.20      2.40      0.00      7.40      8.60      2.40      0.00     96.20     20.80      0.00
02      0.00      0.40      0.40      0.00      0.00      2.60      0.20      0.00      1.60      0.40      1.20      0.60
03      0.00      0.80      0.40      0.40      0.00     12.60      4.60      0.00     10.00      0.00      0.20      0.00
04      0.00      0.00      0.00      1.60      0.00      0.00      1.20      0.00     98.20      0.20      0.00      0.00
05      0.00      0.00      0.00     63.00      0.00      0.00      1.40      0.00     27.20      0.00     79.00     12.40
06      0.00      0.20      0.00      0.20      0.00      0.00      0.00      0.00     14.80     32.40     10.00      0.60
07      0.00      1.00      0.00     11.80      0.00      1.40      5.20      0.20      1.40    144.40      0.80      1.00
08      0.00      1.80      0.00      0.00      0.00      4.60      7.20      0.20      0.00     42.80      0.00      0.00
09      0.00      0.40      3.60      0.00      0.60      0.20      2.60      0.00      0.00      0.40      0.00      2.40
10      0.00      1.00      7.60      0.80      0.00      0.00      0.20      0.00     10.60     13.20      0.00      0.20
11      0.00      0.00      6.00      0.20      0.00      0.00      0.00      0.00      1.80      4.00     32.20      0.20
12      0.00      0.00      3.20      0.00      8.00      0.00      0.00      0.00      4.00      0.20     27.20     26.60
13      0.00      0.00      1.60      0.00      0.00      0.00      0.00      0.00      9.00      0.00     14.60      0.60
14      0.00      0.00      0.20      0.00      0.00      0.00      0.00      1.40     69.80      0.00      0.20      0.00
15      0.00      0.00      0.00      0.00      1.40      6.00      0.00      0.00     42.80      0.00     21.80      0.00
16      0.00      1.20      0.00      0.00      2.40     15.20      0.00      0.00     22.40      0.00     16.80      0.00
17      0.00     13.40      0.20      0.00      0.00      0.00      0.00      0.40      8.80      0.00     99.40      0.00
18      0.00     38.60      0.40      0.00     16.60      1.80      0.00      0.20      0.40      0.00      3.60      0.00
19      0.00     26.60      0.20      0.00      0.00      0.00      0.00      0.00      0.00      0.00      4.80     54.00
20      0.00      3.20      0.20      0.00      0.00      0.00      0.00      0.00      0.00      0.20      4.40      0.00
21      0.00      0.00      0.00     21.80      0.00      0.00      0.00      0.00      0.00      0.00      0.00      1.60
22      0.00      0.20      0.00      0.00      1.60      0.60      0.00      6.40      0.00      0.00      0.00      9.60
23      0.00      0.00      1.20      0.00      0.00      1.60      2.00     17.00      0.00      0.00      0.00    139.20
24      0.00      0.00      4.40      0.00      0.00      0.00      0.00     52.60      0.00      0.40      0.00     42.00
25      0.00      1.00      0.80      0.00      0.00      0.00      0.00     11.00     11.60      0.00      0.00      0.60
26      0.00      3.80      0.00      0.00      9.60      0.00      0.20      0.00     82.40     14.40      0.00      0.00
27      0.00      1.40      0.20      0.00      7.20      0.00      0.00      0.00     32.40     64.80     13.00      0.00
28      0.00      0.20      0.00      0.00      6.60      0.00      0.00      9.00      8.20     12.20      0.00      0.00
29      0.00      0.20      0.00      0.00     10.80      0.00      0.00      0.00      8.80      0.00      0.00      0.00
30      0.00    -99.00      0.00      0.00     72.80      1.40      0.00      0.00      0.00      8.20      0.00      0.00
31      0.00    -99.00      1.40    -99.00     19.00    -99.00      2.20      0.00    -99.00     17.20    -99.00      0.00
2013
01      0.20      0.00      0.00    -99.00      6.20      0.00      2.60    -99.00      0.20      0.00      0.00     21.60
02      0.00      0.00      0.00    -99.00      0.60      0.00      0.00      7.20      0.40     67.00      0.00      0.00
03      0.40      0.00     57.80    -99.00      0.00      0.00      0.00      3.40      0.00     10.80      0.00      0.00
04      6.00      0.00     22.20    -99.00      3.00      2.60      0.00      0.00      0.00     17.20      2.40      9.00
05      0.00      0.20      0.40    -99.00      0.20      0.00      0.00      0.00      0.00      0.00     65.20      0.00
06     12.00      0.00      0.00    -99.00      0.00      0.00      0.00      0.00      2.60     12.20      4.80      0.40
07      6.00      0.00      0.00    -99.00     14.60      0.00      5.20     17.40     16.80      1.80      4.40      0.00
08      0.60      1.00      0.00    -99.00      0.00      0.00      0.00      4.40      1.40      0.00      0.00      0.00
09      5.80      0.60      0.00    -99.00     10.20      0.00      3.20      1.00     18.80      0.00      1.80      0.20
10      0.20      5.40      0.00    -99.00     13.20     10.60      7.20      0.00     73.40      0.20     51.00      0.20
11      0.60      0.00      0.00    -99.00     11.80     39.40      0.20      0.00      4.40     23.20      0.00      0.00
12      2.40      0.00      0.00    -99.00     13.20      0.00      0.00      7.20      0.20      5.00      0.00      0.20
13      0.00      0.00      0.00    -99.00      0.00      0.00     12.60      0.00     37.80      1.00     10.40      2.40
14      0.00      0.00      0.00      0.00      0.00      0.20      0.20      0.00      1.00     26.40     40.00      2.20
15      0.00      0.00      0.00      0.00      0.00      0.00      0.00      0.00      0.40    152.40    260.40     16.00
16      0.00      0.00      0.00      3.20      0.00      0.00      0.00      0.00      2.40      4.60     94.20     16.80
17      0.00      0.00      0.00     13.60      0.00      0.00      0.00      0.00      7.80     21.40      0.00      4.00
18      0.80      0.00      0.00     28.00      0.20      0.00      3.60      0.00    242.60      9.80      0.00      8.40
19      0.40      0.20      0.00      0.00      0.00      0.00      2.00      0.00     14.40     66.40      0.00      0.80
20      0.40      0.00      0.00      0.00      0.00      0.00      1.80      0.00     36.00     14.60      0.00      0.00
21      0.00      0.00      0.00      0.00      0.00      0.00     14.00      0.00     23.80     19.80      0.00      1.20
22      0.00      7.60      0.00      0.20      0.00     13.80      0.40      0.00      0.20     14.60      0.00      2.00
23      0.00      9.60      0.00      1.40      0.00      0.20     10.40      0.00      0.00      3.80      0.00      0.00
24      0.00      4.40      0.00      0.20      9.80      0.00      2.60      0.00      0.00      7.20      0.00      0.00
25      0.80      0.60      0.00      4.40      0.00      1.20      0.00      0.00      0.20      3.40      0.00      0.00
26      0.00      0.00      0.00      3.00      0.00      0.00      0.00      0.00      3.00      2.80      0.00      0.00
27      1.80      0.00      0.00      0.20      0.00      0.00      0.00      0.00     64.80      4.20      0.00      0.00
28      0.20      0.00      0.00      0.00      0.00      0.00      0.00      0.00     18.40      3.20      0.00      0.00
29      0.80    -99.00      0.00      2.40      0.00      0.00      0.00     25.60      1.60      2.80      0.00      0.00
30      0.00    -99.00      0.00      0.20      0.00      0.00      0.00      0.00    124.80      2.40      0.00      0.00
31      0.00    -99.00      0.00    -99.00      0.00    -99.00      0.00      0.80    -99.00      1.20    -99.00      0.00
2014
01      0.00      0.20      0.00    -99.00      6.80      0.00    -99.00      2.80      8.00      3.00      0.40     29.60
02      0.00      0.20      0.00    -99.00      4.40      0.00    -99.00      0.00      9.20      0.00      0.20    114.60
03      0.20      0.00      0.20    -99.00      0.00      0.00    -99.00      0.00      0.20      0.00     79.60     46.60
04      0.00      0.60      0.60    -99.00      2.00      0.00    -99.00      0.00      0.80      0.00     25.00     21.20
05      0.00      0.00      1.80    -99.00      1.60      0.00      0.00      0.00      0.00    102.20      2.40      3.00
06      0.20      0.00      0.20    -99.00      0.60      0.00      0.00      0.00      0.00    127.20      0.20      3.00
07      0.00      0.00      0.20    -99.00      0.60      0.00      0.00      0.00      1.20     54.40      0.00     22.20
08      0.20      0.00      0.00    -99.00     15.60      0.00      0.00      0.00      0.00      4.80      0.00      6.20
09      4.60      0.20      1.20    -99.00      0.00      0.00      0.00      0.00     20.00      0.00      7.40     14.40
10      7.80     10.20      0.60    -99.00      0.00      0.00      0.00      0.00      0.00      0.00      5.00      0.20
11      0.40      5.60      0.00    -99.00      0.00      3.20      7.20      0.00      0.00      0.40      0.00      0.00
12     13.00      0.40      0.20    -99.00      0.00      4.40      0.00      0.00      1.00      0.00     25.80     14.80
13      4.40      8.60      0.00    -99.00      0.20      0.60      0.00      2.40    -99.00     22.00    200.80     41.60
14     10.00      3.00      4.40      0.00      0.00      0.00     18.00    -99.00    -99.00      6.60     27.60      0.80
15      0.20      0.20      3.80      0.00      0.00      0.00      0.00    -99.00    -99.00      3.60     29.80      1.00
16      0.40      0.00      0.80      0.00      9.40      0.00      0.00    -99.00    -99.00      0.00      0.00      3.60
17      0.20      0.00      0.20      0.00      0.00      0.00      2.20      0.00    -99.00      4.40      2.20      5.40
18      1.60      0.60      0.20      0.00      0.00      0.00      0.40      0.40    -99.00     36.80      1.00      2.40
19      0.60      5.60      0.00      0.00      0.00      0.00      0.00      0.80    -99.00      0.20      5.00      2.00
20      2.40      0.00      0.80      0.00      0.00      0.00    -99.00      1.20    -99.00      6.80      5.60      0.00
21      0.00      0.00     18.20      0.00      0.00      0.00      0.00      2.40    -99.00      0.80      0.00      5.60
22      2.20      0.00      7.40      0.00      0.00      0.00      0.60      0.00    -99.00     17.80      0.60      2.60
23      0.00      0.00      1.00      0.00      0.20    -99.00      0.00      0.00    -99.00     25.00      4.20      0.20
24      0.00      0.00      0.00      0.00      0.00    -99.00      0.00      0.00    -99.00     30.40      5.80      4.80
25      0.20      0.00      0.00      0.00      0.00    -99.00      0.00      0.00    -99.00    108.20      0.00      1.60
26      0.00      0.00      0.00      0.00      0.00    -99.00      3.20      4.20    -99.00     14.20      0.20      3.40
27      0.00      0.00      0.00      0.00      0.00    -99.00      0.00      0.00    -99.00      4.20      0.00     18.40
28      0.00      0.00    -99.00      0.00      0.00    -99.00      0.20     30.80    -99.00     16.40      0.00     82.40
29      0.00    -99.00    -99.00      0.00      0.00    -99.00      0.60      0.20    -99.00      0.80      0.00      0.40
30      0.40    -99.00    -99.00      0.00      0.00    -99.00      1.80      6.80    -99.00      0.80     41.20      0.00
31      0.00    -99.00    -99.00    -99.00      0.00    -99.00      0.00     18.40    -99.00     21.00    -99.00      0.40
2015
01      0.00      0.00      0.00      0.00      0.00      0.00      0.00      1.40      4.20     11.80     28.40      0.00
02      5.60      8.00      0.00      0.00      0.00      0.00      0.00      4.20      0.00     23.20      0.40      0.20
03      2.20     11.40      0.20      0.00      0.00      0.00      0.00      2.40     19.40     16.00      6.40      0.00
04      0.00      0.20      0.00      0.00      0.00      0.00      0.00      4.80      0.00      1.60     48.40      1.20
05      0.20     16.40      0.00      0.00      0.00      2.80      1.20      3.60      0.00      1.00     47.00      2.80
06      0.00     43.20      0.00      0.00      0.00      0.00     13.00     19.60      0.00     28.40     10.60     38.40
07      1.80      0.00      0.00      0.00      0.00      0.40     18.00      0.00      0.00      5.80      0.00     15.80
08      0.00      0.00      0.00      0.00      0.00      0.00    -99.00      0.00      0.00      0.00      2.60      5.20
09      3.40      0.00      0.00      0.00      0.00      0.00    -99.00      0.00      0.00      0.20      2.40      0.00
10     10.00      0.00      0.00      0.60      7.00      0.00    -99.00      0.00      0.60      0.60      2.00      0.00
11      1.00      0.00      0.00      5.40      0.00      0.00    -99.00      0.00      7.20     11.00      0.20      0.00
12      1.60      0.00      0.20     15.00      8.80      0.00    -99.00     15.60      0.00     20.00      0.00      0.00
13      1.00      0.00      0.00      5.20      0.00      0.00    -99.00     10.60     41.80    138.80      0.00      0.00
14      0.00      0.00      0.00      0.20      0.00      0.00     34.60     12.80    147.60     86.60      3.80      0.00
15      0.00      0.00      0.00      0.00      0.00      0.00      0.00      0.00    171.20      0.60      0.20     67.00
16      0.00      0.00      0.00      0.00      0.00      0.00      0.00      0.00     12.80      0.20      0.00     74.20
17      0.00      0.00      0.00      0.00      2.20      0.00      0.20      0.00      0.00      0.00      0.00     42.80
18      0.00      0.00      0.00      0.00      0.20      0.00      0.40      0.00      0.00      0.20      0.00      0.80
19      0.00      0.00      0.00      0.00      0.00      0.00      4.60      0.00      0.00      0.00      4.40      6.20
20      0.00      0.00      0.00      0.00      0.00      0.00      2.40      0.00      0.00      0.00      4.40      1.40
21      0.00      0.00      0.00      0.00      0.00      2.60      0.00      0.00     16.20      0.00      5.60      2.80
22      0.00      0.00      0.00      2.00      0.00      5.80      0.00      0.00      0.00      0.00      6.60      5.60
23      0.00      0.00      0.00     13.20      0.00     14.00      0.00      0.00     25.60      0.00      5.80      0.00
24      0.00      0.00      3.80     29.60      0.00      0.40      0.00      0.00      0.00      2.00      3.00      0.00
25      0.00      0.00      0.00     16.40      1.00      0.00      0.00      0.00      0.00      0.00      0.00      0.60
26      0.00      0.00      0.20      1.40      0.00      0.00      2.60     14.20      0.00      0.00     32.00      0.40
27      0.00      0.00     14.00      0.00      0.00      0.00      6.60      0.20      0.00      0.00     51.00      1.00
28      0.00      0.00      2.80      1.20      0.00      0.00      9.20      0.00      0.00      0.00     41.20      9.20
29      0.00    -99.00      0.40      0.00      0.00      0.00      4.60      0.00      0.00      1.00     18.20      6.00
30      0.00    -99.00      0.80      1.20      0.00      0.00     24.60      0.40      0.00      0.20      0.20      3.20
31      0.00    -99.00      0.20    -99.00     34.20    -99.00      2.60      0.00    -99.00     24.40    -99.00      9.00
2016
01      3.60     16.40      0.00      3.40      0.00      2.80      0.20      0.00      0.00      0.20     10.80     59.00
02      4.00     14.80      3.60    -99.00      0.00      6.40      0.00      0.00      0.00     38.20      7.40     58.60
03      2.80      0.20      0.20    -99.00      0.00      0.00      0.00      3.40      0.00      8.80      4.00    163.00
04      0.00      2.20      0.00      0.00      0.00      0.00      0.00     31.40      0.00      2.20     15.00     40.00
05      0.00     11.00      0.00      0.00      0.00      0.00      7.00      4.20      0.00     17.60      0.20     10.60
06      0.00      2.80      0.00      0.00      0.00      0.00      4.20      0.00      0.40      8.60     51.60     16.20
07      0.00      0.20      0.00      0.00      0.00      0.00      0.00      0.00      3.40     12.80     11.80     47.60
08      0.00      0.00      0.00      0.00      0.00      0.00      0.00      0.00      3.60      5.60    115.20     19.20
09      0.00      0.00      0.00      0.00      0.00      0.00      0.00      0.00      0.00     14.60      4.80      0.00
10      0.00      0.00      2.20      0.00      0.00      0.00      0.00      0.00      0.00     14.60     18.80      0.00
11      1.00      0.00      7.20      0.00      0.00      0.00      0.00      0.40      3.40     47.80      3.60     14.40
12      3.60      0.00      0.20      0.00      0.00      0.00      0.00      0.20     62.00      0.00      0.00      5.60
13     10.00      0.20      0.00      0.00     26.60      0.00      0.00      0.40     93.40    123.40      0.20     69.40
14      0.00      0.00      3.00      0.00      0.00      0.00      0.00      9.40      0.40    108.60      0.00     71.00
15      0.20      3.80      0.00      0.00      0.00      0.00      0.00      0.20      0.00     35.20      0.00    173.40
16      2.80      4.60      0.00      0.00      0.00     13.60      0.00      0.00      0.00     37.60      0.00     71.20
17      7.20      1.20      0.00      0.00      0.00      0.20      0.00      0.00      0.00      0.20      6.20     14.60
18      5.40      0.20      0.00      0.00      0.00      0.00      0.40      2.20     38.40      0.20     16.60      4.20
19      0.60      1.40      0.00    -99.00      0.00      0.00     11.00      1.00      0.60      0.00     11.20      7.40
20      0.20      6.80      0.00    -99.00      0.00      0.00      1.80      0.00     48.60      0.00     16.00      5.60
21      0.00      0.00      0.00    -99.00      7.60      0.40     11.80      0.20    172.40      0.00     11.80      1.40
22      0.00      0.00      0.00    -99.00      0.00      0.00      0.00      0.20    159.60      0.00     26.80     15.80
23     11.80      7.20      1.20    -99.00      0.00      0.00      0.00     20.80     75.20      0.00     45.60     22.80
24     51.20     43.60      6.20    -99.00      0.00      6.20      0.00     19.60     24.60      0.00     50.80      8.60
25      7.00     20.80     22.60    -99.00      4.20      0.00      0.00      1.40      9.20      0.00     10.40      0.00
26      0.80      7.80      3.00    -99.00      0.00      0.00      0.00      2.60      0.80     13.20     29.40      0.00
27      0.00      0.80      9.20    -99.00      0.00     16.80      1.20      0.00      0.20      0.00     11.40      8.80
28      0.20      0.00      0.00    -99.00      0.00     50.60      1.80     54.00      0.00      0.00      2.40      9.00
29      0.60      0.00      0.00    -99.00      0.60      3.00      0.20     19.20     11.00     47.20     18.80     16.20
30      4.60    -99.00      0.00    -99.00      0.00      0.40      0.00      0.00     21.40     25.40     31.80     12.40
31      0.40    -99.00      0.20    -99.00      0.20    -99.00      0.00      0.00    -99.00      7.20    -99.00    -99.00
2017
01      6.60     30.40      5.00      0.20      0.00      0.00     13.40      0.00      0.00      0.00     41.80      0.20
02     33.60      4.00      5.60      3.00      0.00      0.00      0.00      0.00      0.00     12.00      7.60     25.80
03      0.00      2.20      0.00      0.00      0.00      0.00      0.00      0.00      0.00     36.60      0.80     45.40
04      0.00      0.20      0.00      0.00      0.00      0.00      0.00      0.00      5.60     18.40     47.80    103.80
05      0.00      0.00      0.00      0.60      0.00      0.60      0.40      0.00     12.00     10.00    155.20     36.80
06      0.00      0.20      0.00      0.00      0.00      0.00      0.20     18.20      0.00      2.80     56.20      0.00
07      0.00      0.00      0.00      0.00      0.00    116.40      0.00      0.00     35.60      0.20    186.00      0.00
08      0.00      0.00      0.00      0.00     17.80      5.20      0.00      0.00      0.00     41.80     91.60     19.00
09      0.00     18.00      0.40      0.00      0.60     43.00      0.00      0.00      0.00    119.80     41.80     12.40
10      0.00      9.00      0.00      0.00      0.00      0.00     13.20      0.00      0.00      0.20     16.00      0.00
11      0.00     11.00      0.00      0.00      0.00      0.00      0.00      0.00      0.00     26.60      3.20      0.60
12      0.00     20.20      0.00      7.40      0.80      1.20     43.00      0.00      0.00     28.20      3.80      0.00
13      0.00      7.20      0.00      6.40      0.80      0.00      1.40      0.00     15.00      0.00      0.00      0.00
14      0.00      0.20      0.40      0.00      0.20      0.00      7.20      0.00    136.20      0.00     28.20      0.00
15      0.00      0.00      0.20      0.00     24.20      0.00     19.00      0.00    111.20      2.60     19.40      3.00
16      0.00      0.00      0.40      0.00      5.80      0.00     45.80      0.00      0.00      0.00    131.40     49.20
17      0.00      0.00      0.00      0.00      6.00      0.00      3.60      0.00      0.00      1.40      0.00     13.60
18      0.00      1.40      2.60      0.00      0.00      0.20      0.00     10.40      0.00      8.60      0.00      0.00
19      0.00      0.20      0.00      0.00     14.00      0.00      1.00      0.80      0.00     43.40     30.20      0.00
20      0.00      0.00      0.20      3.60      0.00      0.00      0.00      0.00      0.00      0.60    310.80      5.40
21      0.00      0.00      6.20      0.00      0.00      0.00      0.00      0.00      0.00      0.00    202.80      2.00
22      0.00      0.00      0.20      1.60      0.20      0.00      2.80      0.00      0.00      0.00     97.20      0.00
23      0.00      0.20      0.00      0.00      0.00      0.00      0.60      0.00      3.20      6.40     66.00      4.20
24      0.00     22.20      0.00     15.80     21.80     39.00     37.60      0.00      1.40     51.80     36.00     16.40
25      0.00      9.20      2.00      0.20     13.00      1.60    180.60      9.00      1.40     20.00      0.80      7.20
26      0.00     14.80     15.80      0.00      4.60      0.00      5.60     36.80      0.00      1.40      5.20     12.00
27      0.00      1.20      8.40      0.40      0.80      0.00     11.20     18.20      0.00      0.00      1.80     15.60
28      0.00      0.20      0.20      4.60      6.40      0.00     24.80      4.40      1.00      0.00     23.00      2.60
29      0.00    -99.00      5.60      0.40      2.40      0.20      0.00      5.80      5.20     15.40     24.20      3.00
30      0.00    -99.00      0.20      0.00     21.60     12.40      0.00      0.00      0.00     32.20     83.60      2.80
31      0.00    -99.00     41.40    -99.00      0.20    -99.00      0.00      0.00    -99.00     21.60    -99.00      2.20
2018
01      0.00      1.20      0.80      0.00    -99.00    -99.00      0.00      0.00      0.00      0.00      0.00      0.20
02      1.80     11.20      0.00      0.00      0.00    -99.00      0.00      0.00      0.00      0.00      0.00      0.20
03     13.80      1.80     12.20      0.00      0.00    -99.00      0.00      0.00      0.00      0.00      0.00      0.00
04      5.00      0.20      0.00      0.00      0.00    -99.00      0.00      0.00      0.00      0.00      0.00      3.80
05      4.20      6.60      0.00      0.00      0.00    -99.00      0.00      0.00      0.00      0.00      1.60      0.20
06      1.20      0.00      0.00      0.00      0.00    -99.00      0.00      0.00      0.00      0.20      8.80      0.00
07      1.80      0.00      0.00     53.60      0.00    -99.00      0.00      0.00      0.00      0.00      9.00     12.00
08      0.20      2.60     21.20     14.40      0.00    -99.00      0.00      0.00      0.00      0.00     27.40    353.20
09      9.20      0.00      3.80      0.00      0.00    -99.00      0.00      0.00      0.00      0.00     41.40    153.40
10      2.20      0.20      0.20      0.00      0.00    -99.00      0.00      0.00      0.00      0.00      4.20    130.20
11      0.80      9.60      0.00      0.00      7.80    -99.00     26.00      0.00      0.00      0.00      0.20     16.00
12      2.00     26.60      0.00      0.00      0.00    -99.00      8.40      0.00      0.00      0.00      0.00    131.60
13      2.20      7.40      0.00      0.00      0.00    -99.00      0.00      0.00      0.00      0.00      0.00     64.80
14      3.60      0.20      6.80      0.00      0.00    -99.00      0.60      0.00      0.00      0.20      0.00     30.60
15      0.20      0.20      1.20      3.00      1.00    -99.00      4.80      0.00      0.00      0.00      0.00     13.60
16      0.00      0.20      0.00     11.40      0.20    -99.00     27.60      0.00      0.00      0.00      0.00     27.80
17      0.00      0.00      0.00      0.80      0.20    -99.00     17.40      0.00      0.00      0.00      0.00     18.00
18      0.20      0.00      0.00      0.00      0.00    -99.00     48.40      0.00      0.00      1.00      0.00      0.20
19      8.40      0.00      0.00      0.00      0.00    -99.00      0.40      0.00      0.00     10.40      0.00      0.00
20      0.80      0.00      3.60      0.00      0.00    -99.00      0.20      0.00      0.00     29.20      0.00      0.00
21      0.00      0.00      0.60      0.00      0.00    -99.00      0.40      0.00      0.00      0.00      0.00      0.00
22      0.00      2.80      0.00      0.00      0.00    -99.00     36.20      0.00      0.00      0.00     61.40      0.00
23      0.80      8.40      0.00      0.00      0.00    -99.00      0.00      0.00      0.00      0.00    106.80      0.20
24      0.40      0.00      0.00      0.00      0.00    -99.00      0.00      0.00      0.00      0.00      4.00      5.20
25      0.00      6.00      0.00      0.00      0.00    -99.00      0.00      0.00      0.00      0.00      9.80      0.00
26      0.20      0.20      0.00      8.00     11.80    -99.00      0.80      0.00      0.00      0.00      1.60      0.00
27      4.80      0.20      0.00      0.00      0.00    -99.00     11.00      0.00      0.00      0.00      3.00      7.20
28      0.00      0.40      0.00     13.00      0.20    -99.00      4.20      0.00      0.00      0.80     21.40      0.00
29     28.40    -99.00      0.00     74.80      0.00    -99.00      2.80      0.00      0.00     12.20    146.60     19.20
30      1.40    -99.00      1.80    -99.00      0.00    -99.00      2.60      0.00      0.00      0.20      7.80     43.20
31     16.20    -99.00      0.00    -99.00      0.00    -99.00      0.20      0.00    -99.00      0.00    -99.00     30.60
