ThangBinh           
   108.35100       15.738000              16
2011
01      0.00      0.20      0.00      0.00      0.40      0.00      5.20      1.20      0.00     87.40      0.00     10.60
02      0.00      0.00      0.00      0.20      0.00      0.00      0.00     42.20      0.00      2.20      0.00      1.00
03      4.40      0.00      4.00      0.00      0.00      0.00      0.00     17.20      0.00     15.40      0.00      0.00
04      0.40      0.00      1.60      0.20      0.60      0.00      0.00      0.00      0.20      3.20      5.80      0.00
05      0.00      0.00      0.00      1.40      7.80      0.00      0.00      0.00     26.00     31.20     21.40      0.00
06      1.80      0.00      0.00      0.00      9.40      0.00      0.00      0.00      0.00      8.60     34.20      4.40
07      0.20      0.00      3.40      0.40      0.00      0.00      0.00      6.60      0.00      3.20     44.00      2.80
08      0.40      0.00      2.80      4.80      0.00      0.00      1.00      0.00      0.00     26.60     53.20     19.80
09      4.80      0.00      0.00      0.80      0.20      0.00      0.00      0.00      2.40     16.20      8.60      2.20
10      0.00      0.00      0.40      0.00      0.40      0.00      0.00      0.00    130.60      0.40      1.60      0.60
11      0.00      5.20      0.00      0.00      0.00      0.00      0.00      0.00     51.20      2.00      0.00      0.00
12      0.20     10.00      0.00      0.20     72.00      0.60      0.00      3.60     18.20     41.60      0.00      0.00
13      0.00      0.80      0.00      0.00     20.60      0.00      0.00      0.00     12.40     58.40      0.00      0.00
14      0.00      6.00      0.00      0.00     11.80      0.00      0.40      0.00      0.00    124.40      1.40      0.20
15      3.20      0.00      0.20      0.00      3.60      0.00      7.60      0.00      9.20    128.80      0.00      2.60
16      0.00      0.00      0.20      0.00     10.40      0.00      0.00     31.40      1.60    174.40      0.00      1.80
17      0.00      0.40      0.60      0.00      4.60      0.00      1.80      7.20      3.00      1.80      0.00      0.20
18      0.00      0.80      1.80      1.80      0.00      0.00      0.20      0.00      0.00      0.00      0.20      3.60
19      0.00      0.60      0.00      0.00      4.00      0.80      2.00      0.20     15.80      1.00      0.20      6.00
20      0.40      0.00      0.00      0.00      7.40      0.00      3.00      0.00      1.60      4.60      0.00      1.00
21      2.00      0.00      0.00      0.00      0.00      0.00      3.00      9.60      0.40      0.20      8.60      3.00
22      0.60      0.20      6.60      0.00      0.00      0.00      0.00      5.40     41.60      0.20     68.00      2.80
23      2.00      0.80      0.40      0.60      0.00      2.60      2.40      0.00      0.20      0.00      3.20      0.80
24      0.60      0.20      0.60      0.00      2.00      3.40      0.00      8.00      1.80      0.00      1.60      2.00
25      0.20      0.00      2.20      0.40      1.00      0.40      0.00      0.00      2.20     34.80      0.00      0.00
26      0.20      0.00      4.80      0.00      0.00      0.00      0.00      3.20     35.20     11.20     12.80      0.00
27      0.00      0.00      2.80     11.80      0.00      2.60      0.00      0.00     87.00     15.60      5.00      0.00
28      3.20      0.00      0.00      0.20      0.00      8.00      0.00      0.00      0.60      8.40      2.40      4.60
29      2.00    -99.00     16.20      7.00      0.00      0.60      0.60     13.80      1.20     20.40      0.60      0.00
30      0.80    -99.00     19.60      0.00      0.00      2.20     34.60     13.20    310.60      1.60      0.60      8.60
31      0.00    -99.00      0.80    -99.00      0.00    -99.00      6.00      0.00    -99.00      9.40    -99.00      0.00
2012
01      0.40      0.00      0.00      0.00      0.00    106.80     17.00      0.00      0.00      0.00      0.00      0.00
02      0.80      0.80      0.00      0.00      0.00      4.80      0.00      0.00      2.40      0.00      0.00      1.20
03      0.00      1.80      1.00      0.00      0.00      5.80     28.80      0.00      3.40      0.00      0.00      0.00
04      1.40      0.00      0.20      0.00      0.00      0.00      4.00      0.00     55.20      0.00      1.20      0.00
05      0.00      0.00      0.00      4.40      0.00      0.00     50.60      0.00    233.60      0.00      1.60      0.40
06      0.20      0.00      0.00      0.00      0.00      0.00      0.20      0.00     66.00      0.40      0.20      0.00
07      0.00      0.00      0.00      5.80      5.60     29.80      0.00      3.20      1.00     76.80      0.40      0.00
08      2.20      0.00      0.40      0.00      0.40      0.80      0.00      0.00      0.00     45.20      0.00      0.00
09      2.60      0.00      0.00      0.00      1.60      5.40      0.00      0.00      0.00      4.40      0.00      0.00
10      2.40      0.00      0.00      0.00      0.00      0.00      0.00      0.00      0.00     19.00      0.00      0.00
11      0.60      0.20      0.20      0.00      1.40      0.00      0.00      0.00      0.00      0.20      2.80      1.00
12      5.40      0.00      0.60      0.00      0.00      0.00      0.00      0.00      0.20      0.00      0.60     11.00
13      0.80      0.00      0.00      0.00      0.00      0.00      0.00      0.00     14.40      0.00      0.60     10.20
14      0.00      0.00      0.00      0.00      0.00      0.00      0.00      0.00     44.40      0.00      0.20      0.00
15      0.00      0.00      0.00      0.00      0.00     14.80      0.00     30.60      1.00      0.00      0.00      0.00
16      0.00      0.40      0.20      0.00      0.20      4.00      0.00     21.80      1.00      0.20      0.00      0.00
17      1.00      0.20      0.00      0.00      0.00      0.00      0.00      0.00      3.00      0.00     22.80      0.00
18      0.00      0.40      0.00      0.00      0.00      0.00      0.00      0.00      0.00      6.20      0.00      1.60
19      0.80      0.60      0.00      0.00      0.00      0.00      0.00      0.00      0.00      3.40      1.20      2.60
20      0.20      0.00      0.00      0.00      0.00      0.00      1.80      0.00      0.00      3.40      0.20      0.00
21      0.00      0.00      0.00     61.60      0.00      0.00      0.00      0.00      0.00      0.20      0.00      0.00
22      3.20      0.00      0.00      0.00      0.20      0.00      0.00     19.80      0.00      0.80      0.00     24.80
23      0.20      0.00      5.60      0.00      0.80      0.20      5.60      8.00      0.00      3.60     65.20     10.00
24      0.00      0.00      0.20      0.00      0.00      0.00      0.00      0.00      0.00      4.00     62.60      0.00
25      1.40      0.00      0.00      0.00      0.00      0.00      0.60     17.80      2.60      0.00      0.00      0.00
26      0.00      0.00      0.00      0.00     11.80      0.00      0.00      0.00     68.20      1.20     25.80      0.60
27      0.00      0.00      0.00      3.40      3.40      0.00      0.00      0.00      3.40     69.20      0.20      4.60
28      0.00      5.80      0.00      0.00      6.40      0.00      0.00     34.20      0.60     18.60      0.00      2.20
29      1.00      0.00      0.00      0.00      0.80      0.00      1.80      0.20      8.80      0.00      0.00      3.60
30      1.40    -99.00      0.00      0.00     17.40      0.00      0.20      0.00      2.00     10.20      0.00      7.40
31      0.20    -99.00     16.60    -99.00      1.60    -99.00      7.00      0.00    -99.00      7.00    -99.00      0.20
2013
01      0.00      1.00      0.00      0.00     20.40      0.00      0.00      0.00      0.00      3.80      0.00      0.00
02      0.00      0.00      0.60      0.00      8.40      0.00      0.00      2.80      0.00     27.20      0.00      0.00
03      0.00      0.00      2.80      0.00      1.00      1.80      4.60      1.80      0.00     41.40      0.00      0.00
04      0.00      1.00      0.60      0.60      4.60     15.40      0.20      0.00      0.00      0.00      0.40      0.00
05      0.00      0.00      0.00      0.00      0.00      0.00      0.00      0.00      1.80      0.20     16.80      0.00
06      0.20      0.00      0.00      0.20      6.20      0.00      0.00      0.00      3.20      0.00      4.20      6.80
07      0.60      0.00      0.20      0.00      6.80      0.00      0.00     64.20     12.00      0.20     15.60      0.20
08      0.20      0.60      0.00      0.00      0.00      0.00      0.00      0.00     10.40      0.00      0.00      0.00
09      0.00      2.00      0.00      0.00      0.60      0.00      0.00      1.40      1.20      0.00      2.00      0.00
10      0.00      0.60      0.00      0.20      0.20     16.00      0.00      0.00     10.00      1.40     28.40      0.00
11      0.00      0.00     22.60      1.00     21.80      0.20      0.00      0.20     17.40     19.20      0.20      0.00
12      0.00      0.00     14.80      0.60      0.00      0.00      0.00     13.00      9.80      0.80      6.80      2.20
13      0.00      0.40      0.00      0.00      0.00      0.00      0.60      0.00      3.60      0.00     13.60      5.20
14      0.00      0.00      0.00      0.00      0.00      0.00      0.00      0.00      0.00     17.60     13.20      0.40
15      0.00      1.80      0.00      0.00      0.00      0.00      0.00      0.00      0.00    139.00      7.00      7.00
16      0.00      8.80      0.00      6.60      0.00      0.00      0.00      0.00     16.60    308.60     10.00     30.60
17      1.60      0.00      0.00     12.20      0.00      0.00     16.00      0.00      8.00      1.00      0.80      3.40
18     28.20      0.00     12.00      0.20      0.00      0.00      6.40      0.00    118.60     30.60      5.60      0.40
19     10.80      0.00      0.00      0.00      0.00      0.00     14.40      0.60    183.20      8.60     20.20      0.00
20      0.00      0.20      0.00      0.00      0.00      0.00      5.60     11.60    105.40      4.60      0.20      0.00
21      0.00      0.60      0.00      0.00      1.20      0.00      3.40      7.40      2.40      3.40      3.00      0.00
22      0.20     11.20      1.80      0.00     23.00     38.60      6.60      0.00      0.00      9.00      6.60      0.00
23      0.00      4.00      0.00      2.80      0.60     29.20     35.00      0.00      0.00      0.40      6.20      0.00
24      0.00      4.20      0.00      0.00      0.00      0.00      8.00      0.00      0.00      5.20      2.00      0.00
25      0.20      1.00      0.00     10.40      0.00      5.60      4.40      0.00      0.00      0.40     14.20      0.00
26      0.20      0.00      0.00      0.00      0.00      0.20      0.00     22.60     44.20      0.40      0.20      0.00
27      3.00      0.80      0.00      0.00      0.00      0.00     10.00      0.00     46.80      0.00      1.20      0.00
28      3.40      0.00      0.00      0.00      0.00      0.00      0.80      0.20     14.80      0.00      8.00      0.00
29      1.00    -99.00      2.60      0.00      0.00      0.00      2.00      0.00      1.40      0.00      0.00      0.00
30      0.00    -99.00      0.20      0.00      0.00      0.00      0.00      0.00    135.40      0.20      0.00      0.00
31      0.40    -99.00     22.60    -99.00      0.00    -99.00      0.00      0.20    -99.00      0.00    -99.00      0.00
2014
01      0.00      0.00      0.00      0.00      1.40      0.00      0.00      7.00     24.40      0.00      1.80     34.00
02      0.00      0.20      0.00      0.00      0.00      0.00      0.20      4.40     24.20      0.00     25.00     23.40
03      0.20      0.00      0.60      0.20      0.00      0.00      0.20      1.20      0.20      0.00     12.60      8.40
04      0.00      0.00      0.00     13.80      0.00      0.00      0.00      0.20     27.60      0.00      1.20     26.20
05      0.00      0.00      0.00      0.20      0.00      0.00      0.00      0.00      5.20    178.80      0.00      0.20
06      0.20      0.00      3.00      0.00      0.00      0.00      0.00      0.20      0.00    167.00      0.00      0.00
07      0.20      0.00      0.60      0.80      1.00      0.00      0.00      0.00      0.20      0.20      0.00      0.00
08      0.20      0.00      0.60      0.20      0.60      0.00      0.00      0.00      0.00      1.40      0.40      0.00
09      1.40      2.00      0.20      2.20      0.60      0.00      0.00      0.20      0.00      0.20      0.00      0.00
10      4.00      4.80      0.00      0.00      0.00      0.00      0.00      0.00     16.00      0.00      0.00    121.20
11      5.60      0.60      0.00      0.00      0.00      0.00      0.00      0.00      3.40      0.00      0.00    276.80
12      1.20      0.00      0.00      0.00      0.20      0.40      0.00      0.00      9.80      0.40     27.80      3.40
13      3.40      0.00      0.20      0.00      0.20      0.20      0.00      0.00      0.00     28.80      1.40      0.00
14      0.00      0.20      1.00      0.00      0.00      0.20      0.20    -99.00      0.00      1.20      0.00      0.00
15      0.20      0.00      0.00      0.00      0.00      0.20      0.00    -99.00      0.00      1.20      0.00      0.00
16      0.00      0.00      0.80      0.00      0.00      0.00      0.00    -99.00     39.20      0.00     16.00      5.20
17      0.00      0.00      0.20      0.00      0.00      0.20      0.40      0.00      9.40     14.00     11.20      0.00
18      0.00      5.20      0.20      0.00      0.00      0.00      0.00      0.00      0.00      2.80      3.40      0.00
19      1.40      2.40      0.00      0.00      0.00      0.00      0.00      0.00      0.00      0.80      0.80      0.00
20      7.80      0.00      3.60      0.00      0.00      0.00    -99.00      0.20     12.60      0.00      0.00      0.00
21      0.20      0.00     11.40      0.00      0.00      0.00      0.20      0.00      0.00      0.00      0.00      0.60
22      0.00      0.00      1.80      0.00      0.00      0.00      0.00      0.00      8.80      5.20      0.00      0.00
23      0.00      0.00      4.80      0.00      0.00      0.00      0.00      0.00      0.80     30.40      0.00      0.00
24      0.00      0.00      0.40      0.00      0.00      0.00      0.00      0.00      0.40     23.80      2.40      2.40
25      0.40      0.00      0.00      0.00      0.00      0.00      0.00      0.00      0.00     16.00      0.80      0.00
26      0.00      1.20      0.00      1.00      0.00      0.00      0.00     50.80      0.00     11.80      0.20      5.00
27      0.00      0.80      0.00      9.80      0.00      0.00      0.20      1.40      0.00      6.60      0.00     11.80
28      0.20      0.00      0.00      0.20      0.00      0.00      0.00      1.20      0.00     27.80      0.00      0.80
29      1.60    -99.00      0.00      1.60      0.00      0.40      0.40     10.60      0.20      2.40      0.00      0.00
30      0.00    -99.00      0.00      2.80      0.00      0.20      1.00      4.00      0.00      0.20     13.20      0.20
31      0.20    -99.00      0.00    -99.00      0.00    -99.00      4.80      7.00    -99.00      4.00    -99.00      0.80
2015
01      0.20      6.00      4.40      0.00      0.00      3.40      0.00     16.00      8.00      0.00     40.80      0.20
02      0.00      3.60      2.00      0.00      2.20      0.00      0.00      0.00      0.00      0.00      4.80      0.00
03      0.00      0.40      0.00      0.00      0.00      0.00      0.00     11.00      0.00      0.00      0.00      1.60
04      0.00      0.40      0.00      0.00      0.00      0.00      0.00      6.40      0.00      0.00      0.00      3.80
05      0.00      1.00      0.40      0.00      0.00      0.00      0.00      0.20      0.00      7.60     30.20      0.00
06      0.20      0.20      1.00      0.20      0.00      3.20      3.60      1.80      0.00     17.60    223.80      3.00
07     23.20      0.00      0.80      0.00      0.00      0.00      4.60      5.40      0.00      3.80      6.80      0.00
08     58.00      0.00      0.00      0.00      0.00      0.00      0.00      0.00      0.80     14.80      3.00      0.00
09      8.20      0.00      1.40      0.80      0.00      0.00      0.00      0.00      0.00     16.60      2.60      0.00
10      1.80      0.00      0.80      0.20      0.00      0.00      0.00      0.00     38.60     20.60      0.80      0.00
11      0.00      0.00      0.00      0.40      0.00      2.00      3.60      0.00      1.00      0.00      0.20      0.00
12      2.60      0.00      0.80      0.00      0.00      3.80      0.00     11.20     10.20      0.00      5.60      0.00
13      0.00      0.00      0.00      0.00      0.00      0.00      0.40      0.00     35.00      0.20      0.00      0.00
14      0.00      0.00      0.00      0.00      0.00      0.00      0.00      0.00     73.00     14.20      0.80      0.00
15      0.00      0.00      0.00      0.00      0.00      0.00      0.00      0.00     86.80      0.00      0.00      0.60
16      0.00      1.40      0.00      0.00      0.40      0.00      2.80      0.00    155.20      0.00      0.20      0.60
17      0.00      1.20      0.00      0.00      2.20      0.00     20.00      0.00     87.40      0.40      0.00      0.00
18      0.80      6.20      0.00      0.00      0.00      0.00      2.00      0.00      0.60      0.20      5.80      0.00
19      0.00      1.00      0.00      0.00      0.00      0.00     19.60      0.00      0.00      0.20     10.00      0.40
20      0.00      0.80      0.00      0.00      0.00      0.00      5.20     21.80      0.00      0.20      3.40      0.00
21      0.00      2.00      0.00      0.00      0.00     39.00      0.00      0.20      0.00      0.00      4.40      0.20
22      0.20      0.60      0.00      0.40      0.00     14.80      1.60      0.00      0.00      0.20      7.80      1.00
23      0.00      0.40      0.00     12.60      0.20     28.80      0.00      0.00      0.00      0.00     23.40      0.00
24      0.00      0.00     15.00     36.00      0.00     10.00      0.00      6.20      0.00      0.00      0.00      0.00
25      0.20      0.00      3.80      7.00      0.00      0.00      1.40     42.40      0.00      0.00      6.80      0.00
26      0.00      0.00      3.40      0.20      0.00      0.00      8.20      4.60      0.00      0.00     18.00      0.00
27      0.00      0.00      2.60      0.00      0.00      0.00      9.80      0.00      0.00      0.00      1.80      0.00
28      0.00      0.00      2.20      1.00      0.00      0.00      9.40      0.40      0.00      0.00      0.20      0.00
29      0.00    -99.00      1.40      8.80      0.00      0.00      4.20      0.00      0.00      0.00      1.20      0.00
30      0.00    -99.00      0.00      2.00      0.00      0.00      8.00      0.00      0.00      0.00      1.00      0.00
31      0.40    -99.00      0.00    -99.00      0.00    -99.00      6.00     12.20    -99.00      0.00    -99.00      0.00
2016
01      6.00      1.00      0.00    -99.00      4.00      0.00    -99.00    -99.00      9.40      1.80    246.60      0.20
02    -99.00    -99.00      0.40    -99.00     36.20      0.00    -99.00    -99.00      0.00      0.00      1.40      0.20
03    -99.00      0.00    -99.00    -99.00      0.00    -99.00    -99.00    -99.00      5.40     10.60      1.40      0.20
04      0.00      0.00      0.00     19.60      0.80      0.00    -99.00      0.00      0.00      0.00      1.80      0.20
05      0.00    -99.00    -99.00      0.00      0.00    -99.00    -99.00    114.20      4.40      0.00      2.80      0.20
06    -99.00      0.80      2.20    -99.00      0.00      0.00    -99.00      0.00      1.00     77.20      3.40      2.80
07      0.00    -99.00    -99.00    -99.00      0.00    -99.00    -99.00      0.00      0.00     11.20     13.60      3.80
08    -99.00      0.00      0.00    -99.00      0.00    -99.00    -99.00      0.00      0.00      0.20    410.20      0.40
09      0.00      0.00    -99.00    -99.00      0.00    -99.00      0.00      0.00      0.00      0.00     13.60      0.20
10      0.00    -99.00    -99.00      0.00      0.00    -99.00    -99.00      0.00      0.00      0.20      1.80      0.20
11    -99.00      0.20    -99.00    -99.00      0.00    -99.00    -99.00     16.00      2.60      0.20      0.00      0.00
12    -99.00    -99.00      5.80      0.00      0.00    -99.00    -99.00      0.60     18.80      6.00      0.00      0.20
13    -99.00      0.00    -99.00    -99.00      7.80    -99.00    -99.00      4.60    156.40     71.20      0.00      0.20
14    -99.00      2.80    -99.00    -99.00      0.00    -99.00    -99.00     10.80      1.80    632.20      0.00      0.20
15    -99.00    -99.00      0.00      0.00      0.00    -99.00    -99.00      3.60      0.00     97.00      0.00      0.20
16      0.00    -99.00    -99.00      0.00      0.00    -99.00    -99.00      0.00      0.00     27.40      0.00     11.60
17    -99.00    -99.00      0.00    -99.00      0.00    -99.00    -99.00      0.00      0.00      0.00      1.60      7.40
18    -99.00    -99.00      0.00    -99.00      2.80    -99.00    -99.00      0.80     11.60      0.00      0.80      4.20
19    -99.00      1.20    -99.00    -99.00     42.00    -99.00    -99.00      4.60      3.60      0.00      0.20      4.80
20    -99.00    -99.00    -99.00    -99.00      5.00    -99.00    -99.00      0.20     27.80      9.00      0.20      0.80
21    -99.00      0.00     10.80      0.00     24.80    -99.00    -99.00      0.60     86.60      0.20      0.20      0.40
22      0.00    -99.00    -99.00    -99.00      2.00    -99.00    -99.00      8.00     42.20      0.00      0.20      0.40
23    -99.00    -99.00    -99.00      0.00      3.20      0.00    -99.00     40.60     20.00      3.60      0.20      0.40
24    -99.00    -99.00    -99.00      0.00      0.60    -99.00    -99.00     19.80     11.60      8.20     23.40      1.00
25    -99.00    -99.00    -99.00    -99.00     27.20    -99.00    -99.00      0.00      6.80      7.80      7.20      3.00
26    -99.00    -99.00    -99.00      0.00      0.00    -99.00    -99.00     13.00      1.60      2.80      2.00      1.80
27    -99.00      8.80    -99.00    -99.00      0.00    -99.00    -99.00      0.00      0.00      1.40      1.80      0.80
28    -99.00      0.00    -99.00      0.00      0.60      0.00    -99.00      0.00      0.00      6.00      3.40      0.40
29    -99.00    -99.00    -99.00    -99.00      0.40    -99.00    -99.00     79.40      0.00      2.80      0.80      0.40
30    -99.00    -99.00    -99.00      0.00     21.20    -99.00    -99.00      0.00      0.60    108.20      0.20      0.40
31      0.00    -99.00    -99.00    -99.00     17.40    -99.00    -99.00      0.20    -99.00    126.80    -99.00      0.40
2017
01      0.40      0.00      0.00      0.20      0.20      0.00      0.00      0.00      0.00      0.60      0.40     24.80
02      0.40      0.20      0.00      0.00      0.00      0.00      0.00      0.00      0.00     25.60      0.00     16.40
03      1.20      0.20      0.00      0.00      0.00      0.00      0.00      0.00      0.00     47.40      0.20      0.40
04      1.60      0.40      0.20      0.00      0.00      0.00      0.00      3.20      0.00     50.00     35.40     11.40
05      4.40      0.00      0.00      0.20      0.00      0.00      0.00      7.40      0.00      9.60     19.00      3.80
06      8.00      0.20      0.00      0.00      0.00     28.20      0.00      0.00      0.00      3.00      0.20      0.20
07      7.60      0.20      0.00      0.00      0.00    216.40      0.00      0.00      0.00      0.40      2.20      0.00
08      7.20      0.00      0.00      0.00      0.00     13.00      0.00      0.00      0.00     44.40      4.00      6.40
09      6.00      0.20      0.20      0.00     89.20      0.20      0.60      0.00      0.00    121.60     17.20      0.20
10      5.00      0.20      0.00      0.00     21.20      0.00      0.00      0.00      0.00     73.40      0.80      0.00
11      3.40      0.20      0.00      0.00      1.20      0.00      0.00      0.00      0.60     23.60      2.60      0.00
12      1.80      0.00      0.00      0.00      8.40      0.00      1.00      0.00      0.00     47.40      0.00      0.00
13      0.80      0.20      0.20      0.00      8.20      0.00      0.00      0.00      6.40      8.80      0.00      0.00
14      0.60      0.00      0.00      0.00      0.00      0.00      0.00      0.00     54.40      1.80     23.20      0.00
15      0.60      0.20      0.00      0.00     17.60      0.00      0.00      0.00    183.80      0.00      0.20      6.80
16      0.40      0.20      0.20      0.00     17.40      0.00    164.20      0.00      6.40      0.60      0.00     22.20
17      0.40      0.00      0.00      0.00      3.40      0.20     21.40      0.00      0.20      0.00      0.20      0.00
18      0.40      0.00      0.00      0.00      2.80      0.40      0.00     18.20      0.00      0.60     19.60      0.00
19      0.40      0.20      0.00      0.00     24.60      0.00      0.00     17.00      0.00      6.80     55.20      0.00
20      0.40      0.00      0.20      0.00      0.20      4.80      0.00      0.00      0.00      0.00     24.40      0.00
21      0.40      0.20      0.00      0.00      0.00      0.60     23.00      0.00      0.00      0.20      0.20      0.00
22      8.80      0.00      0.00      0.20      0.00      0.00      0.20      0.00      1.00      1.20      2.40      0.00
23      1.40      0.00      0.20      0.20      0.00      0.00      0.80      0.00     29.40      0.00      0.60      1.80
24      0.80      0.20      0.00      9.60      0.00      3.60      0.00      1.20      1.40      0.00      0.00      5.40
25      0.60      0.00      0.00     30.40     92.20      0.00     64.20      0.00      4.00      0.00      0.00      0.00
26      3.20      0.00      0.00      6.80      0.40      0.00     70.20     47.60     27.80      0.00      0.00      3.00
27      3.60      0.20      0.20      4.60      0.00      0.60     59.80     41.40      9.60      0.00      0.00      3.40
28     48.40      0.00      0.00      5.20      0.00      7.20      6.00     26.40      0.20      0.00      6.00      0.80
29     32.40    -99.00      0.00      0.60      0.00     12.00      0.00     13.20      8.80      0.20      0.80      1.80
30     12.00    -99.00      0.00      0.00      2.00      0.00      0.00      1.80      4.40      4.60     31.60     13.80
31      0.20    -99.00      0.00    -99.00      0.00    -99.00      0.00     31.40    -99.00      4.80    -99.00     16.20
2018
01      4.60      0.00      0.00      0.00    -99.00    -99.00      0.00      0.00      0.00      0.00      0.00      1.20
02      1.20      1.40      0.00      0.00    -99.00    -99.00      0.00      3.20      0.00      0.60      0.00      0.00
03      9.40      0.00      1.20      0.00    -99.00    -99.00      0.00      0.00      0.00      0.40      0.00      0.00
04      8.20      0.60      0.00      0.00    -99.00    -99.00      0.00      0.00      0.00     30.60      0.00      0.00
05      6.20      0.20      0.00      0.00    -99.00    -99.00      0.00      0.00      0.00      0.00      0.00      0.00
06      0.40      0.00      0.00     11.80    -99.00    -99.00      0.00      1.40      0.00      0.00      2.80      1.00
07      0.20      0.00      0.00      8.00    -99.00    -99.00      0.00      0.00      2.40      0.00      5.80     64.80
08      7.40      0.00      5.40      0.00    -99.00    -99.00     17.60      0.00      9.20      0.00     14.80     19.00
09      0.00      0.00      0.00      0.00    -99.00    -99.00     11.80      0.00     55.00      0.00     56.00     19.80
10      0.00      0.00      0.00      0.00    -99.00    -99.00     53.00      0.00      5.60      0.00     10.40     10.60
11      0.00      0.60      0.00      0.00    -99.00    -99.00      6.00      0.00      0.00      0.00      0.20     21.00
12      0.00      0.00      0.20      0.00    -99.00    -99.00      0.20      0.00      1.00      0.00      0.00      0.60
13      0.00      0.00      0.00      0.00    -99.00    -99.00      0.00      0.00      0.80     31.40      3.00      0.00
14      1.40      0.00     14.00      0.00    -99.00    -99.00      6.20      0.00      0.20      0.00      4.60      0.00
15      0.00      0.20      0.00     17.20    -99.00    -99.00     18.00      0.00      0.80      0.00      0.00      0.00
16      0.00      0.40      0.00      4.20    -99.00    -99.00     23.60      0.00      0.00      0.00      0.20      0.20
17      0.00      0.00      0.00      0.00    -99.00    -99.00      7.20      0.00      0.00     24.00      0.00      4.00
18      0.00      0.00      0.60      0.00    -99.00    -99.00      5.80      0.00    134.00      0.00      0.00      0.00
19      0.00      0.40      0.80      0.00    -99.00    -99.00      0.40      0.00     10.60      0.60      0.20      0.00
20      0.00      0.40     12.40      0.00    -99.00    -99.00      3.20      0.00      1.80      0.60      0.00      0.00
21      0.40      1.00      0.00     53.60    -99.00    -99.00      6.80      0.00      0.00      3.60      0.00      0.00
22      2.60     23.60      0.00      0.00    -99.00    -99.00     56.80      0.00      0.00      0.20      4.40      0.00
23      0.00      0.80      0.00      0.00    -99.00    -99.00      0.00      1.00      0.00      0.00      0.00      0.00
24      0.00      0.00      0.00      0.00    -99.00    -99.00      0.00      0.00      0.00      0.00      0.00      4.60
25      0.20      1.40      0.40      4.00    -99.00    -99.00      6.80      0.00      0.00      0.00      5.00      0.00
26      0.00      7.00      0.20      0.00    -99.00    -99.00     16.60      2.60      0.00      0.00      2.40      0.00
27      0.60      0.20      0.00      0.20    -99.00    -99.00      3.00      0.00     10.80      0.00      0.20      2.60
28      0.00      0.00      0.00      0.80    -99.00    -99.00     11.00      6.80      8.00     51.20      0.60      8.00
29      8.60    -99.00      0.00      7.20    -99.00      0.00     13.80      4.60     22.60      0.60      0.80     19.00
30      0.00    -99.00      0.00     23.40    -99.00      0.00      2.40      0.00      0.00      0.00      1.60      1.60
31      0.00    -99.00      0.00    -99.00    -99.00    -99.00      6.40      0.00    -99.00      0.20    -99.00      0.00
