TraMy               
   108.22200       15.337000             116
2011
01      0.00      0.60      0.00      0.00      0.00      1.20      0.00      1.20      0.00     65.00     81.80     11.20
02      0.00      0.20      0.00      0.00      0.00     29.00      0.00      0.00      0.60      8.40      0.40     12.40
03      0.20      1.80      2.00      0.00      0.00     20.20     16.80     10.80      1.60      7.00      4.20      4.00
04      5.00      0.60      3.20      0.00      0.00     14.60      0.20      0.00     38.60      0.20     21.00      0.20
05      1.60      0.00      2.40      0.00      0.00      0.00      0.00      0.00      8.60      8.60    188.20      0.00
06      3.60      0.00      0.00      0.00     38.80      0.00      0.00      0.00      3.80      0.40     26.80      1.40
07     25.80      0.00      0.00      0.00      0.60     27.40      0.20      0.60     31.80      0.40     97.00     31.20
08     16.80      0.00      2.40      0.00     23.40      0.00      0.00      0.00     35.60      6.40     18.80      5.40
09      3.60      0.20      0.00      0.20      0.00      0.60      8.40      0.00     17.20     82.40      0.00     25.00
10      8.00      0.00      0.60      0.00      0.00     17.00      4.80      0.00     43.40     26.40      0.00     13.60
11      0.00      0.20      0.00      0.00      0.00     49.20     70.80      0.00      4.80      0.00      0.00      5.20
12      0.00      9.60      0.00      0.00      0.00     37.40      0.20      0.00      0.60     19.20      0.00      0.00
13      0.00     10.20      0.00      0.00     19.20      0.80      0.00      0.00      2.20     16.60      0.00      0.00
14      0.00      4.20      0.00      0.00      9.80      4.00      2.40      2.40      0.00      5.20      0.20      2.20
15      3.00      0.20      0.00      0.00      5.00      0.00      0.60     13.20      3.00      8.80     17.00     15.60
16      0.00      0.00      6.80      0.00      0.00     11.60      0.20      8.00      0.20      1.80     26.20     17.60
17      1.20      0.00      0.00      0.00      3.00      3.20      0.00      0.20      0.40     84.20      0.00      2.80
18      0.80      0.00      0.00      8.60     49.80      0.60      0.00      0.00      1.60     52.00      0.20      7.00
19      0.40      0.00      0.00      3.40      6.40      8.20      0.00     15.80     23.00     14.80      0.00      2.20
20      0.00      0.00      0.00      0.60      0.00      4.00      0.00      0.00      8.80      5.60      4.40      0.80
21      0.40      0.00      0.00      0.00      0.00      8.20      0.00      0.00      7.00      1.20      8.00      2.60
22      1.20      0.00     12.00      0.00      0.00      0.20      7.20      0.00     15.20      0.00     14.40      9.20
23      8.40      0.00     36.20      9.80     12.40      0.00      1.00      0.00     42.20      0.00     32.80     11.00
24      9.80      0.00     12.00      0.00      1.80      1.80      2.80      0.00     92.00      0.20      0.80      5.80
25      2.00      0.00     13.00      0.00      0.00      0.00      1.20      0.00     13.00     14.00    192.40      0.40
26      6.40      0.00      1.40      0.00      0.00      0.00      0.00      0.00      0.20     23.00     59.60      0.20
27     10.60      0.00      0.20      0.00      0.60      0.00      0.00      0.00      0.00     61.60      0.20      4.80
28      4.60      0.00      0.00      0.00      0.80      0.00      0.00      1.00      0.00     18.40      0.20      8.20
29      6.40    -99.00      0.00      0.00      0.00      0.00      0.00     11.00      0.00      5.00      3.00      0.20
30      1.20    -99.00      0.00      0.00      3.20      0.00      1.20      3.80      0.00      1.80      0.80     12.20
31      7.40    -99.00      0.00    -99.00      0.20    -99.00      2.00      0.80    -99.00     17.00    -99.00     22.80
2012
01     12.80      3.00      0.00      9.80      0.00      0.00      2.80      0.00      0.00      0.20     10.00      0.00
02      4.80      2.00      0.00      6.40      0.00      0.00      5.60      0.00     10.40      0.00      6.60      0.00
03      0.00      4.00      0.00      5.60     26.60      0.60      0.40      9.00     22.00      0.40      0.40      0.00
04      1.80      0.00      0.00      0.00      0.00      0.60      0.20      0.20      5.20      0.40      0.40      0.00
05      2.60      0.00      0.00      4.00      0.00      1.20      8.20      0.00      4.00      0.20      0.00      0.00
06      3.00      0.00      0.00      0.00      0.00      5.60      5.20      0.80      0.40      0.20      8.60      0.20
07      1.60      0.00      3.20      0.00      0.00     18.80      0.20      0.80      0.40      0.40     13.40      0.00
08      2.60      0.00     15.60      0.00      0.00      0.40     29.60      0.00      0.20      0.20      1.80      0.00
09      0.40      0.00      0.00      0.00      0.00      0.00      0.20      0.00      0.00      0.20      0.00      0.60
10      0.00      0.00      5.00      0.00      0.00      0.00      0.00      0.00      0.20      0.40      0.00      0.00
11      2.40      0.00      1.80      0.00     11.60      0.00      0.00      0.00      0.00      0.40     34.60      0.00
12     11.40      0.20      0.20     16.00      0.00      0.00     68.00      0.00      0.20      0.20     13.00      5.00
13      7.80      0.00      0.20      0.00     23.40      0.00      0.00      0.00      0.00      0.40     11.40     16.60
14      0.60      0.00      0.00      0.00      4.60      0.00      0.00      0.00      0.20      3.00      1.40     10.00
15     17.80      0.00      0.00      0.00     45.20      0.60     16.80      0.20      0.20      2.40      2.00      0.20
16      8.40     21.00      0.00      0.00      2.20      0.60      0.20     62.80      0.00      0.60      3.80      0.00
17      0.60     42.20      0.00      0.00      7.60     10.40      0.60      0.60      0.20      0.60     47.40      0.00
18      0.20      8.00      0.00      3.40      0.00      0.00      7.00      3.80      0.20      1.40      0.40      4.20
19      0.00      8.60      0.00      0.20      0.00      0.00     47.60      9.80      0.20      0.60      0.00     12.40
20      0.00      0.20      4.40      0.00      0.00      0.00      2.00      8.20      0.00      0.20      0.00      0.20
21      0.00      0.80      0.00     26.20      0.00      0.00      7.40      5.40      0.20      0.00      0.00      0.00
22      0.00      0.80      0.00      0.00      0.00      2.60      0.00     34.80      0.00      1.40      0.00      0.20
23      3.80      0.00      0.00     36.00      0.00      0.00      2.00     41.80      0.20     20.00      0.00      5.20
24      2.80      0.00      0.00      0.00      0.60      0.00      0.00     57.40      0.00      1.00      8.20      1.80
25      3.60      0.00      0.00      0.00     23.20      0.00      0.00      2.40      0.00      2.80      0.20      3.00
26      0.40      0.00      0.00      2.60      6.80      0.00      0.00      0.20      0.00      7.40      0.00     33.40
27      0.00      7.80      1.20      0.00     42.40      0.00      0.00      4.00      0.20      9.40      0.00     19.00
28      0.00      0.00      0.00      0.40     21.00      0.20      1.80      0.20      0.20      0.20      0.00      0.40
29      2.60      0.00      0.00      0.00     12.60      9.40      0.40      0.00      0.20     22.80      0.00     33.40
30      8.40    -99.00      0.00      0.00      3.60      2.40      0.40      0.60      0.20      7.20      0.00     14.20
31     24.40    -99.00     25.40    -99.00      0.40    -99.00      0.00     13.40    -99.00     19.80    -99.00      0.00
2013
01      0.00      0.40      0.00      0.00     37.40     14.00      7.60     13.00     18.20     25.80      0.00      0.60
02      0.00      0.00      0.00      0.00      3.00      4.20     31.40      0.20      0.00    147.20      0.00      0.00
03      0.20      0.00     48.60      0.00      1.40     24.80      1.80      0.20      0.00     47.40      0.00      0.00
04      6.40      0.00      6.80      0.00      2.80      4.80      2.00      0.00      8.20     54.60      7.00      7.60
05      3.60      0.00      3.80      0.00      5.40      0.40      1.00      0.00      0.00      0.40     37.20      0.20
06     17.00      0.00      1.80     24.60      3.00      0.00      1.00      0.80     26.80      0.00    195.60      0.00
07      7.20      0.00      0.40      2.80      2.40     12.60      0.00      0.00      3.40      0.00    158.40      0.20
08      7.40      0.00      0.20      0.60     34.60      0.00      0.00      0.00      0.00      0.00     22.40      0.00
09     11.00      0.00      0.00      0.00      0.00      0.40      5.00     10.40      2.40      0.00     17.00      0.00
10      3.40      2.20      0.00      3.60      0.00      7.20      9.80      0.20      9.40      0.00     32.40      0.00
11      4.40      2.60      0.00     18.20     55.00     30.00      0.00      3.00     36.00      0.00     16.60      0.00
12      0.00      0.00      0.00      0.60      5.80     43.60      0.00      8.60     13.00      0.20      0.00      6.60
13      0.20      0.00      0.00      1.80      0.20      2.60     10.40      0.00     88.20      0.00      1.40      0.00
14      0.00      0.40      0.00      0.00      0.00      0.80     31.20      0.00     85.40     27.40      7.80      0.00
15      0.00      0.20      6.00      0.00      4.20      0.00      0.00      0.00     13.20     40.40    478.20      0.20
16      0.20      2.40      0.00      0.00      0.00      0.40      0.40      0.00     23.20     22.40     65.60      0.20
17      0.20      0.00      0.00      5.40      0.00      4.80      9.80      0.00     47.00      8.00     50.00      2.00
18      1.20      0.00      0.00      1.00      0.00      8.40      0.20      0.00     68.60     21.80      5.00      0.00
19      1.80      0.00     12.80      0.00      0.00      0.20     39.60      0.00      0.00     18.80     38.60      0.00
20      0.20      0.00      1.80      0.00      0.00      5.60      3.80      0.00     16.80     28.00      3.00      0.00
21      0.00      1.60      0.00      0.00      0.00      0.20      4.00      0.60     17.60      1.60     15.80      0.00
22      0.00      5.00      0.20      0.00      0.00     10.20     47.40      0.60     10.80      2.00      8.60      0.00
23      0.00     10.20      0.00      0.00      0.00      1.20      8.80      0.00      8.60      0.40     28.80      0.20
24      0.00     15.20      0.20      0.00     23.20      0.00      0.80      0.00      0.00      0.40      0.00      0.20
25      1.60      0.00      0.00      0.00      0.20      0.00      0.40      0.40     37.80      0.60      8.80      0.00
26      0.20      0.00      0.00     58.20      8.60      0.00      0.00     12.00      8.40      1.00      0.00      0.00
27      0.60      0.00      1.00      5.60     19.80      0.00      0.00      0.00     10.20      0.20     10.40      0.40
28     10.80      0.00      0.00      0.00      0.20      1.80      0.40     14.40      7.40      0.00     35.00      0.20
29      1.20    -99.00      6.40      3.00      0.00      0.20      0.00      0.00      0.00      0.20     60.20      0.00
30      3.60    -99.00      0.00      2.20     22.80      0.00     15.40      0.00      0.20      3.00      8.40      0.00
31      5.80    -99.00     30.20    -99.00      0.00    -99.00      9.00      0.00    -99.00      0.00    -99.00      0.20
2014
01      0.00      0.00      0.00      1.60      4.60      0.00      0.00     19.00      6.40      0.00      0.20    115.20
02      0.00      0.00      0.20      0.00      0.20     35.00      1.20      0.00     24.20      0.00      0.00      4.60
03      0.00      0.00      0.00      0.60      6.80     26.20      3.60      0.60      6.00      0.00      5.60      0.80
04      0.00      0.40      0.00     10.60     21.60      0.00      0.00      0.40      2.40      0.20      0.20      0.00
05      0.00      0.00      0.20     14.60     10.80      0.00      4.80      0.20      0.00     24.40      4.40     41.00
06      0.00      0.00      0.00      1.00      0.00      0.00      9.80      0.00      0.00     12.80     26.20     22.20
07      0.00      0.00      0.00     16.60      0.80      0.00      0.60      0.20      0.00     58.80      0.00      3.00
08      0.00      0.00      0.00      0.00      1.20      0.00      8.60      0.00     62.80      5.40      0.00     28.60
09      1.00      0.00      0.00      4.40      0.00      0.20     14.20      0.00      0.20      0.00      0.20     18.40
10      4.80      0.00     12.00      0.00     26.00      0.00      0.60      0.00      0.00      0.00      0.00      2.20
11     13.40      0.20      0.00      0.00      0.20      0.00      6.20      0.00      0.20      0.00      0.00      9.80
12      0.20      0.00      0.00      0.00      0.20      0.40     35.00      0.00      0.20     18.40     23.80     20.00
13      9.40      0.00      0.00      0.00      2.40      0.40     29.20     25.40     12.40     54.60     87.60     15.40
14      3.40      0.00      0.00      0.00      0.00      0.00     25.00    -99.00      5.60      2.40     87.20      3.80
15      0.00      0.00      0.00      0.00      0.00      0.00      0.00    -99.00      0.20      4.00    115.60      3.20
16      0.60      0.00      0.00      0.00     16.00      0.00      2.40    -99.00      0.80     10.20     11.80     29.60
17     10.00      0.00      0.00      0.00      0.00      0.80      2.40      1.00      0.20      5.20      0.40     16.80
18      2.60      0.00      0.00      0.00      0.00      0.00      0.20     38.80      0.00     78.20      1.20      0.20
19      1.40      5.80      0.00      0.00     11.40      0.00      2.60      0.20      0.20    122.20     12.00      0.00
20      2.60      0.00      0.00      0.00      0.20      0.00    -99.00     16.00     24.40      9.40     22.20      0.00
21      0.00      0.00      9.80      0.00      2.40      0.00      4.80     23.40      4.60     14.00      7.60      8.60
22      0.00      0.00     53.80      0.00      0.00      0.00      5.20      0.20      0.60     22.60      0.00     11.40
23      0.60      0.20      2.20      0.00      0.80      0.00     12.20      0.00     54.40     21.40      3.20      0.80
24      0.00      0.00      0.20      0.00      0.00      0.00      0.00      0.00      3.80      3.80     13.20      2.40
25      0.00      0.00      0.00      0.00      0.40      0.00     22.20      0.00      7.60     51.00      2.80     12.60
26      0.20      0.00      0.00      0.00      0.00      0.00      0.00     15.20      0.20     69.60      0.00      8.20
27      0.20      0.00      0.00      0.00      0.00      0.00     93.80      0.60      0.00     13.20      0.00      6.80
28      0.60      0.00      0.00      6.80      0.00     57.40     24.00     18.60      0.00     18.80      0.00     15.00
29      0.00    -99.00      0.00      1.00      0.00      2.20      2.40     13.40      2.20      3.40      2.00      1.40
30      0.20    -99.00      0.00     34.40      0.00      1.20      7.20      0.00      0.20      1.40     33.40      0.00
31      0.00    -99.00      0.00    -99.00      0.00    -99.00     69.60     80.40    -99.00     21.80    -99.00      0.00
2015
01      0.40     45.40      0.00      0.00      0.00      0.00      0.20     22.80      0.00      1.20     47.80      1.60
02      5.60     43.80      0.00      2.00      0.00      5.20      0.00     23.00     51.40     10.80    128.40      0.00
03      7.60      2.40      0.00      2.00     23.20      0.00      0.00     24.00     27.20      0.60     81.80      0.00
04      1.60      4.60      0.00      0.00      0.00      0.00      0.80      0.60     39.80     16.40     80.60      0.00
05      0.00      2.20      0.00      0.00      0.00      0.00     14.20      0.00      0.20      1.40     97.20      4.60
06      0.00      8.60      0.00      0.00      0.00      0.00      2.00      1.80      0.00      1.40     15.60     16.40
07     11.80      3.00      0.00      0.00      0.00      5.00     12.00      0.00      0.00      0.00      0.00      2.20
08     32.40      5.40      0.00      0.00      0.00      6.00      0.00     52.60      0.00      3.40     16.40      1.80
09      9.00     11.00      0.00      1.00     14.20      0.00      3.20      0.20      0.00     36.40      0.20      0.40
10     15.60      3.80      0.00      0.00     28.60      0.00     24.80      0.40      9.00      0.00      1.40      0.00
11      6.80      0.00      0.00      0.00      0.20      0.00     38.80      1.20      0.40      0.40      3.60      0.00
12      0.00      0.00      0.00     43.80      0.00      0.00      5.60     42.40     14.00     15.60      1.80      0.00
13      0.00      0.00      0.00      0.00     42.40      0.00      0.00      0.20     18.80      0.20      0.00      0.00
14      0.00      0.00      0.00      0.20      1.20      0.00      0.00     37.00    120.40     19.40      0.00      0.00
15      0.00      0.00      0.00      0.00     20.80      0.00      0.00      8.80      0.20     43.80      0.00     11.00
16      0.00      0.00      0.00      0.00      0.00      3.20      0.00      0.00      1.00      0.00      0.00      9.00
17      3.60      0.00      0.00      0.00      0.00      0.00      2.40      3.00     11.40      0.00      0.00     23.20
18     10.00      0.20      0.00      0.00      0.00     10.00      0.80      0.00     24.20      0.00      0.00      1.80
19      5.20      1.20      0.00      0.00      5.20      0.00      1.40      8.80      0.00      0.00      5.20      7.40
20      0.00      0.00      0.00      0.00      0.00      4.40      0.20      0.20      0.00      0.00      9.80      9.80
21      0.00      0.00      0.00      7.60      1.00     40.60      0.60      3.20      0.00      0.00     45.80     11.60
22      0.00      0.20      0.00     29.60      8.40      1.40      0.00     23.20      0.00      0.00      1.00      6.40
23      0.00      0.20      0.00      0.00      0.00      2.60      0.00     15.40     28.60      0.00      5.00      0.00
24      0.00      0.00     17.80      0.20      0.00      0.20      0.00     44.20      0.80      0.00      9.00      0.00
25      0.00      0.00    247.20      4.80      0.00      0.00      0.00      0.20      0.00      0.00     41.00      0.00
26      0.00      0.00     59.00      0.20      0.00      0.00      0.00      2.40      0.00      3.00     50.20      0.00
27      0.20      0.00    102.40      0.00      0.20      0.00      0.00     21.00      0.00      9.20     15.40      0.00
28      0.00      0.00      0.00      0.00      0.00      4.80      0.00      0.00      0.00      0.00     59.20      3.40
29      0.00    -99.00      0.00      0.00      0.00      4.00      0.80      0.00      0.00      0.00     19.40      8.80
30      0.00    -99.00      0.00      0.00     20.00      0.00      1.60      0.20      0.00      0.20     11.20     42.20
31      2.00    -99.00      0.00    -99.00      1.00    -99.00      0.00      0.00    -99.00     46.60    -99.00      2.00
2016
01     12.40      0.00      0.00      0.00      0.00     14.40      0.00      0.00      0.00      0.00    174.80     39.60
02      0.00     21.20    -99.00      0.00     28.00      0.00    -99.00     33.80      0.00      2.60     38.00    129.40
03      0.00    -99.00      1.40    -99.00      6.60    -99.00      0.00      0.00      0.00     20.00     13.40     71.60
04      0.00    -99.00      0.00      0.00     27.40      0.00    -99.00     49.40     30.40     17.80      3.00     29.00
05      0.00    -99.00    -99.00      0.00      4.00    -99.00     57.60      7.20      0.20     20.20      1.40    132.80
06      0.00    -99.00      0.00    -99.00     21.60      0.00    -99.00     48.60      0.00     10.00      0.60     58.80
07    -99.00    -99.00      0.00      0.00      0.00      0.00     11.80     13.00      0.00     18.40     14.80     89.20
08      0.00    -99.00    -99.00      0.00      0.20    -99.00      0.00      0.20     57.80     16.00     11.60     13.60
09      0.00      1.20      0.00    -99.00     20.20    -99.00    -99.00      0.00      0.20      0.20      6.00      0.00
10    -99.00      0.00      0.00      0.00     33.20    -99.00    -99.00      0.40      0.00      0.00      1.80      0.00
11      0.00      0.00    -99.00      0.00      0.00      0.00    -99.00     23.80     22.20     18.00     12.20      9.00
12      0.00    -99.00    -99.00    -99.00      0.00    -99.00      0.00      0.20     92.40      1.20      6.20     30.80
13      0.00      0.00      0.00      0.00     43.00      0.00    -99.00      0.00     82.40      0.00      0.80     48.60
14    -99.00      0.00    -99.00    -99.00      0.00    -99.00      8.00      0.00      0.00     22.40      0.00    145.60
15      0.00    -99.00      0.00      0.00      0.00      0.00    -99.00      0.00      0.00     40.60      0.00    163.20
16      0.00    -99.00    -99.00      0.00      3.60      0.00      0.00      0.00      3.80     66.00      0.40    104.80
17    -99.00      0.00      0.00    -99.00      0.00    -99.00     25.00      0.00      0.00      0.60      9.00     14.60
18      0.00      0.00      0.00      0.00      1.00    -99.00    -99.00     10.80      0.00      0.00      5.40      4.40
19      0.00    -99.00    -99.00    -99.00     25.80      0.00      0.40      0.00      2.20      0.00     69.00     18.60
20    -99.00    -99.00      0.00      0.00      0.00    -99.00      0.00      0.60      4.20      0.00     17.00      3.00
21      0.00      3.40      0.00      0.00      0.00      0.00    -99.00      2.40      9.00      2.00      9.80      0.00
22      0.00      0.00    -99.00    -99.00      1.60      0.00     17.40      5.00     56.40      0.00      0.20      3.00
23    -99.00      0.00     16.20      0.00     23.40    -99.00    -99.00     55.80     23.40      0.00      0.00     10.00
24      0.00    -99.00    -99.00    -99.00      1.00      0.00     28.60      5.20      0.20      0.00      0.00     11.60
25    -99.00    -99.00    -99.00      0.00      0.00    -99.00      1.60     29.20     12.20      0.40      0.20      0.20
26      0.00    -99.00    -99.00      0.00      0.00      0.00      0.00     44.80      1.80     16.20      4.80      0.00
27    -99.00    -99.00    -99.00    -99.00      0.00      0.00     14.20      7.40      0.00      0.20      0.00      9.60
28      0.00      9.00      0.40    -99.00      0.00    -99.00      6.80      0.40      0.00      3.20      1.00      0.00
29      0.00    -99.00    -99.00      0.00      0.00      0.00     20.40     38.60      5.00      2.00     20.20      3.40
30    -99.00    -99.00      0.00    -99.00      0.20    -99.00      0.00      2.40     39.20     51.40    147.00      0.00
31      0.00    -99.00    -99.00    -99.00      0.00    -99.00      0.00      0.00    -99.00     22.60    -99.00     22.60
2017
01     20.40     10.00      0.80      0.00      0.00      0.00      0.00      0.00     11.00      0.00     82.00      4.40
02     13.80     28.20      0.40      3.60      0.00      0.00      2.60      0.00      0.20     10.60      0.60     68.00
03      5.80     39.00      0.00      3.00      0.00      0.00      0.00      0.00      6.00     10.40     52.40     33.60
04      2.80      6.20      0.00      0.00      0.00      0.00      3.80      0.00     17.40      1.80    221.00     24.60
05      0.80      0.00      0.00      0.00      0.00      0.20      0.00      0.00     81.40      0.20    325.00     10.60
06      0.60      0.00      0.00      5.60      0.00     37.60      0.20      0.20     15.00      0.20     42.60      1.00
07      0.00      0.00      0.00      0.00      0.00      5.80      0.20      0.00     56.80      0.00      0.80      3.80
08      0.00      0.00      0.00      0.00     32.00      7.40      0.00     13.20      4.20     44.60     41.80      6.60
09      4.80     16.60      0.00      0.00      3.80      0.00     11.20      4.00      0.20     12.20     38.20      0.00
10     17.00     11.20      0.00      0.00      0.20      0.60      3.00      0.20      0.00      0.00      7.20      0.00
11      6.00     17.00      0.00      0.00      0.60      0.00     16.00     10.80      0.00      0.60     16.20      0.60
12      6.00      1.60      0.00      2.20      0.00      0.00     37.80      3.60      0.00      6.20      0.00      0.00
13      6.40      0.00      0.00     42.80      0.20      8.60     75.00      0.00      0.60      8.00      0.00      0.00
14      1.00      1.00      0.00      0.00      0.00      0.00      4.20      0.00     28.20      4.00      0.00      0.00
15     15.20      1.20      0.00      0.00      5.60      0.00      5.60      0.00      4.40      0.00     43.20      5.20
16     15.80      0.00      0.00      0.00     36.80      0.00      0.80      0.00     12.00      0.00     12.20     17.20
17     17.60      0.00      0.00      0.00     10.20    305.80      7.80      7.80      2.20      0.00      0.00     20.40
18      0.00      3.00      0.00      0.00      7.80    -99.00    581.60    719.20      7.80      7.80      7.80      7.80
19      0.00      0.00      0.00      0.00      2.80      0.00     15.60      0.00      0.00     68.80     91.00      0.00
20      7.60      0.00      0.00      0.00      2.20      0.00     24.20      0.00      0.00      0.00     19.40      0.00
21     16.40      0.00      0.00      0.00     19.40      0.20      7.20      0.00      0.00      0.00      1.00      0.00
22      6.60      0.00      0.00      4.60      0.00      0.00      1.80      0.00      0.80      0.00    112.40      0.00
23      4.60      0.00      0.00      0.00     44.80      0.00      9.60     36.00      5.80      5.40     20.20      4.40
24      9.20     22.80      0.00      6.80     61.40      3.60      6.40      7.00      0.40      5.00     16.40      7.20
25     32.20      5.20      1.20      4.60      1.80     12.80      7.40     17.20     10.60     35.80      7.60      0.40
26      6.00      0.80     16.20      0.00      0.20     31.20      5.80     41.00      0.00      7.40     14.00     30.00
27      0.20      3.20     13.00      0.00     28.00     31.80    -99.00      0.00      0.00      2.80     12.20     17.80
28      0.00      2.20      1.00      0.00     54.80     20.60      2.60    -99.00      0.00      0.00      8.20     17.40
29      0.00    -99.00      1.00     19.40      2.80      1.00      0.00      6.80      0.40      1.00     17.00     25.20
30      0.60    -99.00      8.40      0.00     19.60      0.00      0.00      0.40      0.00     16.40      1.20      1.80
31      0.00    -99.00     28.80    -99.00      0.00    -99.00      0.00     24.20    -99.00    153.80    -99.00      4.00
2018
01      1.00      0.00      0.00      0.00      0.00      0.00      1.40      5.00     39.20     40.60      0.00      1.80
02      8.60      0.00      0.00      0.00      0.00      1.00      0.00     94.40     23.00     32.60      0.00      0.00
03      4.80      0.00      0.20      0.00      0.00     48.60      0.00      0.00      0.00     66.00      0.00      0.00
04     17.40      0.00      0.20      0.00      4.80     12.80      0.00      0.20      2.40     93.00      0.00      0.60
05      0.60      0.00      0.00      0.00      0.80     36.60      0.00     20.00      4.60      0.20      0.00      0.00
06      0.00      0.00      0.00      0.00     38.40      0.20      0.00      0.20      0.00      0.00      0.00      0.00
07      0.00      0.00      0.00     10.40      0.00     13.20     45.20      2.00      0.00      0.00     60.20      8.60
08      0.00      0.00      0.00      4.20      0.00      6.20      0.60      2.40      0.00      0.00    208.60     23.60
09     14.60      0.00      0.00      0.00     43.60      3.00     13.20      5.40      2.60      0.00     22.40    130.00
10      0.00      0.00      3.40      0.00     60.60      0.00     46.20      0.00      4.20      0.00      3.60      7.60
11      0.00      3.60      0.20      0.00      0.20      0.00      0.40      0.20     14.60     16.40      0.20     78.60
12      0.40     10.00      1.80      0.00      0.00      0.00      2.00      0.20     12.80     61.40      1.00     49.80
13      2.80      1.20      0.00      0.00      0.00      0.00      8.80      0.20     14.00      7.00      0.00     11.40
14     13.40      0.00      0.20      0.00      0.00      0.00      0.20      0.00      0.00      0.00      0.00     31.80
15      5.40      0.00     22.40      0.00      0.00      0.00      8.40      0.00      5.60      0.00      0.00     46.40
16      5.00      0.00      0.20      0.00      0.60      3.60      1.20      0.00     60.40      0.00      0.00     16.80
17      1.00      0.00      0.00      0.00      0.00      0.00      0.00      0.00      8.40      0.00      0.00      5.00
18      7.80      7.80      7.80      7.80      0.00      0.00      1.00     12.00      0.40      0.00      0.00      1.60
19      0.60      0.00      0.00      0.00      0.00      0.00      3.20      0.20      1.60     16.40      4.20      0.00
20      2.20      0.00      8.20      0.00      0.00      0.00      0.00      0.00      2.60     23.40      0.00      0.00
21      0.80      0.00     13.40      0.00      0.00      0.00      1.80      0.20      1.60      0.40      0.00      0.00
22      3.20      0.00      1.20      0.00      0.00      1.20     12.60      0.00      0.00      1.60     20.40      0.00
23      0.60      3.00      0.00      0.00      0.00      0.80      7.40      0.40      0.00      0.00      4.20      0.00
24      3.00      1.80      0.00      8.40      0.00      0.80      0.00      0.00      0.00     19.80     21.80      4.00
25      2.00      0.00      0.00     37.80     95.00      5.20     23.80      0.00      0.00      0.00    108.60      1.20
26      0.00      0.00      0.00      5.60      0.00     22.40      0.00      2.00      0.00      0.00      6.40     12.20
27      3.00      6.80      0.00      5.80      0.00     20.00      0.60      0.00      0.00     15.20      0.40     14.40
28      2.00      0.00      0.00     24.00      0.00      0.00      1.60      0.00      0.00     12.00      8.80     16.60
29      4.00    -99.00      0.00     10.00      2.60      0.60      0.00      0.00      0.00      0.20     32.80     60.20
30      0.00    -99.00      0.00     18.40      0.00      0.00      0.00      0.20      2.40      0.00      4.60     18.40
31      0.40    -99.00      0.00    -99.00      0.00    -99.00      0.00      0.00    -99.00      0.00    -99.00     16.60
