TraCau              
   108.94300       14.843000              23
2011
01      0.00      0.80      0.00      0.00      0.00      0.00      0.00      0.60      0.00     10.40     77.60     11.20
02      0.00      1.40      0.00      0.00      0.00      6.40      0.00      0.00      0.00     12.40      1.40     19.60
03      0.00      0.20      1.60      0.00      0.00      4.40     33.60      2.00      0.00     33.80      1.20      2.60
04      2.60      0.00      2.60      0.00      0.00      0.20      0.00      0.00      0.00      0.40     22.60      0.20
05      0.40      0.00      6.60      0.00      0.00      0.00      0.00      0.00      0.00      2.20    236.00      1.00
06      9.00      0.00      0.20      0.00     14.00      0.00      0.00      0.00      0.00      0.40     38.80      2.80
07     32.20      0.00      2.40      0.00      0.60     19.80      0.40      0.00      0.00      2.20    101.20     45.00
08     14.20      0.00      4.40      0.00      4.00      0.80      0.20      0.00      0.00      0.00     11.20      5.40
09      6.00      0.00      0.40      0.00      0.00      0.00      1.20      0.00     16.80     69.60      0.60     36.00
10      4.20      0.00      0.80      0.00      0.00      2.80      7.80      0.00     40.20     25.00      0.00     13.40
11      0.00      2.20      0.20      0.00      0.00     42.20     48.60      0.60     15.60      0.00      0.00      4.40
12      0.00     11.40      0.00      0.00      0.00     16.80      1.60      0.00      0.40     13.20      0.00      0.00
13      0.00      5.60      0.00      0.00      6.20      3.80      0.00      0.00      3.60     13.40      0.00      0.00
14      0.00      2.80      0.00      0.00      0.00      1.40      1.40      0.00      0.00     10.00      0.20      7.80
15      5.60      1.20      0.00      0.00      0.00      0.40      0.40      1.40      3.40     32.40     38.20     35.00
16      0.40      0.00      9.80      0.00      0.00     25.00      0.00     18.60      0.20      1.20     17.80     32.00
17      1.80      0.00      2.00      0.00      0.20      0.00      0.00      0.00      0.00    147.00      0.20     11.00
18      2.40      0.00      0.40      9.00     12.60      1.00      0.00      0.00      6.40    142.40      0.00     15.20
19      0.80      0.00      0.00      0.20      1.80      0.20      0.00      0.00      0.20     31.80      0.20      2.00
20      0.00      0.00      0.00      0.80      0.60     19.60      0.00      0.00      5.80      6.60      5.00     12.00
21      0.20      0.80      0.00      0.00      0.00      2.20      0.00      0.00      1.20      2.60     34.20     14.80
22      1.40      0.00     30.20      0.00      0.00      0.00      7.80      0.00      3.20      0.00     13.20     35.60
23      4.00      0.00     31.80      5.60      6.20      0.00      0.00      0.00     80.40      0.00     29.20     10.00
24      3.80      0.00     14.20      0.00      0.20      1.00      3.80      0.00    136.00      0.00      4.80      8.80
25      1.40      0.00     29.40      0.20      0.00      0.00      0.20      0.00     17.80     27.20    414.00      1.00
26     12.60      0.00      7.40      0.00      0.00      0.00      0.00      0.00      1.40     48.80    111.80      0.20
27     14.00      0.00      6.80      0.00      0.00      0.00      0.00      0.00      0.00     98.40      0.20     12.40
28     11.60      0.00      3.60      0.00      1.00      0.00      0.00      0.00      0.00     86.20      0.20      9.60
29     11.40    -99.00      5.20      0.00      0.00      0.00      0.20      2.00      0.00     14.00      2.60      0.20
30      9.60    -99.00      0.40      0.00      0.00      0.00      1.60      5.60      0.20     10.60      1.20     49.40
31     20.60    -99.00      0.00    -99.00      0.00    -99.00      0.80      0.00    -99.00     69.60    -99.00     32.40
2012
01     20.60      2.00      0.00     19.00      0.00      0.00     13.00      0.00      0.00      0.40     21.60      0.00
02      7.20      1.60      0.00      7.40      5.60     26.60      0.60      0.00      3.40      2.80      2.80      0.00
03      0.00      7.80      0.00      0.00     37.40      3.60      3.80      0.00     21.00      0.00      0.00      0.20
04      6.80      0.80      0.00      0.00      0.00      0.40     11.00      0.00      7.20      0.00      0.00      0.00
05      5.60      0.00      0.00      1.60      0.00      0.20      5.00      0.00     10.40      4.20      0.00      0.00
06      0.20      0.00      0.00      0.00      0.00      0.00     23.60      3.00      8.40    175.00      0.20      0.00
07      1.40      0.20      5.80      0.00      0.00     25.80      0.80      0.40     24.00     56.00     30.40      0.00
08     11.40      0.00      4.40      0.00      0.00      0.00      4.80      0.00      0.00     47.20      1.80      0.40
09      5.00      0.40      0.20      0.00      0.00      0.00      5.20      0.00      4.60      5.80      0.00      3.20
10      1.40      0.00      2.00      0.00      0.00      0.00      0.20      0.00      0.20      0.80      0.00      0.00
11     14.80      0.00      1.20      0.00     13.00      0.00      0.00      0.00      7.00      0.00     84.00      0.00
12     40.20      0.00      0.80     18.60      0.20      0.00      5.00      0.00      2.80      0.00     14.60      4.80
13      6.60      0.00      0.00      0.20      0.00      0.00      0.00      0.00     11.60      0.00     16.20     24.60
14      3.40      0.00      0.00      0.00      0.00      0.00      0.00      0.00      7.00      0.00      5.40     12.80
15      3.80      0.00      0.00      0.00      0.00      1.00      0.20      1.40     24.00      0.00      9.00      0.20
16      2.60     21.40      0.00      0.00      0.00      0.60      0.00      9.60      0.00      0.00      4.20      0.00
17      0.60     45.00      0.00      0.20     27.60     10.20      5.80      0.20      0.40      0.00     32.40      0.00
18      0.60     10.80      0.00      5.00      0.00      0.00      0.00      0.00      0.00      0.00      1.80      6.40
19      0.00      8.20      0.00     18.00      0.00      0.00      6.20      2.60      0.00      0.00      0.00     14.40
20      0.00      2.40      0.80      0.00      0.00      0.00     10.60     26.00      0.00      0.00      0.00      0.60
21      0.00      0.40      0.00      7.80      1.60      0.00     42.80      0.80      0.00      0.00      0.00      0.20
22      0.00      1.00      0.00      0.20      0.00      0.00      0.00     10.00      0.00      4.00      0.00      3.80
23     25.00      0.00      0.00     39.20      0.00      0.00      1.40     49.20      0.00     31.80      0.00     10.00
24      2.00      0.00      0.20      0.00      1.00      0.00      0.00     33.40      0.00      2.40      0.00      3.40
25      0.20      0.00      0.00      0.00     12.80      0.00      0.00      1.20      0.20      1.40      0.00      7.80
26      0.40      0.00      0.60      0.00      5.00      0.00      0.00      3.40      0.20     20.20      0.00     45.40
27      0.00      8.40      1.40     12.80      6.60      0.40      0.00     20.20     71.40     20.20      0.00     43.40
28      0.00      0.00      0.00      0.40      9.00      2.60     33.00      0.20      6.80      0.00      2.60      9.20
29      3.80      0.00      0.00      1.40     14.80      0.00      0.00      0.00     26.80      0.00      0.00     21.00
30      9.60    -99.00      0.00     21.40      5.80    -99.00      1.40      0.00      0.00      3.20      0.00     18.40
31     13.00    -99.00     36.00    -99.00      0.00    -99.00      0.00     15.20    -99.00     54.40    -99.00      0.00
2013
01      0.00      1.00      0.00      0.00     26.40      0.00      1.60      5.20      8.60     38.20      0.00      0.40
02      0.00      0.00      0.00      0.00      4.20      3.40      0.20      0.20      0.00    159.00      0.00      0.00
03      0.20      0.40     46.40      0.00     10.60      3.40      1.40      1.20      0.00     63.20      0.00      0.00
04      7.80      0.00     24.40      0.00     19.80     61.00      0.00      0.00      0.00     76.00      5.80      8.40
05      3.40      0.00      0.00      0.00      2.00      0.20      0.00      0.00      0.00      0.40     75.60      0.20
06     29.60      0.00      2.20      1.00      0.80      2.40      1.80      1.40      7.60      0.00    191.60      0.00
07      9.40      0.00      1.60      1.20      4.20     10.60      0.80      0.00     10.80      0.00    165.80      0.00
08      8.60      0.00      0.00      0.60      5.60      0.00      0.00      0.00      0.00      0.00     39.20      0.00
09      2.40      0.40      0.00      0.20      0.40      0.00      6.80      2.40      2.60      0.00     44.40      0.00
10      5.60      2.80      0.00     10.60      0.00     12.20      7.60      0.00     10.00      0.00     53.80      0.00
11      3.40      2.40      0.00     13.40     13.60     26.00      0.00      4.00     40.00      0.00      0.00      0.00
12      0.00      0.20      0.00      1.20     21.80     54.20      3.80      4.00      4.80      0.00      0.00      7.80
13      0.00      0.40      0.00     21.60      0.20      0.60      6.00      0.40    113.00      0.00      1.60      0.20
14      0.00      5.20      4.20      0.00      0.00      0.40     16.40      0.00     74.20     29.00      8.40      0.00
15      0.00      0.00      3.20      0.00      0.00      0.00      0.00      0.00      9.80     45.80    612.00      0.80
16      0.60      3.80      0.00      0.20      0.00      0.00      0.20      0.00      7.80     23.60     57.80      0.40
17      0.20      0.00      0.00     11.20      0.00      0.00      1.60      0.00     65.80     28.00     41.20      3.40
18      2.80      0.00      0.00      0.60      0.00     11.20      0.20      0.00     90.60     22.60      5.60      0.20
19      5.80      0.00      7.20      0.00      0.00      4.80     18.40      0.00      0.20     29.60     35.20      0.00
20      0.60      0.00      0.00      0.00      0.00      2.80      8.60      0.00      1.60     46.40      3.60      0.00
21      1.00      2.00      0.00      0.00      3.60      0.00      0.20      1.00     20.40      0.40      7.60      0.00
22      0.20     17.40      0.00      0.00      0.00      7.60     93.00      0.00     10.20      2.00      6.40      0.00
23      0.00     24.80      0.00      0.00      5.20      0.80     14.80      0.00      6.40      2.80     35.60      0.20
24      0.20     41.60      0.00      0.00      0.00      0.00      0.40      0.00      0.60      1.00      0.00      0.60
25      2.60      0.60      0.00      2.60      0.00      0.00      0.20      0.00     36.00      0.60      9.60      0.00
26      0.00      0.00      0.00     23.20     16.20      0.00      0.00     22.20      3.00      1.40      2.20      0.00
27      5.00      0.00      0.00      5.40      0.60      0.00      0.00      0.40      2.60      0.20     17.00      0.40
28     11.20      0.00      0.00      0.00      0.00      0.00      0.00     25.00      2.40      0.00     38.40      0.20
29      4.40    -99.00      6.80      0.00      0.00      0.00      0.00      0.20      0.00      0.00     70.40      0.00
30      5.60    -99.00      0.00      1.40      0.00      0.00     65.00      0.00      0.00     10.40      9.60      0.00
31      4.80    -99.00     21.80    -99.00      0.00    -99.00     13.80      0.00    -99.00      0.00    -99.00      0.00
2014
01      0.00      0.00      0.00      0.80      5.40      0.00      0.00      0.00      0.00      0.00      0.00    113.20
02      0.00      0.00      0.20      0.20      0.00      0.00      0.00      0.00      0.00      0.00      0.00     25.40
03      0.00      0.20      0.00      0.00     47.40      0.00      0.00      0.00      0.00      0.00      0.00      1.60
04      0.00      0.00      0.00      7.00     45.00      0.00      0.00      0.00      0.00      0.00      0.00      0.00
05      0.00      0.00      0.00      8.20      0.00      0.00      0.00      0.00      0.00      0.00      0.00     69.20
06      0.00      0.00      0.00      0.00      0.00      0.00      0.00      0.00      0.00      0.00      0.00     35.40
07      0.00      0.00      0.00     13.40      0.00      0.00      0.00      0.00      0.00      0.00      0.00      2.40
08      0.00      0.00      0.00      0.60      0.00      0.00      0.00      0.00      0.00      0.00      0.00     40.00
09     10.80      0.00      0.00      4.80      0.00      0.00      0.00      0.00      0.00      0.00      0.00     23.60
10      9.20      0.00      1.20      0.20      0.00      0.00      0.00      0.00      0.00      0.00      0.00     12.20
11     11.80      0.00      0.00      0.00      0.00      0.00      0.00      0.00      0.00      0.00      0.00     17.80
12     16.60      0.60      0.00      0.00      0.00      0.00      0.00      0.00      0.00      0.00      0.00     68.40
13     41.20      0.00      0.00      0.00      0.00      0.00      0.00      0.00      0.00      0.00      0.00     73.80
14     15.80      0.00      1.60      0.00      0.00      0.00      0.00    -99.00      0.00      0.00      0.00      9.20
15      0.00      0.00      0.80      0.00      0.00      0.00      0.00    -99.00      0.00      0.00      0.00      3.60
16      2.40      0.00      0.00      0.00      0.00      0.00      0.00    -99.00      0.00      0.00      0.00     56.00
17     13.40      0.00      0.00      0.00      0.00      0.00      0.00      0.00      0.00      0.00      0.00     28.60
18      3.20      0.00      0.00      0.00      0.00      0.00      0.00      0.00      0.00      0.00      0.00      3.40
19      4.20      0.00      0.00      0.00      0.00      0.00      0.00      0.00      0.00      0.00      0.00      0.20
20      3.80      0.00      0.00      0.00      0.00      0.00    -99.00      0.00      0.00      0.00      0.00      0.00
21      0.00      0.00      9.80      0.00      0.00      0.00      0.00      0.00      0.00      0.00      0.00     27.00
22      0.20      0.00     45.20      0.00      0.00      0.00      0.00      0.00      0.00      0.00      0.00     15.80
23      0.00      3.60      1.80      0.00      0.00      0.00      0.00      0.00      0.00      0.00      0.00      2.00
24      0.00      0.00      0.00      0.00      0.00      0.00      0.00      0.00      0.00      0.00      0.00      9.20
25      0.00      0.00      0.00      0.00      0.00      0.00      0.00      0.00      0.00      0.00      0.00     10.80
26      2.00      0.20      0.00      0.00      0.00      0.00      0.00      0.00      0.00      0.00      0.00     15.20
27      0.20      0.00      0.00      0.00      0.00      0.00      0.00      0.00      0.00      0.00      0.00     57.20
28      0.00      0.00      0.00      8.20      0.00      0.00      0.00      0.00      0.00      0.00      0.00     31.20
29      0.00    -99.00      0.00      0.40      0.00      0.00      0.00      0.00      0.00      0.00      2.80      2.40
30      0.20    -99.00      0.00     11.00      0.00      0.00      0.00      0.00      0.00      0.00     53.60      0.00
31      0.00    -99.00      0.00    -99.00      0.00    -99.00      0.00      0.00    -99.00      0.00    -99.00      0.20
2015
01      2.20     40.60      0.00      0.00      0.00      0.20      0.40     13.60      0.00      1.20     51.40      2.20
02     10.20     41.00      1.00      0.00      0.00     21.00      0.00      3.80      0.00      3.20    165.20      0.00
03     16.00      7.60      0.00      0.00     12.00      0.00      0.00     17.80     15.40      6.80    103.00      0.00
04      3.00      6.40      0.00      0.00      0.00      0.00     26.80      0.00     12.60     41.40    102.40      0.00
05      0.20      0.60      0.00      0.00      0.00      0.00     14.60      0.00      6.40      3.80    113.60      0.00
06      0.00      7.00      0.00      0.00      0.00      0.00      0.00      0.00      0.00      0.40     24.80     28.00
07      8.40      1.60      0.00      0.00      1.80      0.00     22.80      0.00      0.00      0.00      0.20     13.80
08     48.40      6.20      0.00      0.00      0.00     16.20      0.00     18.40      0.00      0.00      6.60     11.80
09     34.00     12.60      0.00      0.20     13.40      0.00      0.40      0.00      0.00     17.20      0.40      0.20
10     26.60      4.80      0.00      0.00      0.80      0.00     35.80      0.00     21.00      0.00      0.60      0.00
11      4.80      0.00      0.00      0.00      0.00      0.00      6.00      3.60      0.00      0.20     11.60      0.00
12      0.00      0.00      0.00     14.00      0.00      0.00      1.00      8.00      7.60     12.80      1.80      0.00
13      0.00      0.00      0.00      0.20      2.20      0.00      0.20      0.20     20.40      1.00      0.00      0.00
14      0.00      0.00      0.00      0.00      0.00      0.40      0.00     28.00    180.20      9.80      0.00      0.00
15      0.00      0.00      0.00      0.00      0.00      0.00      0.00      8.40     14.60     52.00      0.00     20.00
16      0.00      0.00      0.00      0.00      0.00      0.00      0.00      0.00     16.60      0.00      0.00     19.00
17     13.60      0.00      0.00      0.00      1.60      0.00      0.60     37.20      1.00      0.00      0.00     31.60
18     15.00      0.00      0.00      0.00      0.80      1.60      0.00      0.00      0.00      0.00      0.00      1.20
19      7.60      0.00      0.00      0.00     23.00      0.00      1.00      2.20      0.00      0.00      2.80     21.20
20      0.20      0.00      0.00      0.00      0.20      6.00      0.80      0.00      0.00      0.00      7.60     38.20
21      0.00      0.00      0.00      0.80      0.80     57.60      0.20      4.80      0.00      0.00     66.20     39.40
22      0.00      0.20      0.00      8.20     54.20      1.80      0.00     42.40      0.00      0.00      1.40      6.80
23      0.00      0.00      0.00      0.00      3.00      2.00      0.00     44.00      0.00      0.20     13.40      0.00
24      0.00      0.00     33.00      0.40      0.00      0.20      0.00     24.20      3.40      0.20     20.00      0.00
25      0.20      0.00    217.00      6.40      0.00      0.00      0.00      0.00      0.00      0.40     62.00      1.60
26      0.00      0.00     92.60      2.40      0.00      0.00      0.00      3.60      0.00      1.20     14.80      0.00
27      0.00      0.00    137.20      0.00     15.00      0.00      0.00     15.60      0.00      0.00     33.60      0.00
28      0.20      0.00      0.20      0.00      0.00      3.40      0.00      0.20      0.00      0.00     97.00      0.80
29      0.00    -99.00      0.00      0.00      0.00      0.00      1.20      0.00      0.00      0.00     24.20     16.00
30      0.00    -99.00      0.00      0.00      0.00      9.20      0.80      0.20      0.00      0.00     42.00     43.40
31      2.60    -99.00      0.00    -99.00      0.00    -99.00      0.20      0.00    -99.00     48.00    -99.00      6.20
2016
01     20.00      0.00      0.00      0.00      4.00      2.00      0.00      0.00      0.00      0.00    194.00     97.20
02      2.00      0.20      0.40      0.00     36.20     17.60      0.00      0.00      0.00      0.00     71.40    197.20
03      3.00      4.40      0.80      0.00      0.00      9.60     26.80      0.00      0.00      7.40     35.80     53.00
04      0.00      5.00      0.00      0.00      0.80     54.60    -99.00      2.20      8.40      2.00     12.60     68.40
05      0.00      0.80      0.00      0.00      0.00      0.00     14.40      0.20      0.00      0.40      3.20    196.40
06      0.00      0.00      0.00      0.00      0.00      0.00    -99.00     35.00      0.00      6.60      0.80     78.80
07      0.00      1.00      0.00      0.00      0.00     22.00     12.80      5.20      0.00      1.00      4.20    136.60
08      0.60      0.00      0.00      0.00      0.00      0.00      4.20      0.20      8.60      3.20      5.40     26.40
09      1.00      2.60      0.00      0.00      0.00      0.00    -99.00      0.00      0.00      0.00     15.00      0.00
10      0.00      0.00      0.00      0.00      0.00      0.00      0.00      4.20      0.20      0.00      0.80      0.00
11      0.00      0.00      0.00      0.00      0.00      0.00    -99.00     26.40     23.40     31.00     21.20     20.80
12      0.00      0.00      0.00      0.40      0.00      0.00      0.00      0.00    172.80      4.80     14.80     51.80
13      4.60      0.00      0.00      0.00      7.80      0.00      0.00      0.00     63.60      0.00      3.60     55.20
14      0.00      0.00      0.00      0.00      0.00      0.00    -99.00      0.00      0.60     22.60      0.00    135.00
15      0.00      0.00      0.00      0.00      0.00      0.00      2.80      0.00      1.80     74.60      0.00    203.40
16      0.00      0.20      0.00      0.00      0.00      0.00      0.00      0.00      0.00     71.00      0.80    191.60
17      0.00      0.00      0.00      0.00      0.00      0.00    -99.00      0.00      0.00      0.20     52.40     23.40
18      0.00      0.00      0.00      0.00      2.80      0.00      0.00     12.80      0.00      0.00     14.40     11.00
19      0.00      0.00      0.00      0.00     42.00      0.00    -99.00      0.20      0.60      0.00     98.00     25.40
20      0.00      0.00      0.00      0.00      5.00      0.00      3.60      4.80      0.00      0.00     10.00      7.80
21      0.00      0.00      0.00      0.00     24.80      0.00      0.00      1.20     11.20      4.20      7.20      0.20
22      0.00      0.00      0.00      0.00      2.00      0.00    -99.00      2.60     23.40      0.20      0.00      3.60
23      2.00      0.00      0.00      1.00      3.20      0.00      5.80      5.60      9.00      0.00      0.00     11.20
24      0.80      5.80      0.00      0.00      0.60      0.00      0.00     10.60      0.20      0.00      0.00     15.40
25      2.80      7.60      0.00      0.00     27.20      0.00      0.00     70.20      2.20      0.00      0.00      0.20
26      0.00      8.20      0.00      0.00      0.00      0.00      0.00     19.40      2.20     50.40      4.00      0.00
27      0.80      0.00      0.40      0.00      0.00      0.00     15.60     14.00      0.00      0.40      0.00     10.20
28      1.80      0.00      0.00      0.00      0.60      0.00      9.40      0.00      0.00      1.20      2.80      0.40
29      0.00      0.40      0.00      0.00      0.40      0.00      1.80     25.80      7.60      7.40     33.00      2.00
30      0.00    -99.00      0.00      0.00     21.20      0.00      0.00      9.40     38.00     93.20    244.40      3.20
31      0.00    -99.00      0.00    -99.00      0.20    -99.00      0.00      0.20    -99.00     23.20    -99.00     54.60
2017
01     26.60     34.20      2.00      0.20    -99.00    -99.00      0.00      0.00      0.80     10.80    105.60     27.20
02     11.80     63.40      0.20    -99.00    -99.00    -99.00     13.20      0.00      0.00     12.80      0.20    116.80
03      5.80     67.60      0.00    -99.00    -99.00    -99.00     47.40      0.00      0.00     22.40    109.80     56.60
04      3.00      7.00      0.00    -99.00    -99.00    -99.00      0.40      0.00     55.20      1.80    281.40     32.40
05      0.60      0.00      0.00    -99.00    -99.00    -99.00      0.00      0.00     29.40      0.40    318.00     42.40
06      0.20      0.00      0.00    -99.00    -99.00    -99.00      0.20      3.40      7.40      1.60    109.60      2.00
07      0.00      0.00      0.00    -99.00    -99.00    -99.00      0.20      0.20      2.20      1.20      0.20      4.20
08      0.00      0.00      0.00    -99.00    -99.00    -99.00     10.60     27.60      0.20     41.60     48.60      7.80
09      2.80      3.00      0.00    -99.00    -99.00    -99.00      0.00      3.80      0.00     29.80     45.40      0.20
10      9.00     16.40      0.00    -99.00    -99.00    -99.00      7.20      0.20      0.00      0.00     26.40      0.00
11      1.80     25.40      0.00    -99.00    -99.00    -99.00     23.00      0.00      0.00      0.00     10.80      0.00
12      0.00      7.40      0.00    -99.00    -99.00    -99.00      6.60      0.00      0.00      0.20      0.20      0.00
13      0.00      1.20      0.00    -99.00    -99.00    -99.00     35.00      0.00      0.20     11.60      0.00      0.00
14      3.40      5.60      0.00    -99.00    -99.00    -99.00      0.00      0.00     29.40      0.20      0.00      0.00
15     19.60      7.60      0.00    -99.00    -99.00    -99.00      8.20      0.00      3.80      0.00     31.60      1.40
16     15.80      0.60      0.00    -99.00    -99.00    -99.00      2.40      0.00      0.00      0.00      6.00     10.40
17      5.00      0.00      0.00    -99.00    -99.00    -99.00      0.20      1.00      4.40      0.00      0.00     27.60
18      0.00      1.60      0.00    -99.00    -99.00    -99.00     53.20     20.00      0.20     15.80      0.80      2.00
19      0.00      0.00      0.20    -99.00    -99.00    -99.00     15.40      3.40      0.00     88.20    113.60      0.20
20      7.80      0.00      0.00    -99.00    -99.00      0.00      0.20      0.00      0.00      0.00     13.20      0.00
21     27.00      0.00      0.00      0.00    -99.00      3.80     58.40      0.00      9.20      0.00      2.40      0.00
22     16.60      0.00      0.00    -99.00    -99.00      0.20      9.20      0.00      1.00      0.00    114.40      1.40
23     16.80      0.00      0.00    -99.00    -99.00      0.00      5.00     28.80      7.60      5.60     46.80      6.00
24     24.60     14.00      0.00    -99.00    -99.00     11.80     20.40      3.20      0.00     26.00     60.60      1.00
25     63.00      2.40      1.60    -99.00    -99.00      0.00      4.20     12.40      7.00     52.80     40.20      6.60
26     11.60      0.00      4.40    -99.00    -99.00      2.40      3.40     12.80      0.00     14.80     38.00     81.80
27      3.20      6.20     12.00    -99.00    -99.00      0.00     10.80     10.40      0.00      2.80     22.60     30.20
28      0.00      4.20      0.60    -99.00    -99.00      0.00      2.40      0.00      3.20      0.00     16.20     25.80
29      0.00    -99.00      0.20    -99.00    -99.00      0.00      0.00      0.80      0.20      0.20     33.00     25.60
30      0.00    -99.00     14.00    -99.00    -99.00      0.00      0.00      0.00      0.20     27.00      7.40      6.60
31      0.00    -99.00      4.40    -99.00    -99.00    -99.00      0.00     10.20    -99.00    147.60    -99.00      7.00
2018
01      6.60      0.00      0.00      0.00      0.00      0.00     55.20      0.00     31.00     20.40      0.00      6.80
02     12.40      0.00      0.00      0.00      0.00     24.80      0.20      0.00      0.40     47.20      0.00      0.00
03      6.60      0.00      0.40      0.00      0.00     67.80      0.00      0.00      0.20     85.60      0.00      0.00
04     11.00      0.00      0.00      0.00      5.40     24.20      0.00      0.00      2.20     71.40      0.00      0.00
05      2.00      0.00      0.00      0.00     13.40     11.60      0.00      0.00     26.80      0.20      0.00      0.00
06      0.00      0.00      0.00      0.00      9.20      0.20      0.00      0.00      0.20      0.00      5.00      0.00
07      0.00      0.00      0.00     40.00      0.20      2.40     44.00      0.00      0.00      0.00     40.20      9.20
08      0.00      0.00      0.00     10.20      0.00      1.20      1.80      0.00      0.00      0.00    133.60     51.80
09      1.40      0.00      3.20      0.00      8.80      1.60      9.40      0.00      0.40      0.00     31.80    289.40
10      0.00      0.00      0.00      0.00      1.40      0.00     48.80      0.00     24.80      8.80      0.00     29.00
11      0.00      2.00      1.20      0.00      0.00      0.00      0.00      0.00     11.80     21.20      2.00     98.20
12      5.60     16.20      1.20      0.00      0.00      0.00     18.40      0.00      3.20     72.00      2.60     75.00
13      8.60      2.20      0.00      0.00      0.00      0.00      0.00      0.80      1.20     23.00      0.00     25.20
14     15.20      0.00      8.00      0.00      0.00      0.00      0.00      0.00      0.20      0.00      0.00     63.80
15      4.40      0.20     16.80      0.00      0.00      0.00      0.00      0.00      0.20      0.00      0.00     77.80
16      3.20      0.00      0.00      0.00      0.00      0.00      0.00      0.00     23.00      0.00      0.00     50.20
17      0.00      0.00      0.00      0.00      0.00      0.00      0.00      0.00      8.80      0.00      0.00      7.40
18      0.00      0.00      0.00      0.00      0.00      0.00      0.00     40.00      3.00      0.00      0.00      3.20
19      1.00      0.00      9.20      0.00      0.00      0.00      0.00      0.20      9.40     14.00     22.20      0.80
20      1.80      0.00      0.00      0.00      0.00      0.00      0.00     17.00     17.40     13.00      0.40      0.00
21      0.80      0.00      0.40      0.00      0.00      0.00      0.00     14.60      3.20      3.00      0.20      0.00
22      0.60      0.00      0.20      0.00      0.00      0.00      0.00      0.00      0.00      1.00     33.00      0.00
23      0.00      4.80      0.00      0.00      0.00     18.00      0.00      0.40      0.00      0.00      6.40      0.00
24     10.80      0.20      0.00      0.00      0.00      0.80      0.00      0.00      0.00     27.80     45.00     16.40
25      1.60      0.00      0.00      0.00      7.60      9.60      0.00      0.00      0.00      0.00    186.60      3.80
26      3.80      0.00      0.00      2.60      0.00      0.20      0.00      0.60      0.00      0.00     15.20      4.60
27     11.80     14.00      0.00     51.80      0.00     26.60      0.00      0.00      0.00     20.60      7.20     14.20
28      3.40      0.00      0.00     62.40      0.20      0.00      0.00      0.00      0.00     16.00     14.00     45.80
29      7.40    -99.00      0.00      0.00      0.00      1.00      0.00      0.00      0.00      1.00    101.60    147.00
30      0.20    -99.00      0.00      2.40      0.00      0.00      0.00      0.00     18.40      0.20      3.00     36.00
31      0.00    -99.00      0.00    -99.00      0.00    -99.00      0.00      0.00    -99.00      0.00    -99.00     18.20
