TruongSon           
   106.45400       17.216999              36
2011
01      0.00      0.60      0.00      0.60      0.00      0.40      0.00      2.20      3.00     19.80     61.80      6.20
02      0.00      1.60      0.00      0.00      0.00      3.00      9.80      0.40     12.80      7.80      0.40      4.20
03      0.00      2.00      0.00      0.00      0.00      0.00     18.80     23.80      0.00      2.80      6.80      0.40
04      6.60      0.20      4.40      0.00      0.00     11.60      0.00      0.00      6.80      0.20     18.00      0.00
05      0.20      0.00      0.20      0.00      0.00      1.60      0.00      0.00      0.20      7.60    179.80      2.20
06      7.40      0.00      0.00      0.00      2.80     29.40      1.00      0.00      6.20     10.40     28.60      5.60
07     20.20      0.00      0.00      0.00      2.00      0.20      7.20      5.00     12.40     15.40     82.20     30.80
08     15.00      0.00      0.80      0.80     28.80      0.00      5.60      0.00      4.00      8.00      4.40      9.60
09      4.40      0.00      0.00      0.80      0.20     55.80     31.60      4.40     21.80     68.60      0.00     12.40
10      2.60      0.00      0.40      0.00      0.00     12.60      2.60      0.00     64.80     16.60      0.00     15.40
11      0.00      0.80      0.00      0.00      0.00     23.20     29.60      0.60      7.40      0.00      0.00      0.60
12      0.00      7.80      0.00      0.00      2.40      1.20      1.00     13.20      2.80      0.00      0.00      0.00
13      0.00      8.20      0.00      0.00      4.00     12.60      0.00      0.00      8.60     23.60      0.00      0.20
14      0.00      6.40      0.00      0.00     11.40      3.60      9.00      0.00      0.40     19.20      0.00     10.60
15      0.00      0.80      0.00      0.00     60.80      3.40      0.40     46.00      4.60     21.80     19.60     21.60
16      0.00      0.20     11.20      2.40      1.20      5.40      0.00      0.00      9.20      9.40     21.40     42.60
17      0.40      0.00      1.60      0.00      5.40      0.80      0.00      0.00      0.00     74.80      0.20     13.60
18      0.80      0.00      0.20      5.80     45.20      4.60      0.00      0.40     15.20     44.40      0.00     14.40
19      0.00      0.00      0.00      0.40      0.00      1.60      0.00     12.80      1.40     21.60      0.00      3.00
20      0.00      0.00      0.00      1.60      0.00      0.20      0.00     16.20     28.40      6.60      2.80      2.00
21      1.60      0.00      0.00      0.00      0.00      0.40      0.00      3.60     23.20      0.20     10.60      3.80
22      3.40      0.00      7.00      6.00      0.00      0.00     34.80      0.00     10.40      0.00     12.40     11.80
23      5.80      0.00     26.20      4.40     16.40      0.00      5.60      0.00     31.40      0.00     64.60     12.20
24      6.00      0.00     11.00      0.00      3.40      9.00      0.80      0.00     89.20      0.00      3.60      6.20
25      3.80      0.00      9.00      0.00      7.40      0.00      2.60      0.00     10.80     10.00    113.40      2.80
26      4.80      0.00      3.40      0.00      0.00      0.00      4.40      0.00      0.20     26.40     40.60      0.40
27      5.40      0.00      5.40      0.00      0.00      0.00      0.00      0.00      6.20    113.60      0.20     11.40
28      3.20      0.00      2.40      0.00      0.00      0.00      0.00      2.80      0.00     45.20      5.00     11.00
29      2.60    -99.00      1.00      0.00      0.00      0.00      0.00      0.20      0.00      1.60      3.00      0.00
30      1.60    -99.00      0.00      0.00     27.20      0.80      5.00      0.40      0.00      9.20      0.60     11.60
31      7.00    -99.00      1.20    -99.00      1.20    -99.00      4.20      1.80    -99.00     15.80    -99.00     23.80
2012
01     19.40      1.80      0.00     49.40      0.00     38.40      4.40      0.00      0.00      0.00      2.60      0.00
02      8.00      1.80      0.00      7.20     11.60      1.40      8.20      0.00      5.80      5.40      2.00      0.00
03      0.00      2.00      0.00      6.40     14.20     22.60     18.60      0.00      8.60      8.60     10.00      0.00
04      0.80      0.40      0.00      8.60      0.20     20.20      3.80      0.00      3.00      0.20      1.60      0.00
05      3.40      0.00      0.20     47.00      0.00      1.80      5.60      0.00     18.80      0.00      0.00      0.00
06      0.60      0.00      0.40      0.20     11.00      1.40      9.80      0.00     24.20    147.60      0.00      0.00
07      0.80      0.00      0.40      3.40      0.00      8.00      0.20      1.60      0.40     41.80     12.40      0.00
08      1.60      0.20     10.20      0.00      0.00      2.60      4.80      0.00      3.40     36.20      0.60      0.00
09      0.00      0.20      0.00      0.00     18.40      0.00      6.60      0.00     14.00      6.20      0.00      1.20
10      0.40      0.00      3.40      0.00      0.00      0.00      0.00      0.00      2.80      0.00      0.00      0.00
11      1.80      0.00      0.80      0.00      0.20      0.00      0.00      0.00     45.60      0.00     50.40      0.00
12     15.00      0.00      1.80      0.00      8.40      0.00      3.40      0.00     45.60      0.00     25.60     10.20
13      4.80      0.00      0.00      0.00      5.40      0.00      0.00      0.00      9.40      0.00     21.60     20.80
14      0.80      0.00      0.00      0.00      1.80      0.00      0.00      0.00     42.00      0.00      0.20     22.40
15      2.80      0.00      0.00      0.00     17.20      0.00      0.80      1.60     22.00      0.00      2.20      0.20
16      8.20     16.60      0.00      0.00     75.40      0.80      0.00      4.20      0.00      0.00     43.60      0.00
17      4.00     37.40      0.00      0.00      5.00      8.60      3.40      0.40      0.00      0.00     12.60      0.00
18      0.00      7.80      0.00      5.00      0.00      0.00     10.80      1.20      0.00      0.00      1.00      6.40
19      0.00      2.80      1.00      2.00      0.00      0.00     31.40     18.20      0.00      0.40      0.80     32.80
20      0.00      0.20     22.00      0.20      0.00      0.00      9.40      0.00      1.40      0.00      0.00      2.00
21      0.00      0.80      0.00     26.00      0.00      0.00      2.80      0.00      0.00      8.20      0.00      0.00
22      0.00      0.00      0.00      0.20      0.20      0.80      0.00     41.00     39.40      0.80      0.00      1.80
23      4.00      0.00      0.00      0.60      0.00      0.00      2.60     10.60      0.00     20.60      1.00     38.80
24      1.20      0.00      0.00      0.00      0.00      0.00      0.00     19.00      0.00      3.00      3.20      2.60
25      3.00      0.00      0.00      0.00      6.60      0.00      0.00     10.20      0.40      0.20      0.00      3.20
26      0.20      0.80      0.00     10.40      3.80      0.00      0.00      1.80      7.80      0.40      0.00     19.20
27      0.00      2.20      1.80      1.60     13.80      4.20      0.60      1.80     26.80      6.00     21.40     19.60
28      0.00      0.00      0.00      0.20      0.20      0.00      2.80      0.20      6.00      0.00      0.00      1.80
29      0.80      0.00      0.00      8.40     32.60     13.40     13.60      0.20      5.00      4.00      0.00     21.80
30      8.60    -99.00      0.00     16.20     67.00      1.80      0.80      0.60      0.00     17.20      0.00      5.00
31     13.20    -99.00     19.00    -99.00     60.40    -99.00      0.00      4.00    -99.00      4.80    -99.00      0.00
2013
01      0.00      0.80      0.00      0.20     56.80      0.20      0.00      6.60      8.60     29.20      0.00      1.80
02      0.00      0.20      0.00      0.00     33.00      5.80      1.00      0.40      0.40    161.60      0.00      0.00
03      0.00      0.00     43.20      0.00      4.40     24.40      0.20      2.40      9.20     40.40      0.00      0.00
04      4.20      0.00     17.60      0.00     11.00      5.40      0.20      0.00      3.00     60.40      0.00      4.40
05      2.20      0.00      0.40      0.00     17.80      2.00      0.00      0.00      0.00      2.20     61.40      0.40
06      7.00      0.00      1.00     44.00      2.20     27.00      1.60      0.00     24.00      0.00    212.80      0.60
07      3.20      0.00      0.20      1.80      3.00      0.20      5.80      0.20      2.40      0.00    174.20      0.00
08      2.20      0.00      0.00      0.40      3.20      0.00      0.20      0.00      0.00      0.00     17.80      0.00
09      2.60      0.00      0.00      0.20      0.60      0.00      0.00     44.40      6.40      0.00      6.80      0.00
10      3.80      1.60      0.00     18.80      1.40     15.20     16.80      1.40      5.00      0.00     20.40      0.00
11      8.20      1.20      0.00      7.20     32.00      6.40      0.00      1.80     53.60      6.40      0.20      0.00
12      0.00      0.00      0.00      2.80     18.40     64.00      0.60      2.40     29.00      0.20      0.00      8.40
13      0.00      0.80      0.00      2.80      0.00      0.20      4.40     12.20      8.80      0.00      1.20      0.20
14      1.20      0.00      0.00      0.00      0.00      3.80     26.00      0.20    101.00     41.20     10.00      0.00
15      0.40      0.00      4.40      0.00     13.60      1.00      0.40      0.00     22.00     36.20    415.80      0.40
16      0.00      0.00      0.40      0.00      0.00      6.80     11.60      0.00     95.80      0.20     94.20      6.40
17      0.00      0.00      0.00     32.60      0.20     46.40     27.20      0.00     47.40      8.40     68.00      7.40
18      0.80      0.00      0.00      1.00      0.00     21.00      6.60      0.00     61.00     23.00      1.80      0.40
19      0.40      0.00      1.20      0.00      0.00      1.80     16.60      0.00      0.00     23.00     28.00      0.00
20      0.00      0.00      0.00      0.00      0.00      7.40      1.20      0.00      0.80     20.20      2.00      0.00
21      0.00      3.40      0.00      0.00      0.00      0.40     98.80      1.00     21.20      5.40     11.40      0.60
22      0.00      2.60      0.40      0.40      0.00     10.60     16.80      2.40     14.20      0.00     20.00      0.00
23      0.00      4.00      0.00     14.20      0.00      2.80      9.60      0.00     17.20      0.00     21.00      0.00
24      0.00     28.20      2.00      0.20     17.80      0.00      4.00      0.00      0.60      0.60      0.80      0.20
25      1.00      1.00      0.00      0.80      0.00      0.60      0.40      0.80     27.80      0.20      7.00      0.00
26      0.00      0.00      0.00      1.60      0.60      0.00      0.00      6.40      2.00      1.60      0.40      0.00
27      1.00      0.00     19.40      5.60     23.80      0.00      2.20      0.20      5.40      0.80      8.40      0.20
28      7.60      0.00      1.40      0.00      0.40      0.00      2.40     20.20      8.20      0.00     27.80      0.00
29      2.00    -99.00     12.20     12.40      0.00      0.00      0.40      0.00      0.00      0.20     75.00      0.00
30      6.60    -99.00      0.00      4.60      0.40      5.60     41.60      0.00      0.00      2.20      5.80      0.00
31      4.00    -99.00      6.20    -99.00      7.60    -99.00      2.80      0.00    -99.00      0.00    -99.00      0.80
2014
01      0.00      0.00      0.00      2.20     36.60      0.00      0.00      0.00      2.80      0.00      1.40    112.20
02      0.00      0.00      0.00      2.00     16.20     24.60     13.00      0.20      2.40      0.00      0.20      3.00
03      0.00      0.20      0.00      2.80     14.20     12.00     44.60      0.80     29.00      0.00      1.40      9.60
04      0.00      0.00      0.00     26.60      9.20      2.60      2.20      2.20      7.20      0.20      1.00      1.60
05      0.00      0.00      0.00      8.20     81.60      0.00      2.60      0.20      0.20     55.20      1.40     19.80
06      0.00      0.00      0.00      1.80      0.20      0.00      1.60      0.20      0.00      6.00     15.20     15.80
07      0.00      0.00      0.00      0.40     11.60      0.00      1.60      0.20      0.00     87.00      0.20      2.80
08      0.00      0.00      0.00      0.00      6.20      0.00      0.00      0.00     62.20      3.60      0.00     15.60
09      7.00      0.00      0.00      3.40      0.00      0.20     10.80      0.00     16.40      0.00      0.00     19.60
10      6.60      0.00      6.60      0.00      0.00      0.00      0.20      0.00      0.20      0.00      0.00      1.60
11     11.00      0.00      0.00      0.00      0.00      2.00      3.80      0.00      0.20      0.20      0.00      4.00
12      3.40      0.00      0.00      0.00      6.20      4.60     15.80      0.00      4.60     24.20      7.80      9.60
13      9.80      0.00      0.00      0.00      0.60      2.00     10.60      6.60     12.60     29.20    102.20      3.00
14      2.00      0.00      0.20      0.00      0.00      0.00      5.60    -99.00      0.60      2.40     75.40      5.80
15      0.00      0.00      0.40      0.00      0.00      0.20      0.20    -99.00     18.80      0.20    128.00      2.00
16      0.20      0.00      0.00      0.00      1.80      0.00      5.80    -99.00      5.00      8.20     17.60     24.20
17      1.00      0.00      0.00      0.00      0.00      2.80      1.60     17.20      0.20      1.40      2.00     11.00
18      2.60      0.00      0.00      0.00      0.00      0.00      7.00      6.80      0.00     66.00      2.20      1.20
19      2.60      1.40      0.00      0.00     10.60      0.00      3.60      0.40      0.60     56.80      7.60      0.80
20      3.60      0.20      0.00      0.00     13.60      0.00    -99.00      4.00      5.60     11.20     11.00      0.00
21      0.00      0.00      8.80      0.00      0.40      0.20      2.20     11.60      3.80     12.00      2.80      1.80
22      0.00      0.00     50.40      0.00      0.00      0.00     61.20      0.20      0.00      4.00      0.00     25.20
23      0.00      0.40      2.40      0.00      1.40      0.00      0.20      1.00     26.20      4.60      0.40      1.80
24      0.00      0.00      0.20      0.00      0.00      0.00      0.00      0.00     13.80     44.60      2.00      7.00
25      0.00      0.00      0.00      0.00      0.00      0.00      6.00      3.00      0.20      3.20      0.40     16.60
26      0.00      0.00      0.00      0.00      0.00      0.80      0.80     18.60      0.00     39.40      0.00     16.60
27      0.60      0.00      0.00      3.60      0.00      4.20     13.00      1.40      0.00      1.20      0.20     16.80
28      0.00      0.00      0.00     79.60     30.60     14.40     31.40     32.00      0.00      8.20      0.40     19.00
29      0.00    -99.00      0.00     29.20      0.20      9.40      6.60     18.20     11.20      0.00      4.20      1.00
30      0.20    -99.00      0.00      0.40      7.60      1.40      6.60     11.00      2.60     11.00     32.00      0.00
31      0.00    -99.00      0.00    -99.00     12.40    -99.00     78.60     81.00    -99.00     20.40    -99.00      0.20
2015
01      0.00     26.00      0.00      0.00      4.80      1.60      0.00      1.80      0.00      0.20     86.60      5.60
02      2.80     41.40      0.00      7.40      0.00      0.00      0.00     14.20      0.00      4.60     82.00      0.00
03      5.20      3.00      0.00     14.00      0.00     26.00      0.20     10.60      1.60     42.60     41.40      0.00
04      1.80      2.80      0.00      1.20      0.00      0.00      0.00     13.80     10.20     16.40     93.00      0.00
05      0.00      1.80      0.00      0.00      3.40      0.60      5.20     35.00      0.00      0.80    139.80      3.40
06      0.00      3.60      0.00      0.00      0.00      0.40      0.40     16.20      8.60      1.20     11.00      1.20
07     19.40      1.20      0.00      0.00      0.20      0.00     30.60      6.60      0.20      4.20      4.60      2.60
08     42.80      1.40      0.00      0.00      0.00      0.80      0.40      2.80      0.00      3.40      9.40      3.40
09      9.20      9.80      0.00      0.00     17.20      0.00     29.40      7.40      0.00      4.60      0.00      0.20
10     12.60      0.60      0.00      0.40      3.20      0.00      5.00      2.00      7.00      0.00      2.40      1.20
11      6.80      0.00      0.00     10.00      0.00     12.40     28.20      0.60      0.80     15.00      7.00      0.60
12      0.20      0.20      0.60     21.20      0.00      0.00      0.20      0.00      0.60     17.00      1.60      0.00
13      0.00      0.00      0.00      0.20      4.60      0.00      0.00      0.00     11.20      1.00      0.20      0.00
14      0.00      0.00      0.00      0.00      0.00     23.80      0.00      6.60    117.40     39.00     40.80      0.00
15      0.00      0.00      0.00      0.00      4.20      4.20      0.00     13.40      9.40     28.80      0.00      5.00
16      0.00      0.00      0.00      0.00      0.20     11.00      0.20     12.60      5.80      0.20      0.00     31.00
17      7.40      0.00      0.00      0.00      2.40     15.60      3.00      7.00      1.40      0.00      0.00      8.80
18      8.40      0.20      0.00      0.00      0.40     53.40      4.20      0.00     10.20      0.00      7.60      1.20
19      0.80      1.40      0.00      0.00      3.40      0.00      1.40     16.20      0.00      0.00      1.40      4.80
20      0.20      0.00      0.00      0.40      0.20      2.40      2.40      0.00      0.00      0.00      4.40      7.40
21      0.00      0.20      0.00      4.80      0.20     22.00      0.40      0.20      2.40      0.00      7.60     14.60
22      0.00      0.20      0.00     25.20      2.20      0.80      0.00     14.80      6.00      0.00      2.20     17.80
23      0.00     16.20      0.00      0.60      0.00      5.80      0.00      9.00      6.20      0.00      4.20      0.00
24      0.00      0.00     19.00      0.40      0.00      2.60      0.00      2.40      0.20      0.00      5.00      0.00
25      0.00      0.00    185.20      1.20      0.00      0.00      0.00      0.20      0.00      0.40     30.60      1.40
26      0.00      0.00    139.20      0.20      0.00      0.00      0.00      1.00     26.60     14.00     24.80      0.80
27      0.20      0.00     40.40      0.00      0.00      0.00      0.00      0.00      0.00      2.00     23.00      0.00
28      0.00      0.00      9.60      0.00      0.00      0.00      0.00      0.00      0.00      0.00     42.40      0.60
29      0.00    -99.00      0.60      0.00      0.00      4.80      1.00      0.00     41.60      0.00     14.00      7.00
30      0.00    -99.00      0.00      0.40     44.60      2.40      3.20      3.40      1.60      0.00      2.00     55.60
31      1.00    -99.00      0.00    -99.00      8.20    -99.00      0.00      0.00    -99.00     15.20    -99.00      7.00
2016
01      8.40      0.00      0.00      0.00      1.20     39.20      0.00      0.00      0.00      0.20    254.00     20.60
02      1.60      0.20      0.20      0.00     38.60      4.60      0.00     20.40      0.00     12.60     46.60    101.60
03      0.40      1.00      0.00      0.00      0.20     30.20      0.00      8.60      0.00     20.80     27.40    137.60
04      3.60      4.80      0.00      0.00      3.00      1.80      6.80      4.80      1.00      0.60      5.40     34.00
05      0.00      1.60      0.00      0.20      0.00      1.60      0.00     56.80      0.40     27.80      1.20     63.00
06     10.80      0.00      0.00      0.00      0.60      0.60      0.00     21.60      0.20     14.20      6.20     34.80
07      0.00      0.00      0.00      0.00      0.00      0.00      0.00      0.20      0.00      0.80      9.60     79.40
08      1.60      0.00      0.00      0.00      0.00      1.20     19.40      0.00     61.60      8.20     24.60     38.00
09      1.20      1.80      0.00      0.00      0.20      0.00      0.00      0.00      0.00     24.20     18.20      0.20
10      0.00      0.00      0.00      0.00      0.00      0.00      0.00      0.00      8.80      4.40      0.40      0.00
11      0.00      0.00      0.20      0.00      0.00      0.00      0.00      0.20     40.80     14.20     23.20     32.60
12      0.00      0.00      0.20     11.00      0.00      0.00      0.00      3.40     66.40      1.20      5.80     53.60
13      0.00      0.00      0.00      0.00     10.60      0.00      0.00      0.00     74.60      0.00      0.00     57.20
14      1.60      0.00      0.20      0.00      0.00      0.00      0.00      0.00      0.00      6.00      0.00     80.80
15      0.00      0.00      0.00      0.00      0.00     51.60     13.80      0.00     48.80     47.60      0.00    158.60
16      0.00      0.20      0.00      0.00      0.00      3.00      7.20      0.00      1.60    122.00      0.00    146.60
17      0.00      0.00      0.00     14.80      0.60     49.80      0.00      0.00      2.80      0.40     37.40     12.80
18      0.40      0.00      0.00      0.20      4.40      3.00     20.40      8.80      2.40      0.00     15.20     11.60
19      0.20      0.00      0.00      0.00      0.00      0.20      0.00      0.00     13.80      0.40      9.40     20.00
20      0.00      1.20      0.00      0.00      0.00      0.00      0.20     65.40      1.60      5.80      8.20      4.80
21      0.00      0.00      0.00      0.00    121.40      5.40      5.60     32.60      9.60      9.60     18.00      2.40
22      0.20      0.00      0.00      0.00     59.20     18.80      0.00      9.40     41.20      0.20      0.40      6.40
23      0.60      0.00      0.00     31.40     19.40      3.80     18.60     11.00     19.80      1.00      0.40      9.40
24      0.00      1.00      0.80      2.00     17.00     86.80      0.20     22.60     30.80      0.00      0.00     16.80
25      0.20      4.00      0.00      0.60     18.60     79.00      2.80     30.20     25.00      1.40      0.20      0.20
26      1.00      6.20      0.40      0.00      0.00     23.20      0.00     20.00      1.00     11.60      2.40      0.00
27      4.20      0.00      1.80      0.00      0.00     80.00    116.60     22.80      0.00      0.20      0.00      3.60
28      1.20      0.00      0.40      0.00      0.40      0.20      4.40      8.00      0.00      1.20      1.80      0.40
29      0.00      0.00      0.00      0.00      1.40      0.20      3.00      3.80      5.40      6.80     26.60      0.80
30      0.00    -99.00      0.00     14.40      1.40      0.00      0.00      0.60     51.80     20.00     73.40      0.20
31      0.00    -99.00      0.00    -99.00     10.20    -99.00      0.00      0.00    -99.00     14.40    -99.00     44.00
2017
01     50.60     17.60      0.00      0.20      0.00      0.00      0.00      0.00      4.60      2.40    100.40      7.80
02     21.00     28.60      0.20      3.40      0.00      0.00      0.20      0.00      0.00      8.20      0.60     69.80
03      5.20     19.00      0.00      4.00      0.00      0.00      4.40      0.00      0.00     30.00     40.00     63.00
04      3.00      5.80      0.00      0.40      0.00      0.00     79.80      0.00      9.20     57.80    260.60     42.00
05      0.20      0.00      0.00      0.20      5.20      0.00      0.20      0.00     15.80      0.60    403.80     24.60
06      0.20      0.00      0.00      0.00      0.20      0.00      0.20      1.40      1.60      1.40     87.80      0.20
07      0.40      0.00      0.00      0.00      5.20      3.60      0.00      0.00     27.60      0.00      6.80      4.20
08      2.80      0.00      0.00      0.00     27.40      5.20     20.80      4.20     27.00     30.20     39.40      8.40
09      1.00      1.00      0.00      0.00     48.00      0.20      8.00      2.20      0.00     13.80     47.60      0.00
10     10.80      8.00      0.00      0.00     13.00     15.00      6.80     29.80      0.00      1.40     20.40      0.20
11      7.80     13.80      0.00      0.00      0.40     18.80      3.80     14.40      0.00      0.00      7.20      0.00
12      2.40      2.00      0.00      0.00     10.20      4.20     13.80      0.20      0.00      9.20      0.20      0.00
13      0.20      0.00      0.00      0.20      5.80      3.40     58.00      0.00      1.40      2.80      0.00      0.00
14      4.80      3.40      0.00      0.00      0.40     24.40     18.80      0.00     18.00      0.00      1.20      0.00
15     19.00      1.20      0.00      0.00     19.80      0.20      3.80     15.40      4.00      0.00     46.20      5.40
16     48.60      0.00      0.00      0.00     68.00      0.00      0.80     15.20      0.20      0.00      6.00     10.40
17     16.20      0.00      3.60      0.00     13.80      0.00      0.00      1.20      8.00      0.00      0.00      6.80
18      0.00      1.00      0.00      0.00      5.80      0.00     44.20     59.40      0.00      5.20      0.00      0.00
19      0.20      0.00      3.00      0.00      6.40      0.00      2.20      2.80      0.00     78.20    168.40      0.40
20      5.60      0.00      0.00      0.00      0.80      0.00      1.60      0.00      0.00      0.20     24.40      0.00
21      4.40      0.00      0.00      0.00     39.60      0.00     15.80      0.00      5.00      0.00      2.60      0.00
22     15.80      0.00     16.20     75.00      0.20      5.40      8.60      0.00      0.20      0.00    127.60      2.40
23      2.80      0.00      0.20      2.40      1.80      7.80      2.80      2.40      5.20      3.40    147.20      5.40
24      8.40      6.00      0.00     49.60      2.60      2.80      8.80      0.20      0.00      9.80     18.60      0.60
25     34.40      6.40     26.60      0.40      2.80      0.40      7.40     12.60      0.80     19.00     15.40      0.00
26      9.40      0.00      2.00      0.00      1.00      4.00     12.60     20.00      0.00      3.20     15.40     39.00
27      0.20      2.20     10.40      0.00      8.80      5.20     10.20     21.20      0.60      0.40      8.40     72.40
28      0.00      4.40      0.40      6.00     36.80     32.00      3.00      0.00      0.00      0.20     13.20     25.20
29      0.00    -99.00      5.00      5.60      4.60      5.20      0.00      9.60     73.80      0.60     19.00     37.80
30      0.00    -99.00      9.40      1.20     15.60      0.00      0.00      0.40     10.60     18.00      1.00      4.20
31      0.00    -99.00     13.80    -99.00      0.00    -99.00      0.00     10.80    -99.00    144.00    -99.00      5.20
2018
01      0.60      0.20     18.80      0.00      0.00      0.00      0.00      0.00     15.60      6.60      0.00      0.20
02      3.40      0.00      0.20      0.00      0.00     13.00      0.00      2.40     15.60     18.00      0.00      0.00
03      4.60      0.00      1.00      0.00      0.00     48.20      0.00      0.20      0.20     45.20      0.00      0.00
04      8.80      0.00      0.20      0.00      7.40      4.20      0.00      4.40      0.00     89.80      0.00      0.00
05      0.40      0.00      0.00      0.00      9.40     13.40      0.00      4.40      8.60      1.20      0.00      0.00
06      0.00      0.00      0.00      0.00     45.40      0.20      0.00      0.20      0.20      0.00      0.40      0.00
07      0.40      0.00      0.00     31.80      0.40      3.40      0.00      0.80      1.80      0.00     28.40     21.00
08      2.80      0.00      4.60      6.40      0.00      2.40      0.00      2.20      2.20      0.00     87.40     27.80
09     41.80      0.00      2.40      0.00     21.60      0.00     37.60      5.60    177.40      0.00     14.00     38.80
10      0.00      0.00      1.00      0.00      1.00      0.00     51.80      1.00      5.60      0.00      0.00      3.60
11      0.00      5.00      0.20      0.00      0.20      0.00      0.00      0.20      4.20     14.80      0.00     63.00
12      1.60      7.60      2.20      7.00      0.00      0.00      1.40      1.60     33.40     32.00      0.00     48.00
13      4.20      2.60      0.00      0.00      0.00      0.00      6.60      1.00     20.60      6.40      0.00     23.20
14      9.00      0.20      0.40      0.00      0.00      0.00      0.20      2.00      0.80      0.00      0.00     43.80
15      4.60      0.00     23.20      0.00      3.60      0.00     26.20      0.00      7.60      0.00      0.00     97.20
16      0.00      0.00      0.00      0.00     21.80      0.00      0.20      0.00     91.80      0.00      0.00     27.60
17      0.40      0.00      0.00      0.00     12.20      0.00      0.00      0.00     32.40      0.00      0.00      8.80
18      0.00      0.00      0.00      0.00      0.00      0.00      2.60      1.00     10.80      0.00      0.20      1.60
19      0.80      0.00      0.00      0.20      0.00      0.00      0.80      0.00     12.20     34.80      1.20      0.00
20      4.80      0.00      7.00      0.00      0.00      0.00      0.20      0.00      1.80      3.60      0.20      0.00
21      3.20      0.00      2.40      0.00      0.00      0.00      1.80      0.00     18.20      0.20      0.00      0.00
22      3.60      0.00      0.20      6.80      0.00      1.20      7.00      0.00      0.40      2.80     42.60      0.00
23      0.80      9.80      0.00      8.80      0.00      2.00     15.80      3.60      0.00      1.00      4.40      0.00
24      9.40      0.00      0.00      0.80      0.00      7.00      0.40      0.00      0.00      1.40      8.60      0.20
25      7.40      0.20      0.00     10.20      6.60      2.60      0.00      0.00      0.00      0.00     70.60      2.80
26      0.40      0.00      0.00      4.20      0.00     18.60      0.00      8.60      0.00      0.00      4.60      1.80
27      0.80      0.80      0.00      1.60      0.00      0.60      4.60      0.60      0.00     17.80     11.40     15.80
28      2.20      0.00      0.00      0.60      4.00      0.00      3.80      0.20      0.00      6.20      4.60     13.40
29     10.20    -99.00      0.00     23.80      0.00      0.00      0.00      0.00      0.00      3.60     35.00    103.80
30      1.00    -99.00      0.00      4.60      0.00      0.00      0.00      0.00      1.00      0.20      0.60     22.40
31      0.20    -99.00      0.00    -99.00      0.00    -99.00      0.00      0.00    -99.00      0.00    -99.00      1.60
