TraBong             
   108.54100       15.264000              24
2011
01      2.80      0.00      0.00      0.00      0.00      0.00      0.00      9.60      0.00      6.00     88.80     44.20
02      0.40      0.80      0.00      0.00      0.00      0.00      0.00      0.00      1.20     30.00      2.00     16.60
03      0.40      0.20      0.00      0.00      0.00      7.20      0.00      3.80      9.80     47.40      6.60      4.20
04      3.00      0.00      1.20      0.00      0.00      0.00      0.00      0.00      0.40      0.20     57.80      0.00
05      0.20      0.20      0.80      0.00      0.00      0.00      0.00     20.40     16.40      2.40      6.00     10.80
06      4.00      0.00      0.00      0.00      0.00      0.00      0.00      8.40      8.60      0.20     25.80      3.20
07     36.00      0.00      0.20      0.00      0.00      0.00      0.00      0.00      5.40      0.00     87.60     12.80
08     12.60      0.20      6.40      0.20      2.80      0.00      0.00      0.60     74.80      0.00      6.40      2.60
09      1.80      0.00      0.00      0.00      0.20      0.00      3.40      0.00     36.40     52.40      0.20     16.60
10      0.40      0.00      0.00      3.00      0.00      0.00      0.00      0.00     21.40     10.80      0.00      3.20
11      0.00      0.00      0.00      0.00      0.00      0.00      0.00      0.00      3.20      0.20      0.00      4.40
12      0.00      7.80      0.00      0.00      1.00      0.00      6.80      0.00      5.20     53.60      0.00      0.60
13      0.00      0.80      0.00      0.00      6.80      0.00      0.00      0.00     16.00      7.80      0.40      0.00
14      0.00      6.60      0.00      0.00      0.00      0.00      0.00      0.00      0.20      0.40      0.00      3.40
15     21.40      0.20      0.00      0.00      0.00      8.60      0.20      1.00      6.60      0.00     46.20     18.00
16      7.20      0.00      8.20      0.00      0.00      0.00      0.00     24.20      0.00     73.80      6.80     15.40
17      0.60      0.00      0.20      0.00      0.00      0.00      0.00      0.00     23.80    222.80      0.00      5.80
18      1.20      0.00      0.40      6.80     13.80      5.00      0.80      0.00      7.40    118.20      0.00      2.40
19      1.00      0.20      0.00      0.00      1.20      4.60      0.00      0.40      0.00     17.00      0.00      3.40
20      0.20      0.00      0.00      0.00      0.00     35.00      0.00      0.00      8.40      1.20      1.20     12.20
21      0.00      1.00      0.00      1.20      0.00     12.80      0.00      0.00      1.20      0.20     17.40     11.20
22      0.00      0.00      2.80      0.00      0.00      0.00      0.00      0.00     49.60      0.00      2.80     25.80
23      0.00      0.00     32.20      0.00      0.40      0.00      0.00      0.00    119.80      0.00     15.80      5.60
24      0.80      0.00      6.60      0.00      0.00      0.40      0.40      0.00    229.60      0.00      6.00     12.00
25      0.80      0.00     11.80      0.00      0.00      0.00      0.20      0.00     16.00      3.60     61.00      0.00
26      1.00      0.00      2.00      0.00      0.00      0.00      0.00      5.00      1.20     12.40     83.00      0.00
27      5.20      0.00      2.20      0.00      0.00      0.00      0.00      0.40      0.00     49.40      3.80      4.00
28      4.80      0.00      1.40      0.00      0.00      0.00      0.00      0.00      0.00      8.00      5.00      1.60
29      8.40    -99.00      3.00      4.80      0.00      0.00      0.00      0.00      0.00      0.20      8.20      0.60
30     18.00    -99.00      0.40      0.00      0.00      0.00      0.00      6.60      3.20      4.80      0.20     36.40
31     23.40    -99.00      0.00    -99.00      0.00    -99.00     18.80     15.20    -99.00     32.80    -99.00     24.60
2012
01     13.20      0.00      0.00      7.00      0.00      0.00      2.80      0.00      0.00      0.20     16.80      0.00
02      8.40      0.20      0.00      7.20      0.00      0.00      1.20      0.00      7.00      0.00     15.00      0.00
03      0.20      0.60      0.00      0.00      0.00      0.00      0.00      0.00     17.80      0.20      0.60      0.00
04      5.00      0.00      0.00      0.00      0.00      0.00      9.60      0.00      8.80      0.00      0.20      0.00
05      0.80      0.00      0.00      0.00      0.00      0.00     53.40      4.40      8.80     14.40      0.00      5.80
06      0.40      0.00      0.00      0.00      0.00      0.00      0.80      0.00      2.20    105.60      8.40     20.00
07      2.00      0.00      0.00      0.00      0.00     27.40      3.80      0.00      0.20     66.60     43.60      0.00
08      0.20      1.40      0.00      0.00      0.00      0.00      0.00      0.00      0.00     43.40      3.40      0.00
09      0.00      0.00      0.00      0.00      0.00      0.00      0.00      0.00      0.00      2.00      0.20      1.80
10      0.40      0.00      0.00      0.00      0.00      0.00      0.00      0.00      9.00      1.60      0.00      0.00
11     14.40      0.00      0.00      0.00      0.00      0.00      0.00      0.00     53.60      0.80      3.40      0.00
12     28.40      0.00      0.00      0.00      0.00      0.00      0.00      0.00      0.80      0.00      3.40     11.40
13      2.40      0.00      0.00      0.00      0.00      0.00      0.00      0.00      4.80      0.00      9.60      3.80
14      0.40      0.00      0.00      0.00      0.00      0.00      0.00      0.00     10.00      0.00      0.20      9.00
15     19.20      0.00      0.00      0.00      0.40      0.00      0.00      0.00     27.40      0.00      9.60      0.00
16     16.00     32.20      0.00      0.00      0.00      0.60      0.00      4.80      0.00      0.00      3.00      0.00
17     11.60     63.60      0.00      0.00      7.20     10.80      0.00      0.00      0.00      0.00     32.20      0.00
18      1.80     12.60      0.00      0.00      0.20      0.20      0.00      0.00     10.60      0.00      1.00      4.60
19      0.00     44.20      0.00      0.00      0.00      0.00      0.00      0.00     13.00      3.20      0.00      6.80
20      0.00      1.60      0.20      0.00      0.00      0.00      0.00      0.00      0.00      0.00      0.00      1.60
21      0.00      0.00      0.00      5.60      3.20      0.00      0.60      0.00      0.00      5.80      0.00      0.20
22      0.00      0.00      0.00      0.00      0.00     68.20      0.60     16.00      0.20      6.40      0.00      0.00
23      2.60      0.00      0.00      0.00      0.00      0.00      0.00     27.20      0.00     13.60      0.00      0.80
24      1.20      0.00      1.20      0.00      1.00      0.00      0.00     15.20      0.00      2.00      3.40      1.80
25      2.00      0.00      0.00      0.00      0.00      0.20      0.00     12.60     20.20      1.40      0.00      3.60
26      0.20     10.20      2.80      0.00      0.40      0.00      0.00      2.20      9.40     92.40      0.00      8.60
27      0.00     36.80      0.00      0.00      1.00      2.00      0.00     17.60     76.80     51.80      0.00     53.60
28      0.20      0.00      0.00      0.00      3.00      0.00     20.80      0.00      6.00      0.00      0.00      6.00
29      3.40      0.00      0.00      0.00     24.80      0.00      2.40      1.20     21.20      0.00      0.00     10.60
30      9.20    -99.00      0.00      0.00      7.40    -99.00      0.00      0.00      2.80     17.80      0.20     11.60
31     10.60    -99.00     13.40    -99.00      0.00    -99.00      0.00      0.40    -99.00     69.00    -99.00      0.20
2013
01      0.00      0.20      0.00      0.20     11.40      0.00      0.00      0.00      0.00     41.00      0.00      0.00
02      0.20      0.00      0.00      0.00      0.60      0.20      0.00      1.20      0.00    107.40      0.00      0.00
03      0.00      0.40     26.40      0.00      0.20      1.80      0.00      0.00      0.00     81.20      0.00      0.00
04      8.40      0.40      9.20      0.00      7.40      8.20      0.00      0.00      0.00    107.60      4.40      4.40
05      4.20      0.00      0.00      0.00      2.20      0.00      0.00      0.00      0.00      0.00     44.40      0.20
06     13.20      0.00      2.60      0.00      0.20      0.00      0.20      9.60      6.80      0.00     21.00      0.00
07     32.00      0.00      0.00      0.60      0.20      0.00      0.20      0.00      5.40      0.00     24.40      0.00
08      5.60      0.00      0.00      0.20      0.20      0.00      0.00      0.00      0.00      0.00     23.20      0.00
09      6.00      1.80      0.20      0.60      0.00      0.00     19.80      0.00      4.40      0.00     39.00      0.00
10      0.60      6.20      0.00      1.60      0.80      0.80      0.00      0.00     11.40      0.00     36.60      0.00
11      0.40      1.20      0.00     62.60      8.20      4.20      0.00     11.60     18.40      0.00      0.00      0.00
12      0.00      0.00      0.00      0.40      0.60      0.00      1.80      8.60      1.20      0.00      0.00      9.20
13      0.00      2.80      0.00      3.20      0.00      0.20      0.00      1.40     10.20      0.80      0.60      0.00
14      0.00      3.00      0.00      0.00      0.00      0.00      0.20      1.60     39.60     78.20      4.60      0.00
15      0.00      0.40      0.60      0.00      0.00      0.00      0.00      0.00     13.80     47.00    226.60      1.00
16      7.20      2.80      0.00      0.00      0.00      0.00      0.00      0.00      5.60      7.00     70.80      0.00
17      0.00      0.00      0.00      1.60      0.00      0.00      0.00      0.00     86.00     25.80     18.00      1.00
18      1.00      0.00      0.00      0.20      0.00      3.40      0.00      0.00     52.80      3.20      0.60      0.00
19     14.00      0.00      0.00      0.00      0.00      0.00     13.80      9.60      0.00     31.00     23.80      0.00
20      0.00      2.60      0.00      0.00      0.00      3.00      0.00      0.00      0.20     51.40      1.00      0.00
21      0.00      1.20      0.00      0.00      0.00      0.00      0.00      0.80     20.20      0.40      2.80      0.00
22      0.00      4.00      0.00      0.00      0.00      2.40      7.60      0.00     15.20      0.40      2.60      0.00
23      0.00     34.60      0.00      0.00      0.80      0.60     20.40      0.00      2.00      4.80      0.00      1.00
24      0.00     50.60      0.00      0.00      0.00      0.20      0.00      0.00      0.00      7.80      0.20      1.00
25      5.60      0.00      0.00      0.00      0.00      0.00      0.00      0.00     50.00      3.20      6.40      0.00
26      0.20      0.00      0.00      1.60      0.00      0.00      0.00     14.80      5.20      2.80      1.00      0.00
27      0.00      0.00      0.00      1.40      0.00      0.00      0.00      2.60      0.20      0.00     21.00      1.60
28      1.80      0.00      0.00      0.00      0.00      0.00      0.00      3.80     16.40      0.00     15.40      0.00
29      0.40    -99.00      2.00      0.80      0.00      0.00      0.00      0.40      0.00     10.00     10.40      0.00
30     12.40    -99.00      0.00      0.20      0.00      0.00      7.80      0.00      0.20      0.40     11.40      0.00
31      6.80    -99.00     10.40    -99.00      0.00    -99.00      7.80      0.00    -99.00      0.00    -99.00      0.00
2014
01      0.00      0.00      0.80      1.00      1.40      0.40      0.00      0.00      5.20      0.00      7.00    132.00
02      0.00      0.20      0.00      0.00      0.00      0.00      0.00      0.00      0.00      0.00      0.00      9.60
03      0.00      0.20      0.20      0.00      2.60      0.00      0.00      1.40      0.00      0.00      5.20      1.60
04      0.00      0.00      0.00      7.40      1.20      0.00      0.00      0.00      0.00      0.00      1.00      3.60
05      0.00      0.00      0.00      0.60      1.00      0.00      0.00      0.00      0.00      6.00      1.60     77.40
06      0.00      0.00      0.00      0.00      0.00      0.00      2.00      0.60      0.00      8.80      4.20     47.00
07      0.00      0.00      0.00      2.00      0.00      0.00      2.20      0.00      0.20     80.60      9.40     15.00
08      0.00      0.00      0.00      0.00      0.60      0.00      0.20      0.00      0.00      8.00      2.20     27.40
09      0.40      0.00      0.00      0.00      0.00      5.40     10.20      0.00      0.00      1.20      6.80     33.60
10      0.20      0.00      0.00      0.00      1.40      0.00     18.00      0.00      0.00      0.00      0.20     12.00
11      7.00      0.00      0.00      0.00      0.00      0.00      2.40      0.00      0.80      0.00      2.60      7.20
12      3.60      0.00      0.00      0.60      0.00      0.40      0.20      0.00     33.00     65.80     12.40     36.80
13     15.00      0.00      0.00      0.00      0.00      0.20      0.20      3.40      0.00     63.60     63.20     75.00
14     39.00      0.00      0.00      0.00      0.00      0.00      0.00    -99.00      0.00      7.20    131.80     12.00
15      0.00      0.00      3.00      0.00      0.00      0.00      3.40    -99.00      0.00      4.80     57.20      1.20
16      1.60      0.00      0.00      0.00      0.00      3.60      1.20    -99.00      0.00      7.20      3.40     12.00
17     18.80      0.00      0.00      0.00      0.00      0.40      0.00      0.00      0.00      4.60      0.20      9.00
18      7.20      0.00      0.00      0.00      0.00      0.00     35.60      0.00      0.00     49.60      0.00      1.40
19      1.80      0.00      0.00      0.00      0.00      0.20      0.40      0.00      0.00    109.60     23.40      3.20
20      9.40      0.00      0.20      0.00      0.00      0.60    -99.00      2.00      7.60     15.00      7.20      0.00
21      1.00      0.00      7.20      0.00      0.00      0.00      0.20      5.60      8.80      1.20      0.00     11.20
22      0.00      0.20     10.00      0.00      0.40     22.60      0.00      0.00     24.00    116.40      4.00     13.40
23      0.00      0.40      0.00      0.00      0.00      0.40      5.40     16.20      7.00     36.60      1.80      1.00
24      0.00      0.00      0.20      0.00      0.00      2.00      4.00      0.00     11.00      1.00      0.20      2.20
25      0.00      0.00      0.00      0.00      0.00      2.40      0.00      0.00      3.60     63.20      7.40      2.80
26      1.80      0.20      0.00      0.00      0.00      0.00      0.20      2.20      0.00      7.00      0.00      1.80
27      0.00      0.00      0.00      0.00      0.00      1.60     33.80      0.00      0.00     16.40      0.20      4.40
28      0.00      0.00      0.00      0.00      0.00      1.80     23.60     55.80      0.40     18.60      0.40     13.40
29      0.00    -99.00      0.00      0.00      0.00      0.40      0.20     10.00      1.00      2.80      4.60      7.00
30      0.20    -99.00      0.00      1.80      0.00      0.00      0.00      0.20      0.20      4.80    114.00      0.00
31      0.00    -99.00      0.00    -99.00      0.00    -99.00      0.00     17.20    -99.00      9.80    -99.00      4.00
2015
01      4.00     50.00      0.00      0.00      0.00      0.00      0.40      1.60      6.20      0.00     25.60      0.20
02     16.00     13.00      0.00      0.00      0.00      0.00      0.00      0.00      0.00     42.00     95.60      0.00
03     12.40      0.80      0.00      0.00      0.00      0.00      0.00      1.60      0.00      0.00    132.20      0.00
04      0.00      3.00      0.00      0.00      0.00      0.00      0.00      0.20      0.00     38.20     20.60      0.40
05      0.00      2.20      0.00      0.00      0.00      0.00      4.40      0.00      0.00      0.40    170.40      0.00
06      0.00      0.00      0.00      0.00      0.00      0.00      9.00      0.00      0.00      0.20     49.20     18.60
07      1.00      1.00      0.00      0.00      0.00      0.00     40.40      0.00      0.00      0.00      0.20     45.20
08     56.80      2.00      0.20      0.00      0.00      1.60      0.20      0.00      0.00      0.00      4.80     21.40
09     12.80     10.80      0.00      2.40      0.00      0.00      0.00      0.00      0.00      0.00      0.00      8.20
10     10.20      1.00      0.20      0.00      0.00      0.00      3.60      0.00      5.80      0.00      0.20      0.00
11      0.80      0.20      0.00      0.00      0.00      0.00     16.40     15.40      1.00      6.80     66.00      0.80
12      0.00      0.00      0.00      5.60      0.00      0.00     52.00      0.40     22.00     15.20      2.60      0.00
13      0.00      0.00      0.00      0.20      1.60      0.00      0.60      0.20     41.20      2.00      0.20      0.00
14      0.00      0.00      0.00      0.00      0.00      0.00      5.80      0.00    206.00     21.80      0.20      0.00
15      0.00      0.00      0.00      0.00      0.00      0.00      2.20      0.00      0.00     96.60      0.20     11.40
16      0.00      0.00      0.00      0.00      0.00      0.00      0.00      0.00      4.40      0.00      0.00      8.20
17      2.20      0.00      0.00      0.00      1.00      0.00      0.00      0.00     16.00      0.00      0.00      8.20
18     13.80      0.00      0.00      0.00      0.00      0.00      0.40      0.00      0.00      0.00      0.20      1.40
19      1.00      0.00      0.00      0.00     33.20      0.00      2.00      0.00      0.00      0.00      5.40     34.20
20      0.00      0.00      0.00      0.00      0.00     13.20      0.20      0.00      0.00      0.00     38.20     57.80
21      0.00      0.00      0.00      0.80      0.00     43.80      0.00      0.00      0.00      0.00      4.40     20.40
22      0.00      0.00      0.00      0.00      0.00      2.40      0.00     17.20      0.00      0.00      4.80      2.00
23      0.00      0.00      0.00      2.20      0.00      0.40      0.00      0.00      0.00      0.00      5.00      0.00
24      0.00      0.00     35.60      0.00      0.00      0.00      0.00      0.00      0.00      0.40     71.00      0.00
25      0.20      0.00     55.00      7.20      0.00      0.00      0.00      0.00      0.00      0.00     32.40      0.20
26      0.00      0.00      0.00      3.20      0.00      0.80      0.00     32.20      0.00      2.60     47.20      0.00
27      0.00      0.00     13.20      0.00      0.00      0.00      0.00      1.40      0.00      0.20     46.20      0.00
28      0.20      0.00      0.20      0.00      0.00      0.00      0.00      0.00      0.00      0.00     87.00      0.20
29      0.00    -99.00      0.00      0.00      0.00      0.00      0.00      0.00      0.00      0.00     29.60     15.20
30      0.00    -99.00      0.00      0.00      0.00      0.00      0.20      0.00      0.00      0.00     12.20      6.60
31     11.80    -99.00      0.00    -99.00      0.00    -99.00      0.00      0.00    -99.00     51.40    -99.00      8.60
2016
01     17.60      0.00      0.60      0.00      0.00      0.00      0.00      0.00      0.00      0.40     72.80     60.60
02      7.40      0.00      0.60      0.00      0.00      1.20      0.00      0.00     31.60      0.00      6.60    262.20
03      2.80      3.60      0.20      0.00      0.00      0.00      0.00      0.00      0.00     28.00      9.40     25.80
04      0.00      3.20      0.20      0.00      0.00      0.80     14.60     15.20      2.00      0.00      0.20     99.20
05      0.00      1.00      0.00      0.00      0.00      0.00      3.80      0.00      7.80      9.20      1.60    203.00
06      0.00      0.00      0.00      0.00      0.00      0.00      0.00      0.00     31.00     25.20      2.00     75.80
07      1.60      0.40      0.00      0.00      0.00      0.40      0.00      0.00      0.00      4.40     10.40    150.20
08     15.80      0.00      0.00      0.00      0.00      2.20      0.00     20.40      0.00     12.00     37.00      1.20
09     34.40      1.80      0.00      0.00      0.00      0.00      0.00      0.00      0.00      1.00      8.00      0.00
10      0.20      0.00      0.00      0.00      0.00      0.00     37.20      6.80      0.00      3.80     11.80      0.80
11      0.00      0.00      0.00      0.00      0.00      4.00      0.00      9.60     17.20     33.60     14.00     11.00
12     15.20      0.00      0.00      0.00      0.00      4.40     17.40      0.00    207.60      1.20     24.60     10.40
13     24.60      0.00      0.00      0.00     26.60      0.00      0.00      0.00     17.20      0.00      4.00    123.00
14      0.00      0.20      0.00      0.00      0.00      0.00      0.00      0.00      5.00     32.00      0.20    268.40
15      0.20      0.20      0.00      0.00      0.00      0.00      0.00      0.00      2.20    106.60      0.00    104.20
16      1.00      0.00      0.00      0.00      0.00      0.00      0.00      0.00      0.00     52.60      3.00    -99.00
17      0.00      0.00      0.00      0.00      0.00      1.40      0.00      0.00      0.00      0.00     19.40     48.00
18      0.00      0.00      0.00      0.00      0.00      0.00      0.00      4.60      0.20      0.00     10.20      4.80
19      0.00      0.00      0.00      0.00      0.00      0.00      0.00      0.60     32.40      7.20     19.80     16.80
20      0.00      0.00      0.00      0.00      0.00      0.00      0.00      0.00      5.00      0.00     26.00      1.40
21      0.00      0.00      0.00      0.00      7.60      0.00      0.00      0.00     27.60      0.00     20.20      0.40
22      0.00      0.00      0.00      0.00      0.00      0.00      0.00      0.00     48.40      0.00      1.20      4.40
23      7.60      0.00      0.00      0.00      0.00      0.00      0.00     11.00      0.60      0.80      0.00      3.80
24     41.20     16.40      0.00      0.00      0.00     11.00      0.00      6.40      0.00      0.00      0.20     11.60
25     14.20      3.20      0.40      0.00      4.20     31.00      0.00     28.80      0.00      4.60      0.00      0.20
26      0.60      0.60      2.00      0.00      0.00     36.60      0.00      0.00      4.60     12.00      0.20      0.20
27      0.00      0.00      7.40      0.00      0.00     18.40      1.20      0.00      0.00      6.00      1.00      4.00
28      2.40      0.00      0.00      0.00      0.00      2.20      0.00      0.00      0.00      1.80      5.80      2.00
29      0.00      1.20      0.00      0.00      0.60      0.00      0.00     10.40      0.00      2.40     45.20      4.20
30      0.00    -99.00      0.00      0.00      0.00      0.00      0.00     11.40      9.80     79.60    160.60     11.00
31      0.00    -99.00      0.00    -99.00      0.00    -99.00      0.00      0.00    -99.00      8.40    -99.00     21.80
2017
01      7.60     16.40      1.40      0.00      0.00      0.00      0.00      0.00      0.00      0.40     14.20     12.60
02      3.00     44.20      0.20      7.00      0.00      0.00      0.00      0.00      0.00      9.20      0.00     85.40
03      0.20     13.60      0.00      5.60      0.00      0.00      0.00      0.00      0.00     58.00    135.40     24.20
04     13.00      3.60      0.00      0.00      0.00      0.00      0.00      0.00      0.00      1.00    192.40     17.20
05      0.00      0.00      0.00      0.00      0.00      0.00      0.00      0.00      3.00      3.00    220.00     10.20
06      6.00      0.00      0.00      0.00      0.00      0.00      4.40      0.00      0.20      2.80    106.40      0.00
07      0.00      0.00      0.00      0.00      0.00      5.40      0.20      0.00      0.00      0.00      0.00      6.00
08      0.60      0.00      0.00      0.00      0.00      7.80      0.00      0.00      0.00     25.40     31.60      4.20
09      1.00      4.20      0.00      0.00      0.00      1.20      0.00      0.00      0.00     12.00     17.40      0.00
10      8.60     51.20      0.00      0.00      0.00     53.00      0.00      0.00      0.00      2.20      3.60      0.00
11      1.20     20.20      0.00      0.00     29.60      0.00      0.80      0.00      0.00      0.00     18.40      0.60
12      0.00      4.40      0.00      0.00      0.00      0.00      0.60      0.00      0.00      0.00      0.80      0.00
13      2.80      0.20      0.00      0.20      0.00      0.00     84.80      0.00      4.40     48.60      0.00      0.00
14      6.00     15.00      0.00      0.00      0.00      0.00      7.80      0.00     55.40      8.60      0.00      0.00
15     17.20      1.60      0.00      0.00      0.00      0.00      9.00      0.00      4.60      0.00     30.60      0.60
16      1.20      0.40     18.20      0.00      6.60      0.00      3.80      0.00      0.80      0.00      3.00      6.20
17      2.60      0.00      0.60      0.00      1.20      0.00      0.00      0.80      2.80      0.00      0.00     13.60
18      0.00      2.40      0.40      0.00      1.60     11.00     50.60     26.80      0.20     21.80      0.00      0.40
19      0.00      0.00      0.00      0.00      0.40      0.00     19.20      4.60      0.00     92.80     27.20      0.00
20      1.00      0.00      0.00      0.00      1.20      0.00      0.00      0.00      0.00      0.40     48.20      0.00
21      3.80      0.00      0.00      0.00      0.00      0.00      0.20      0.00      0.00      0.00     23.20      0.20
22      7.00      0.00      0.00      0.00      0.00      0.00      0.80      0.00      3.20      1.80     94.00      0.00
23     15.80      0.00      0.00      0.00      0.00      0.00      0.40      0.00      5.40     10.00     15.00      0.00
24     16.40     71.40      0.00      1.80      0.00      0.00     31.60      0.00      0.00     17.20     81.00      0.40
25     53.40      0.00      1.00      0.40      1.60      0.00      3.80      0.20     14.60     45.80     29.40     23.80
26      1.60      0.40     12.60      0.00      0.00      0.00      0.80      5.40      0.20     22.00     29.60     52.60
27      0.40      1.60     22.60      0.00      0.00      0.00     17.60     19.60      0.00      3.20     21.00     22.80
28      0.00      5.20      1.40      0.00      6.40      0.00     15.00      0.00      2.60      0.00     15.40      5.80
29      0.00    -99.00      0.00     11.60      0.80      0.00      0.20      0.20      6.80      3.60      1.40     13.00
30      0.00    -99.00      9.40      0.00      0.00      0.00      0.00      0.00      0.60     10.20      2.80      6.20
31      3.20    -99.00      1.20    -99.00      0.00    -99.00      0.00     41.00    -99.00    166.20    -99.00      8.00
2018
01      2.40      0.60      1.00      0.00      0.00      0.00     28.00      0.20      0.00      6.60      0.00      0.80
02      4.60      0.00      0.00      0.00      0.00     19.80      0.00      0.00      0.00     54.00      0.00      0.00
03      3.20      0.00      0.00      0.00      0.00    156.60      0.00      5.80      0.00     88.20      0.00      0.00
04     28.20      0.00      0.00      0.00      0.20     26.80      0.00      0.00      0.00     76.80      2.40      0.40
05      6.20      2.60      0.00      0.00      0.00     14.20      0.00     10.00      0.00      0.00      0.20      0.00
06      0.00      0.00      0.00      0.00      4.80      0.80      0.00      1.00      0.00      0.00      4.00      0.00
07      0.00      0.00      0.00      9.20      0.00     24.40      0.00      1.00      0.00      0.00     51.00      8.80
08      0.00      0.00      0.00      0.40      0.00     14.40      0.00      4.80      0.00      0.00     13.80      3.00
09      1.60      0.00      0.40      0.00      0.00     21.40      0.00      4.00      0.00      0.00      0.40    200.00
10      0.00      0.00      0.00      0.00      0.00      0.00     71.80      1.40     19.20      3.80      0.00     75.60
11      0.00      8.80      1.00      0.00      0.00      0.00     36.40      0.00      1.40     29.80      0.40     11.00
12      8.40      6.60      1.60      0.00      0.00      0.00      7.40      0.00     24.00     51.40      0.00     10.80
13      1.80      0.60      0.00      0.00      0.00      0.00     19.60      0.00     17.80      0.40      0.00     20.20
14     10.80      0.20      5.80      0.00      0.00      0.00      0.00      0.00      0.00      0.00      0.00     54.00
15      1.00      0.20     37.60      0.00      0.00      0.40      1.00      0.00      4.60      0.00      0.00     15.80
16      0.20      0.20      0.00      0.00      0.00      0.00      1.00      0.00     39.00      0.00      0.00      9.40
17      0.00      0.00      0.00      0.00      0.00     15.60     45.00      0.00      5.20      0.00      2.60      6.20
18      0.00      0.00      0.00      0.00      0.00      0.00      0.00      0.00      2.40      0.00      0.00      0.20
19      0.40      1.60      0.00      0.80      0.00      0.00      1.40      0.20     10.60      3.20      9.40      0.40
20      1.20      0.00      0.00      0.00      0.00      0.00      0.20      0.60      1.60      7.20      0.20      0.00
21      0.60      0.00      0.60      0.00      0.00      0.00      0.60      1.00      2.20      2.00      0.00      0.00
22      0.00      2.20      0.20      0.00      0.00      0.00      2.20      0.00      0.80      1.80      4.20      0.00
23      2.40      0.40      0.00      0.00      0.00      0.00      2.00      0.40      1.20      0.40      8.00      4.40
24      2.60      0.00      0.00      0.00      0.00      4.80      0.00      0.00      0.00      5.00     29.80     24.80
25      4.80      0.00      0.00      0.00      1.60      0.60      4.80      0.00      0.00      0.00     77.20      9.60
26      1.00      0.00      0.00      0.00      0.00      0.00      9.40      0.00      0.00      0.80     48.40      4.40
27     16.80      3.60      0.40      0.00      6.60      0.00     36.80      0.00      0.00     15.40      7.60     11.00
28      0.00      0.60      0.00      0.00      0.00      0.00      0.60      0.00      9.20      3.80     39.00     23.20
29      1.60    -99.00      0.00      0.00      0.00      0.00      0.00      0.00      0.00      2.80     67.20     62.20
30      0.00    -99.00      0.00      0.00      0.00      0.00      0.00      0.00      0.40      0.00      3.60     14.80
31      0.00    -99.00      0.00    -99.00      0.00    -99.00      0.00      0.00    -99.00      0.00    -99.00     17.60
