TraKhuc             
   108.79900       15.142000               9
2011
01      0.80      0.00      0.00      0.20      0.00      0.00      0.00     12.20      0.00      3.60     88.00     34.80
02      0.00      0.40      0.00      0.00      0.00      0.00      0.00      0.00      0.60     13.60      1.20     13.80
03      0.40      0.00      0.00      0.00      0.00     14.80      0.00      3.60      5.40     54.40      9.40      3.00
04      3.00      0.00      0.60      0.00      0.00      0.00      0.00      0.00     11.80      1.20     70.40      0.20
05      0.20      0.00      2.40      0.00      0.00      0.00      0.00     13.40     22.00      1.80      3.40     12.40
06      4.00      0.00      0.00      0.00      0.00      0.00      0.00     18.20      8.40      0.00     22.80      2.00
07     38.40      0.00      0.20      0.00      0.00      0.00      0.00      0.00     19.40      0.00     91.00     10.20
08     13.40      0.00      1.20      0.00      0.20      0.00      0.00      1.40     77.60      0.00      6.80      3.40
09      2.20      0.00      0.00      0.00      0.00      0.00      0.00      0.00     41.80     52.20      0.00     17.40
10      0.80      0.00      0.40      2.60      0.00      0.00      0.00      0.00     23.60      6.60      0.00      3.60
11      0.00      0.20      0.00      0.00      0.00      0.00      0.00      0.00      4.80      0.40      0.00      4.20
12      0.00      1.80      0.00      0.00      0.00      0.00     10.60      0.00      0.80     57.00      0.00      0.60
13      0.00      0.40      0.00      0.00     14.00      0.00      0.00      0.00     20.80      5.80      0.00      0.00
14      0.00     11.40      0.00      0.00      0.00      0.00      0.20      0.80      0.20      0.00      0.00      3.40
15     20.00      0.00      0.00      0.00      0.00      9.80      0.00      1.00     16.80      3.00     48.40     16.80
16      8.20      0.00      8.20      0.00      0.00      0.00      0.20     17.20      0.00     79.20      9.00     17.00
17      0.40      0.00      0.20      0.00      0.00      0.00      0.20      0.20      9.00    225.40      0.00      6.60
18      1.20      0.00      0.60      5.60     12.00      2.20      0.80      0.20      0.00     99.60      0.00      3.00
19      1.40      0.20      0.00      0.00      2.00      1.60      0.00      0.00      0.00     17.20      0.00      2.20
20      0.20      0.00      0.00      0.00      0.20     16.40      0.00      0.00      2.00      0.40      0.40     11.00
21      0.00      1.00      0.00      2.60      0.00      2.00      0.00      0.00      2.00      0.20      9.60     10.60
22      0.00      0.00      2.00      0.00      0.00      0.00      0.00      0.00     55.80      0.00      4.80     24.20
23      0.00      0.00     30.40      0.00      0.00      0.00      0.00      0.00    130.20      0.00     14.60      5.40
24      1.00      0.00      4.80      0.00      0.00      0.00      1.00      0.20    255.00      0.00      4.20      8.00
25      0.80      0.00     13.80      0.00      0.00      0.00      1.20      0.00     15.80      6.40     59.80      0.00
26      1.00      0.00      1.20      0.00      0.00      0.00      0.00      0.00      1.60     17.20     76.40      0.00
27      4.00      0.00      0.80      0.00      0.00      0.00      0.00      0.20      0.00     66.00      1.80      4.20
28      4.20      0.00      1.20      0.00      0.00      0.00      0.00      0.00      0.20      2.80      0.40      1.80
29      9.00    -99.00      2.00      8.20      0.00      0.00      0.00      0.00      0.00      0.40     16.00      0.60
30     18.00    -99.00      0.40      0.00      0.00      0.00      0.00      3.00      0.20      2.60      0.00     34.60
31     27.40    -99.00      0.00    -99.00      0.00    -99.00     18.40     15.40    -99.00      6.20    -99.00     20.60
2012
01     11.60      0.00      0.00      6.60      0.00      0.00     41.20      0.00      0.00      0.00     14.80      0.00
02      9.00      0.00      0.00      7.40      0.00      0.00     35.60      0.80     22.80      0.20     20.00      0.00
03      0.20      1.80      0.00      0.00      0.00      0.20      0.00      0.00     19.60      0.00      0.20      0.00
04      5.20      0.00      0.20      0.00      0.00      0.40     29.20      0.00     10.00      0.00      0.40      0.00
05      1.60      0.00      0.00      0.00      0.00      0.00      6.00      1.80      8.00      5.00      0.00      7.80
06      0.40      0.00      0.00      0.00      0.00      0.00      5.60      0.00      1.00    116.60     15.80     22.60
07      1.20      0.00      0.00      0.00      0.00     16.80     34.80      0.00      0.40     64.00     49.60      0.00
08      0.40      1.00      0.00      0.00      0.00      0.00     41.60      0.00      0.00     51.60      0.80      0.00
09      0.00      2.80      0.00      0.00      0.00      0.00     35.20      0.00      0.00      1.80      0.00      2.20
10      0.20      0.00      0.60      0.00      0.00      0.00      0.20      0.00      5.00      1.80      0.00      0.00
11     13.40      1.20      0.00      0.00      0.00      0.00      0.00      0.00     86.80      0.20      3.60      0.00
12     30.60      0.40      0.00      0.00      0.00      0.00      0.00      0.00      1.00      0.00      2.60     20.60
13      2.00      0.00      0.00      0.00      0.00      0.00      0.00      0.00      5.00      0.00      7.40      3.80
14      0.20      0.00      0.00      0.00      0.00      0.00      0.00      0.00     11.20      0.00      0.40     16.20
15     18.80      0.00      0.00      0.00      0.80      0.20      0.00      0.00     28.40      0.00      9.00      0.20
16     11.60     16.60      0.00      0.00      0.20      0.60      0.00      5.20      0.20      0.00      2.20      0.00
17     11.60     52.20      0.00      0.00     14.40      9.40      0.20      0.00      0.00      0.00     21.40      0.00
18      1.40      8.60      0.00      0.00      0.00      0.00      0.00      0.00      0.00      0.00      1.20      0.80
19      0.20     28.00      0.00      0.00      0.00      0.00      0.00      0.00     39.80      1.80      0.20      2.40
20      0.00      1.00      0.20      0.00      4.60      0.00      1.20      0.00      1.20      0.00      0.00      1.00
21      0.00      0.20      0.00      5.80      8.60      0.00      9.00      0.00      0.00      4.20      0.00      0.20
22      2.40      0.00      0.00      0.00      0.00      0.00      0.00      2.00      4.00      3.20      0.00      0.60
23      8.40      0.00      0.00      0.00      0.00      0.00      0.00     18.20      0.00     24.60      0.00      0.60
24      1.00      0.00      0.00      0.00      1.40      0.00      0.00     12.40      0.00      3.20      0.20      1.20
25      2.40      0.00      0.00      0.00      0.00      0.00      0.00      8.80     29.20      1.60      0.00      5.00
26      0.20      0.00      2.00      0.00      2.80      0.00      0.00      1.60      5.40    108.00      0.00     10.40
27      0.00      4.60      0.00      0.00      0.60      0.00      0.00      5.60     93.20     57.60      0.80     46.60
28      0.20      0.00      0.00      0.00      2.40      0.00      8.80      0.00      4.40      0.00      1.20      6.00
29      1.80      0.00      0.00      0.00     34.20      0.00      0.00      6.20     26.80      0.00      0.20      7.60
30      8.80    -99.00      0.40      0.00     21.80      0.00      0.00      0.00      4.00      6.40      0.00     12.20
31      8.00    -99.00      9.20    -99.00      0.00    -99.00      0.00      0.00    -99.00     64.60    -99.00      0.40
2013
01      0.00      0.00      0.00      0.20     11.00      0.00      0.00      0.00      0.00     55.00      0.00      0.40
02      0.00      0.00      0.00      0.60      0.40      0.20      0.00      1.00      0.00     92.80      0.00      0.00
03      0.00      0.40     25.80      0.00      0.20      1.40      0.00      0.00      0.00     76.60      0.00      0.00
04      8.60      0.80      5.80      0.00     11.00     15.00      0.00      0.00      0.00    142.60      4.80      4.80
05      4.60      0.00      0.00      0.00      1.20      0.00      0.00      0.00      0.00      0.00     56.40      0.00
06      7.00      0.00      2.40      0.00      0.40      0.00      0.00     12.60     18.80      0.00     16.20      0.20
07     28.00      0.00      0.00      0.20      0.20      0.00      0.00      0.00      7.20      0.00     31.40      0.00
08      6.60      0.00      0.00      0.00      0.00      0.00      0.00      0.00      0.00      0.00     23.40      0.00
09      6.00      1.80      0.40      0.60      0.00      0.00     19.60      0.00      5.20      0.00     41.60      0.00
10      0.80      7.60      0.00      0.20      0.60      0.80      0.00      0.00     13.40      0.00     42.40      0.00
11      0.40      0.40      0.00     49.20      6.80      1.20      0.00     16.20     15.80      0.00      0.20      0.00
12      0.00      0.00      0.00      1.00      0.20      0.60      0.00      8.60      3.20      0.00      0.00      7.00
13      0.00      3.00      0.00      2.40      0.00      0.20      0.00      0.80      9.60      0.80      0.20      0.00
14      0.00      3.00      0.00      0.00      0.00      0.00      0.00      0.60     47.00     79.00      7.80      0.00
15      0.00      0.60      1.80      0.00      0.00      0.00      0.00      0.00      8.80     43.20    204.80      0.60
16      3.20      2.20      0.00      0.00      0.00      0.00      0.00      0.00      5.80      0.80     46.40      0.00
17      0.00      0.60      0.00      1.20      0.00      0.00      0.00      0.00     88.00     24.20     22.40      1.00
18      1.00      0.00      0.00      0.00      0.00      0.00      0.00      0.00     49.40      6.80      0.60      0.00
19     22.80      0.00      0.00      0.00      0.00      0.00     33.80      6.00      0.00     27.80     25.80      0.00
20      0.00      1.80      0.00      0.00      0.00     12.20      0.20      0.20     22.80     47.40      0.40      0.00
21      0.00      0.00      0.00      0.00      0.00      0.00      0.00      0.20      7.80      0.20      0.20      0.00
22      0.00      4.80      0.00      0.00      0.00      3.60      8.00      0.20     13.80      2.40      2.00      0.00
23      0.00     33.40      0.00      0.00      6.00      0.80     19.00      0.00      1.60      3.00      0.40      1.40
24      0.00     50.40      0.00      0.00      0.00      0.40      0.00      0.00      0.00     10.20      0.00      1.00
25      3.80      0.40      0.00      0.00      0.00      0.00      0.00      0.00     45.00      5.20      5.80      0.00
26      0.00      0.00      0.00      2.20      0.00      0.00      0.00     17.40      4.00      3.20      1.20      0.00
27      0.60      0.00      0.20      1.20      0.00      0.00      0.00      2.80      0.00      0.00     10.00      1.80
28      3.40      0.00      0.00      0.00      0.00      0.00      0.00      3.20     18.00      0.00     16.40      0.00
29      0.60    -99.00      1.60      0.60      0.00      0.00      0.00      0.20      0.00     11.60      9.80      0.20
30      2.40    -99.00      0.00      0.20      0.00      0.00      1.00      0.00      0.40      0.80     13.80      0.00
31      0.00    -99.00     10.40    -99.00      0.00    -99.00      8.60      0.00    -99.00      0.20    -99.00      0.00
2014
01      0.00      0.00      0.00      0.00      0.00      0.20      0.00      2.20      1.40      0.00      6.20    129.80
02      0.00      0.00      0.00      0.00      0.00      0.00      0.00      0.00      0.00      0.00      0.00      9.40
03      0.00      0.20      0.20      0.00      0.00      0.00      0.00      1.40      0.00      0.00    -99.00      0.80
04      0.00      0.00      0.00     11.20      0.60      0.00      0.00      0.00      0.00      0.00    -99.00      8.80
05      0.00      0.00      0.00      1.00      0.60      0.00      0.00      0.00      0.00      7.00    -99.00     78.00
06      0.00      0.00      0.00      0.00      0.00      0.00      0.00      1.20      0.00      9.60    -99.00     47.00
07      0.00      0.00      0.00      1.60      0.00      0.00      0.00      0.00      0.20     66.60    -99.00     17.00
08      0.00      0.00      0.00      0.00      0.40      0.00      0.00      0.00      0.00      8.80    -99.00     20.60
09      0.00      0.00      0.00      0.00      0.00      5.40     15.40      0.00      0.00      0.40    -99.00     25.40
10      0.00      0.00      0.00      0.00      1.60      0.00     18.20      0.00      0.00      0.00    -99.00     16.20
11      3.40      0.20      0.00      0.00      0.00      0.00      2.00      0.00      1.00      0.00    -99.00      7.60
12      3.00      0.00      0.00      0.00      0.00      0.80      0.00      0.00     24.00    -99.00    -99.00     36.60
13     13.60      0.00      0.00      0.00      0.00      0.20      0.40      0.80      0.20    -99.00    -99.00     66.00
14     46.60      0.00      0.00      0.00      0.00      0.00      0.00    -99.00      0.00    -99.00    -99.00     14.60
15      0.00      0.00      0.80      0.00      0.00      0.00     12.20    -99.00      0.00    -99.00    -99.00      1.20
16      1.80      0.00      0.00      0.00      0.00      0.60      1.00    -99.00      0.00    -99.00    -99.00     11.80
17     19.40      0.00      0.00      0.00      0.00      0.00      0.00      0.00      0.00    -99.00    -99.00      8.40
18      8.00      0.00      0.00      0.00      0.00      0.00     22.80      0.00      0.00    -99.00    -99.00      1.00
19      2.60      0.00      0.00      0.60      0.00      0.00      0.40      0.00      0.00    -99.00    -99.00      0.00
20      8.80      0.00      0.00      0.00      0.00      1.40    -99.00      1.80      4.60    -99.00    -99.00      0.00
21      1.20      0.00     10.00      0.00      0.00      0.00      1.00      0.00      3.20    -99.00    -99.00     11.80
22      0.00      0.20      2.80      0.00      0.00     14.40      0.00      0.00     24.80    -99.00    -99.00     13.00
23      0.00      0.00      0.00      0.00      0.00      0.40      5.80      0.00     11.80    -99.00    -99.00      1.20
24      0.00      0.00      0.00      0.00      0.00      2.20      0.60      0.00     13.20    -99.00    -99.00      2.20
25      0.00      0.00      0.00      0.00      0.00      4.00      0.00      0.00      3.20    -99.00    -99.00      2.60
26      1.60      0.00      0.00      0.00      0.00      0.00      0.00      2.60      0.00    -99.00    -99.00      4.80
27      0.00      0.00      0.00      0.00      0.00      7.20     39.80      0.20      0.00    -99.00    -99.00      3.40
28      0.00      0.00      0.00      1.00      0.00      5.60     12.80     64.80      0.00    -99.00    -99.00     17.20
29      0.20    -99.00      0.00      0.00      0.20      0.00     16.60      0.60      3.40    -99.00    -99.00      6.60
30      0.00    -99.00      0.00      1.60      0.00      0.00      0.00      0.00      0.20    -99.00    -99.00      0.00
31      0.00    -99.00      0.00    -99.00      0.00    -99.00      0.00     31.60    -99.00    -99.00    -99.00      3.80
2015
01      4.00     64.00      0.00      0.00      0.00      0.00      0.00      2.20      4.60      0.00     28.80      5.00
02     11.60      5.00      0.00      0.00      0.00      0.00      0.00      0.00      0.00     13.80    111.60      0.00
03      9.00      0.60      0.00      0.00      0.00      0.00      0.00      0.80      0.00      0.40    117.60      0.00
04      0.00      2.40      0.00      0.00      0.00      0.00      0.00      0.00      0.00     24.40     10.40      0.00
05      0.00      1.00      0.00      0.00      0.00      0.00      0.20      0.00      0.00      0.20    176.60      0.20
06      0.60      0.80      0.00      0.00      0.00      0.00     12.00      0.00      0.00      0.00     47.40     18.60
07      2.20      1.60      0.00      0.00      0.00      0.00     21.40      0.00      0.00      0.00      0.20     51.60
08     45.60      2.60      0.00      0.00      0.00      0.20      0.20      0.00      0.00      0.00      0.40     22.80
09     18.20     10.40      0.00      3.80      0.00      0.00      0.00      0.00      0.00      0.00      0.00      7.40
10     11.40      2.40      0.00      0.00      0.00      0.00      0.00      0.00      3.20      0.00      0.20      0.00
11      0.40      0.00      0.00      0.00      0.00      0.00     22.20      9.20      1.00      8.80     71.80      1.00
12      0.00      0.00      0.00      7.00      0.00      0.00     24.00      0.20     31.00     11.20      2.20      0.20
13      0.00      0.00      0.00      0.00      0.00      0.00      0.00      0.00     53.60      1.60      0.00      0.00
14      0.00      0.00      0.00      0.00      0.00      0.00      1.60      2.40    199.80     20.80      0.00      0.00
15      0.00      0.00      0.00      0.00      0.00      0.00      5.60      0.00      0.00     93.00      0.00      9.60
16      0.00      0.00      0.00      0.00      0.00      0.00      0.00      0.00      9.60      0.00      0.00      6.80
17      3.00      0.00      0.00      0.00      0.60      0.00      0.00      0.00     11.20      0.20      0.00      7.60
18     14.60      0.00      0.00      0.00      0.00      0.00      0.00      0.00      0.00      0.00      0.00      1.80
19      1.20      0.00      0.00      0.00     22.80      0.20      2.80      0.00      0.00      0.00      6.80     34.20
20      0.00      0.00      0.00      0.00      0.00     13.80      0.00      0.00      0.00      0.00     36.40     56.40
21      0.00      0.00      0.00      1.00      0.00     44.20      0.00      0.00      0.00      0.00     11.40     21.00
22      0.00      0.00      0.00      0.00      0.00      2.40      0.00      5.00      0.00      0.00      3.40      0.80
23      0.00      0.00      0.00      0.00      0.00      0.00      0.00      0.00      0.00      0.00      4.80      0.00
24      0.00      0.00      0.00      0.00      0.00      0.20      0.00      0.00      0.00      0.00     78.60      0.00
25      0.00      0.00     22.60      1.00      0.00      0.00      0.00      0.00      0.00      0.00     27.20      0.00
26      0.00      0.00      0.00      1.60      0.00      0.00      0.00     19.60      0.00      3.40     45.20      0.20
27      0.00      0.00     11.80      0.00      0.00      0.00      0.00      1.00      0.00      0.20     31.00      0.00
28      0.00      0.00      1.60      0.00      0.00      0.00      0.00      0.00      0.00      0.00     48.80      1.20
29      0.00    -99.00      6.60      0.00      0.00      0.00      0.20      0.00      0.00      0.00     21.20     22.00
30      0.00    -99.00      0.00      0.00      0.00      0.00      0.20      0.20      0.00      0.00      5.00      4.20
31     11.20    -99.00      0.00    -99.00      0.00    -99.00      0.00      0.00    -99.00     32.00    -99.00      6.00
2016
01     16.60      0.20      0.00      0.00      0.00      0.00      0.00      0.00      0.00      0.40     73.00     92.60
02      8.20      0.00      1.20      0.00      0.00      0.00      0.00      0.00     36.40      0.00      5.40    190.60
03      2.80      3.80      0.40      0.00      0.00      0.00      0.00      0.00      0.00     12.20     10.80      3.40
04      0.00      3.60      0.00      0.00      0.00      0.40      8.00     14.20     13.60      0.00      0.00     38.80
05      0.00      0.80      0.00      0.00      0.00      0.00      4.00      0.00      9.20     15.00      3.60    197.20
06      0.00      0.40      0.00      0.00      0.00      0.00      0.00      0.00     19.80     26.20      8.40     79.60
07      1.00      0.40      0.00      0.00      0.00      0.60      0.00      0.00      0.00      3.60     17.20    206.60
08      4.00      0.20      0.00      0.00      0.00     21.60      0.00     15.60      0.00     16.00     24.80     10.00
09     23.40      2.80      0.00      0.00      0.00      0.20      0.00      4.80      0.00      8.00      5.00      0.20
10      1.60      0.00      0.20      0.00      0.00      0.00     11.40      1.40      0.00      5.60      7.80      0.00
11      0.00      0.00      0.00      0.00      0.00      3.40      0.00      1.80     28.40     30.00     16.40      5.60
12      2.80      0.00      0.00      0.00      0.00     10.60     20.80      0.00    210.40      2.00     18.60     14.40
13     20.80      0.00      0.00      0.00     44.60      0.00      0.00      0.00     10.60      0.00      2.20     43.40
14      0.20      0.20      0.00      0.00      0.00      0.00      0.00      0.00      0.60     34.60      0.00     86.40
15      0.00      0.20      0.00      0.00      0.00      0.00      0.00      0.00      2.40     38.80      0.00    263.40
16      1.80      0.00      0.00      0.00      0.00      0.00      0.00      0.00      0.00     63.00      2.80    123.60
17      0.00      0.00      0.00      0.00      0.00      1.00      0.00      0.00      0.00      0.80     28.00      9.60
18      0.00      0.00      0.00      0.00      0.20      0.00      0.00      4.40      2.20      0.00      7.00      3.60
19      0.00      0.00      0.00      0.00      0.00      0.00      0.00      1.00     23.60      3.20     20.20     15.80
20      0.00      0.00      0.00      0.00      0.00      0.00      0.00      0.00     12.20      0.00     27.80      0.40
21      0.00      0.00      0.00      0.00      6.20      0.00      0.00      0.00     20.00      0.00     17.20      0.80
22      0.00      0.00      0.00      0.00      0.00      0.00      0.00      1.20     39.20      0.00      1.20      4.20
23      7.00      0.00      0.00      0.00      0.00      0.00      0.00     24.40      1.00      0.60      0.00      5.00
24     53.00     14.80      0.00      0.00      0.00     19.60      0.00      5.60      4.80      0.00      0.00     13.40
25     17.80      4.40      1.00      0.00      3.20     56.80      0.00     13.60      0.00      2.80      0.00      0.00
26      0.80      0.40      1.60      0.00      0.00     50.00      0.00      0.60      4.80      6.80      0.20      0.20
27      0.00      0.00      5.40      0.00      0.00     10.40      8.80      0.00      0.00      5.40      2.00      4.40
28      2.80      0.00      0.00      0.00      0.00     12.00      0.00      0.00      0.00      0.80      6.20      2.40
29      0.00      0.80      0.00      0.00      0.20      0.20      0.00     17.40      0.00      3.60     44.60      5.80
30      0.00    -99.00      0.00      0.00      0.00      0.00      0.00      3.40      7.80     51.20    168.00      1.00
31      0.00    -99.00      0.00    -99.00      0.00    -99.00      0.00      0.00    -99.00      7.60    -99.00     34.20
2017
01      5.00     17.60      1.20      0.00      0.00      0.00    -99.00      0.00      0.00      1.20     12.00      0.00
02      3.60     37.80      0.40      6.80      0.00      0.00    -99.00      0.00      0.00      6.20      0.00      0.20
03      1.00     19.00      0.00      6.20      0.00      0.00    -99.00      0.00      0.00     33.60    150.00      0.00
04     10.20      5.20      0.00      0.20      0.00      0.00    -99.00      0.00      0.00      1.00    177.80      0.00
05      0.00      0.00      0.00      0.00      0.00      0.00    -99.00      0.00      0.40      2.80    279.80      0.00
06      5.40      0.00      0.00      0.00      0.00      0.00    -99.00      0.00      0.20      3.40     39.60      0.00
07      0.00      0.00      0.00      0.00      0.00      5.60    -99.00      0.00      0.00      0.20      0.20      0.00
08      1.40      0.00      0.00      0.00      0.00      1.00    -99.00      0.00      0.00     32.00     23.60      0.00
09      0.80      6.00      0.00      0.00      0.00      0.00    -99.00      0.00      0.00      9.20      0.00      0.00
10     20.00     46.20      0.00      0.00      0.00     40.60    -99.00      0.00      0.00      6.00      0.00      0.00
11      7.00     26.20      0.00      0.00     15.60      0.20    -99.00      0.00      0.00      0.00      0.00      0.00
12      0.00      5.60      0.00      0.00      0.00      2.80    -99.00      0.00      0.00      0.00      0.00      0.00
13      3.80      0.20      0.00      0.00      0.00      0.20    -99.00      0.00      0.80     39.60      0.00      0.00
14      6.60      6.60      0.00      0.00      0.00      0.00    -99.00      0.00     61.40     15.20      0.00      0.00
15     19.40      3.80      0.00      0.00      0.00      0.00    -99.00      0.00      4.00      0.00      0.00      0.00
16      2.40      1.00     14.00      0.00      7.20      0.00    -99.00      0.00      0.00      0.00      0.00      0.00
17      2.00      0.00      0.20      0.00      1.40      0.00    -99.00      0.00      0.40      0.00      0.00      0.00
18      0.20      1.00      1.00      0.00      1.60    -99.00    -99.00     48.60      0.00     23.60      0.00      0.00
19      0.00      0.40      0.00      0.00      0.60    -99.00    -99.00      4.60      0.00     85.00     17.60      0.00
20      0.80      0.00      0.00      0.00      4.40    -99.00    -99.00      0.00      0.00      0.40     41.80      0.00
21      2.80      0.00      0.00      0.00      0.20    -99.00    -99.00      0.00      0.00      0.20      1.20      0.00
22      1.20      0.00      0.00      0.00      0.00    -99.00    -99.00      0.00      3.60      2.60     99.60      0.00
23     16.00      0.00      0.00      0.00      0.00    -99.00    -99.00      0.00      6.00      4.00     13.60      0.00
24     17.60     75.60      0.00      5.80      0.00    -99.00    -99.00      0.00      0.00     20.60     90.20      0.00
25     46.60      0.00      1.00      0.00      2.00    -99.00    -99.00      0.00     19.40     52.80     27.20      0.00
26      2.00      0.40      9.20      0.00      0.00    -99.00      0.20      4.40      0.60     19.00     17.60      0.00
27      1.60      1.00     26.20      0.00      0.00    -99.00     22.00     19.80      0.00      6.20     11.60      0.00
28      0.00      4.00      1.20      0.00      4.40    -99.00     10.00      0.00      1.60      0.00     14.20      0.00
29      0.00    -99.00      0.00     12.80      1.40    -99.00      0.00      0.20      1.40     12.40      0.00      0.00
30      0.00    -99.00      4.40      0.00      0.00    -99.00      0.00      0.00      1.00      8.20      0.00      0.00
31      1.60    -99.00      1.00    -99.00      0.00    -99.00      0.00      1.20    -99.00    150.40    -99.00      0.00
2018
01      0.00      0.00      0.00      0.00      0.00      0.00      0.40      0.00      0.00     10.00      0.00      0.80
02      0.00      0.00      0.00      0.00      0.00     22.40      0.00      0.00      0.00     32.80      0.00      0.80
03      0.00      0.00      0.00      0.00      0.00    154.40      0.00     18.20      0.00    101.80      0.00      0.00
04      0.00      0.00      0.00      0.00      0.60     30.40      0.00      0.00      1.00     81.80      2.40      1.60
05      0.00      3.00      0.00      0.00      0.00      7.20      0.00      2.80      0.00      0.00      0.60      0.00
06      0.00      0.00      0.00      0.00      2.60      8.20      0.00      1.00      0.00      0.00      1.40      0.20
07      0.00      0.00      0.20      7.20      0.00     11.00    241.80      0.60      0.00      0.00     29.20      6.20
08      0.00      0.00      0.00      0.60      0.00     22.40      0.00      5.00      0.00      0.00     12.00      3.40
09      0.00      0.00      0.20      0.00      0.00     24.00      0.00      4.80     13.40      0.00      1.20    184.20
10      0.00      0.00      0.00      0.00      0.00      0.00      0.00      1.40     23.00      0.40      0.00     75.80
11      0.00      7.60      1.20      0.00      0.00      0.00      0.00      0.00      0.40     25.60      0.60      3.60
12      0.00      5.40      0.80      0.00      0.00      0.00      0.00      0.00      4.00     34.60      0.00      7.80
13      0.80      2.00      0.00      0.00      0.00      0.00      0.00      0.00     17.00      0.80      0.00     16.80
14     11.60      0.00      5.80      0.00      0.00      0.00      0.00      0.20      0.20      0.00      0.00     48.00
15      1.20      0.20     35.60      0.00      0.00      0.20      0.00      0.20      2.20      0.00      0.00     11.00
16      0.00      0.00      0.00      0.00      0.00      0.00      0.00      0.00     19.00      0.00      0.00      7.20
17      0.00      0.00      0.00      0.00      0.00      8.20      0.00      0.00      6.00      0.00      0.80      5.20
18      0.00      0.00      0.00      0.00      0.00      0.00      0.00      0.00      0.40      0.00      0.00      0.00
19      0.00      1.40      0.00      0.00      0.00      0.00      1.20      0.00     18.00      1.40     10.00      0.80
20      0.80      0.00      0.00      0.00      0.00      0.00      0.00      0.20      0.80     24.60      0.20      0.00
21      1.00      0.00      0.80      0.00      0.00      0.00      0.40      1.20      4.60      1.40      0.00      0.20
22      1.20      1.80      0.60      0.00      0.00      0.60      2.60      0.00      1.00      0.60      4.40      0.00
23      2.00      0.00      0.00      0.00      0.00      0.00      2.80      0.00      1.80      0.20      4.80      3.40
24      1.20      0.00      0.00      0.00      0.00     14.00      0.00      0.00      0.00      5.60     29.60     23.80
25      2.80      0.00      0.00      0.00      1.20      0.00      1.80      0.00      0.00      0.00     65.20     10.20
26      1.00      0.00      0.00      0.00      0.00      0.00      0.00      0.00      0.00      0.80     46.60      9.40
27     22.20      3.20      0.00      0.00     27.60      0.00     37.40      0.00      0.00     16.20      7.80      8.60
28      0.00      1.00      0.00      0.00      0.00      0.00      0.80      0.00     17.40      7.00     36.00     21.60
29      2.00    -99.00      0.00      0.00      0.00      0.00      0.00      0.00      0.20      0.80     44.20     47.00
30      0.00    -99.00      0.00      0.00      0.00      0.00      0.00      0.00      0.20      0.00      0.80     11.00
31      0.20    -99.00      0.00    -99.00      0.00    -99.00      0.00      0.00    -99.00      0.00    -99.00     14.60
