TuyenHoa            
   106.01500       17.885000              28
2011
01      0.00      0.20      0.00      0.00      0.00      0.00      0.00      1.80      0.00      0.20    164.00     24.60
02      0.00      0.40      0.00      0.00      0.00      0.40      0.00      0.00      0.20     19.00      0.00      9.60
03      0.60      0.20      3.40      0.00      0.00     14.80      0.00      1.40      2.40     35.60      3.40      1.00
04      0.40      0.00      0.20      0.00      0.00      0.00      0.00      0.00      0.60      0.20     36.40      0.00
05      0.40      0.00      0.00      0.00      0.00      0.00      0.00      0.00      6.80      6.80      7.00     15.00
06      2.20      0.20      0.00      0.00      0.00      0.00      0.00      0.00      3.60      0.80     30.20      3.60
07     19.40      0.00      0.00      0.00      0.00      0.00      0.00      0.00      5.60      0.60     78.60     20.00
08      6.60      0.00      1.80      0.00      1.60      0.00      0.00      0.00      0.40      0.00      2.40      9.80
09      1.20      0.00      0.00      0.00      0.00      0.00     10.40      0.00      1.80     55.60      0.00     12.40
10      0.00      0.00      0.20      0.20      0.00      0.00      0.00      0.00     29.00     19.80      0.00      4.20
11      0.00      0.00      0.00      0.00      0.00      0.00      0.00      0.00      4.60      0.20      0.00      4.40
12      0.00      5.20      0.00      0.00      1.40      0.00      0.00      0.00      3.00     36.60      0.00      0.40
13      0.00      3.00      0.00      0.00     17.60      0.00      0.00      0.00     18.20      0.00      0.80      0.00
14      0.00      3.20      0.00      0.00      0.00      0.00      0.20      0.00      0.00      2.40      0.00      0.00
15     13.80      0.00      0.00      0.00      0.00      1.40      0.00      0.40      2.40      0.40     26.80     23.60
16      5.00      0.00     13.00      0.00      0.00      0.20      0.00      9.00      0.00    106.40      6.40      6.40
17      1.00      0.00      0.20      0.00      0.00      0.00      0.00      0.20      4.00    201.40      0.00      4.40
18      1.20      0.00      0.20      4.80      7.60      0.00      0.00      0.00      3.60     49.00      0.00      1.40
19      0.20      0.20      0.00      0.20      0.00      1.40      0.00      0.20      0.20     23.00      0.00      4.40
20      1.20      0.00      0.00      0.00      0.00      2.40      0.00      0.00     33.20      0.80      1.60     16.20
21      0.00      0.40      0.00     12.00      0.00      4.00      0.00      0.00      0.00      0.20     19.80     11.80
22      0.20      0.00      3.20      0.00      0.00      0.00      0.00      0.00     75.80      0.00      5.00     12.00
23      0.20      0.00     24.60      0.00      0.00      0.00      0.00      0.00     89.80      0.00     10.60      6.00
24      0.40      0.00      9.40      0.00      0.00      0.00      1.20      0.00    243.00      0.20      8.40      6.40
25      0.40      0.00     12.60      0.00      0.00      0.00      0.20      0.00     13.60      4.00    148.40      0.20
26      2.40      0.00      0.40      0.00      0.00      0.00      0.00      0.60      1.60      3.20    132.40      0.00
27      3.80      0.00      0.60      0.00      0.00      0.00      0.00      1.60      0.00     26.80      3.00      3.20
28      3.80      0.00      3.00      0.00      0.00      0.00      0.00      0.20      0.00      0.00      1.40      1.20
29      9.80    -99.00      2.00      0.00      0.00      0.00      0.00      0.00      0.00      0.00     36.80      0.80
30     15.60    -99.00      0.40      0.00      0.00      0.00      0.00      3.00      0.00      0.20      0.20     27.00
31     25.20    -99.00      0.00    -99.00      0.00    -99.00      3.80     21.40    -99.00     12.20    -99.00     25.00
2012
01     17.00      0.00      0.00     15.40      0.00      0.00      1.20      0.00      0.20      0.20     15.00      0.00
02      7.60      0.00      0.00      6.20      0.00      0.00      0.20     24.20     11.80      1.40     11.00      0.00
03      0.20      1.00      0.00      0.00      0.00      0.00      0.00      0.00      9.20      0.00      0.60      0.00
04      9.40      0.40      0.00      0.00      0.00      0.00     12.40      1.20      0.00      0.00      0.00      0.00
05      2.00      0.00      0.00      0.00      0.00      0.00     12.40      0.00      6.60      2.60      0.00     15.20
06      0.40      0.00      0.00      0.00      0.00      0.00      0.20      0.00      1.40    100.00      3.40     46.20
07      4.20      0.00      0.00      0.00      0.00     57.60      2.60      0.00      0.40     64.60     17.60      0.20
08      0.00      1.60      0.00      0.00      0.00      0.20      0.00      0.00      0.40     17.00     12.00      0.00
09      0.00      0.00      0.00      0.00      0.00      0.00      0.00      0.00      0.20      5.20      0.00      0.00
10      1.80      0.00      2.60      0.00      0.00      0.00      0.00      0.00      5.60      2.60      0.00      0.00
11     20.80      0.00      0.00      0.00      0.00      0.00      0.00      0.00     21.40      0.20      0.00      0.00
12     27.20      0.00      0.40      0.00      0.00      0.00      0.00      0.00      1.60      0.20      0.20      1.80
13      2.60      0.00      0.00      0.00      0.00      0.00      0.00      0.00      5.80      4.80      2.00      2.40
14      0.40      0.00      0.00      0.00      0.00      0.00      0.00      0.00     13.40      0.00      1.20     35.60
15      4.60      0.00      0.00      0.00      0.00      0.00      0.00      0.00     21.40      0.00      6.80      0.80
16     22.40     30.80      0.00      0.00      0.00      0.00      0.00     10.80      0.00      0.00      1.60      0.00
17     12.80     47.60      0.00      0.00     24.80      9.00      0.00      0.00      0.00      0.00     21.80      0.00
18      4.20      9.40      0.00      0.00      0.20      0.00      0.00      0.00      0.00      2.80      1.40      7.60
19      0.00     27.40      0.00      0.00      0.00      0.00      0.00      0.00     31.40      0.20      0.40      1.20
20      0.00      0.80      0.00      0.00      0.00      0.00      0.00      0.00      0.00      0.00      0.00      0.00
21      0.00      0.00      0.20     10.20      0.00      0.00      8.00      0.00      0.00      0.60      0.00      1.20
22      0.00      0.00      0.00      0.00      0.00     18.60      0.00      0.00      5.20      1.00      0.00      0.00
23      5.00      0.00      0.00      0.00      0.00      0.20      0.00     26.60      0.40      8.20      0.00      0.00
24      2.00      0.00      0.00      0.00      0.00      0.00      0.00      7.60      0.00      3.40      3.40      1.60
25      5.20      0.00      0.00      0.00      0.00      6.40      0.00     16.20      8.00      2.60      0.40      8.00
26      0.20      0.00      3.60      0.00      0.40      0.20      0.00      0.00     10.60     84.20      0.00     27.00
27      0.00      0.00      0.20      0.00      0.00      0.00      0.00      0.00     47.40     41.40      0.40     19.60
28      0.00      0.00      0.00      0.00      0.40      0.00      6.80      0.00      7.40      0.00      0.20      0.60
29      2.00      0.00      0.00      0.00      0.00      0.00     47.00      4.00     27.20      0.00      0.00     14.20
30     11.00    -99.00      0.00      0.00     18.20    -99.00      0.20      0.00      6.00     13.00      0.00     13.00
31      7.20    -99.00     52.40    -99.00      0.20    -99.00      0.00      1.80    -99.00     89.80    -99.00      1.00
2013
01      0.00      0.00      0.00      0.00      9.80      0.00      0.00      0.00      0.00     34.20      0.00      0.00
02      0.00      0.00      0.00      0.00      0.60      0.00      0.00      0.40      0.00    128.40      0.00      0.00
03      1.00      0.00     19.00      0.00      0.20      0.00      0.00      0.00      0.00    149.40      0.00      0.00
04      0.80      0.00      0.80      0.00      0.40      0.00      0.00      0.00      0.00     75.60      6.80      8.00
05      3.00      0.00      0.00      0.00      7.60      0.00      0.00      0.00      0.00      0.00     41.60      0.20
06     19.20      0.00      3.20      0.00      0.20      0.00      0.00      7.60      0.80      0.00     48.60      0.00
07     26.00      0.00      1.20      0.40      0.00      0.00      0.00      0.00      8.80      0.00     25.00      0.00
08      6.40      0.00      0.00      0.00      0.00      0.00      0.00      0.00      0.00      0.00      8.40      0.00
09      4.80      0.40      0.00      1.00      0.00      0.00      0.00      0.00      6.40      0.00     48.40      0.00
10      0.20      0.60      0.00      0.80      0.00      0.60      0.00      0.00     12.60      0.00     35.80      0.00
11      0.60      0.00      0.00     18.80     18.60      7.20      0.00     11.80     20.60      1.20      0.20      0.20
12      0.00      0.00      0.00      1.60      0.40      0.00      1.00     10.20      0.40      0.00      0.00      2.40
13      0.00      1.60      0.00      0.80      0.20      0.00      0.20      6.80      7.20      0.60      0.00      0.00
14      0.00      5.20      0.00      0.00      0.00      0.00      0.00      0.00     19.20     67.60      4.80      0.00
15      0.00      0.60      0.00      0.00      0.00      0.00      0.00      0.00      9.80     32.80    268.40      1.40
16      4.00      0.00      0.00      0.00      0.00      0.00      0.00      0.00      2.80      0.00     22.80      0.00
17      0.00      0.00      0.00      2.00      0.00      0.00      0.00      0.00     90.40    109.00     18.20      1.00
18      1.80      0.00      0.00      0.00      0.00      2.80      0.00      0.00     31.60      8.20      0.20      0.00
19      1.60      0.00      0.00      0.00      0.00      0.40      0.00      0.00      0.00     24.40     16.60      0.00
20      0.00      0.60      0.00      0.00      0.00      0.60      0.00      0.20      1.40     18.20      4.60      0.00
21      0.00      0.00      0.00      0.00      0.00      0.20      0.00      0.60      6.60      0.40      1.80      0.00
22      0.00      0.40      0.00      0.00      0.00      1.80     10.80      0.00     13.40      3.40      4.00      0.00
23      0.00     43.20      0.00      0.00      0.00      0.00     31.20      0.00      2.00      3.80      1.20      0.00
24      0.00     57.80      0.00      0.00      0.00      0.00      9.40      0.00      0.00      4.60      0.00      2.00
25      4.60      0.20      0.00      0.00      0.00      0.00      0.00      0.00     82.20      3.60      4.80      0.00
26      0.00      0.00      0.00      2.60      0.00      0.00      0.00     38.60      6.40      0.80      2.80      0.00
27      7.20      0.00      0.00      0.80      0.00      0.00      0.00      1.80      0.40      0.20     14.40      1.00
28      3.20      0.00      0.00      0.00      0.00      0.00      0.00      1.20     12.20      0.00      8.60      0.00
29      0.20    -99.00      0.80      0.20      0.00      0.00      0.00      0.00      0.20      9.40      6.80      0.00
30      2.00    -99.00      0.00      0.00      0.00      0.00      0.20      0.00      0.60      0.60     10.80      0.00
31      2.00    -99.00      9.20    -99.00      0.00    -99.00     11.80      0.00    -99.00      0.00    -99.00      0.00
2014
01      0.00      0.00      0.20      0.00      0.00      0.00      0.00      1.80      0.60      0.00      3.20    129.20
02      0.20      0.20      0.00      0.00      0.00      0.00      0.00      0.00      0.00      0.00      0.00     13.80
03      0.00      0.20      0.20      0.00      0.00      0.00      0.00      0.60      0.00      0.00      3.00      3.00
04      0.00      0.20      0.00      6.00      0.00      0.00      0.00      3.80      0.00      0.00      6.20      3.20
05      0.00      0.00      0.00      0.40      0.00      0.00      0.00      0.00      0.00      1.20      2.20     92.80
06      0.00      0.00      0.00      0.20      1.80      0.00      0.60      0.00      0.00     10.80      3.80     56.40
07      0.20      0.00      0.00      9.80      0.00      0.00      0.00      0.00      0.20    159.80      3.00     12.40
08      0.00      0.20      0.00      0.00      1.20      0.00      0.00      0.00      0.00     13.80      1.40     46.40
09      0.40      0.00      0.00      0.60      0.00      3.60      0.20      0.00      0.00      0.00      5.80     18.20
10      0.00      0.00      0.00      0.00      0.00      0.00      0.80      0.00      0.00      0.00      2.20     12.60
11     14.60      0.20      0.00      0.00      0.00      0.00     29.00      0.00      0.80      0.20      5.20     28.80
12      4.80      0.40      0.20      0.00      0.00      0.00      0.00      0.00      0.00     94.80      8.20     44.20
13     11.00      0.00      0.00      0.00      0.00      0.60      0.20      0.00      0.00     32.20     81.40    106.60
14     46.00      0.00      0.20      0.00      0.00      0.00      0.00    -99.00      0.00      0.80     77.80     22.40
15      0.00      0.00      0.40      0.00      0.00      0.00      0.00    -99.00      0.00      3.00     38.20      0.80
16      1.20      0.00      0.00      0.00      0.00      0.00      0.00    -99.00      0.00     19.20      1.60     14.40
17     23.40      0.00      0.00      0.00      0.00      0.00      0.00      0.00      0.00      4.40      4.40      5.40
18     10.40      0.20      0.00      0.00      0.00      0.00      3.00      0.00      0.00     38.40      3.40      2.20
19      2.40      0.80      0.00      0.00      0.00      0.00      0.40      0.00      0.00    119.60     20.00      0.00
20      4.80      0.00      0.20      0.00      0.00      0.00    -99.00      0.00      0.00      6.00     14.20      0.00
21      1.40      0.20      2.60      0.00      0.00      0.00      1.00      0.00      2.80      0.20      0.60     28.00
22      0.00      0.00      6.80      0.00      0.00      6.80      0.00      0.00     12.00    141.00      4.60     20.80
23      0.00      0.00      0.40      0.00      0.00      0.20      0.00      0.00      2.00     38.40      0.60      0.60
24      0.00      0.20      1.40      0.00      0.00      0.00      0.00      0.00      5.40      0.20      3.40      1.20
25      0.00      0.00      0.00      0.00      0.00      0.00      0.40      0.00      5.60     32.20      2.60      1.20
26      0.20      0.40      0.00      0.00      0.00      0.00      0.00      3.00      0.00     56.40      0.00      3.20
27      0.00      0.00      0.00      0.00      0.00      6.20     93.40      0.20      0.00      5.00      0.00      3.60
28      0.00      0.00      0.00      3.00      0.00      0.20     40.00     28.20      0.00      7.60      0.40      1.20
29      0.00    -99.00      0.00      0.00      0.00      0.20      0.00      8.00      1.20      0.20      5.60      9.00
30      0.20    -99.00      0.00      1.00      0.00      0.60      0.80      0.40      0.00      0.60    101.60      0.00
31      0.00    -99.00      0.00    -99.00      0.00    -99.00      0.00     18.80    -99.00      8.00    -99.00      4.20
2015
01      3.60     40.80      0.00      0.00      0.00      0.00      0.00      0.00      9.20      0.00     10.40      2.20
02      6.00     15.80      0.00      0.00      0.00      0.00      0.00      0.00      0.00      8.60     45.60      0.00
03     14.80      1.00      0.00      0.00      0.00      0.00      0.00      0.00      0.00      2.60     89.60      0.00
04      0.00      5.00      0.00      0.00      0.00      0.00      0.00      0.00      4.80     23.00    141.80      0.40
05      0.00      0.80      0.20      0.00      0.00      0.00      1.40      0.00      0.00      4.60    181.20      0.00
06      0.00      0.40      0.00      0.00      0.00      0.00      2.60      0.00      0.00      0.20     71.20     26.20
07      0.20      0.60      0.00      0.00      0.00      0.00     16.60      0.00      0.00      0.00      0.20     54.80
08     34.40      7.40      0.20      0.00      0.00      3.20      0.20      0.00      0.00      0.00      3.60     32.80
09     22.20      1.60      0.00      1.20      0.00      0.00      1.40      0.00      0.00      0.00      3.40     12.80
10      5.60      0.20      0.20      0.00      0.00      0.00      4.00      0.00      2.40      0.00      0.20      0.00
11      0.60      0.20      0.00      0.00      0.00      0.00     47.40      1.20      0.40      0.20     59.60      0.40
12      0.00      0.00      0.20      4.60      0.00      0.00      4.00      0.00     14.20      6.20     11.60      0.20
13      0.00      0.00      0.00      0.20      0.00      0.00      0.00      0.00     42.20      7.20      0.00      0.00
14      0.00      0.00      0.00      0.00      0.00      0.00      0.00      4.40    187.60      0.20      0.20      0.00
15      0.00      0.00      0.00      0.00      0.00      0.00      0.00      0.00      0.00     83.40      0.20     23.00
16      0.00      0.00      0.00      0.00      0.00      0.00      0.00      0.00     10.80      0.00      0.00     14.40
17      3.60      0.00      0.00      0.00      0.00      0.00      0.20      0.00      6.40      0.00      0.00      2.00
18     16.20      0.00      0.00      0.00      0.00      0.00      0.20      0.00      0.00      0.00      0.20      3.00
19      0.00      0.00      0.00      0.00     13.60      0.20      2.20      0.00      0.00      0.00      6.80     47.20
20      0.00      0.00      0.00      0.00      0.00     27.20      0.00      0.00      0.00      0.00      1.60     76.40
21      0.00      0.00      0.00      1.00      0.00     46.00      0.00      0.00      0.00      0.00      4.00     25.60
22      0.00      0.00      0.00      0.00     13.80      2.00      0.00     13.60      0.00      0.00      2.00      1.20
23      0.00      0.00      0.00      0.00      0.00      0.40      0.00      0.20      0.00      0.00      7.00      0.00
24      0.00      0.00     16.80      0.00      0.00      0.20      0.00      0.00      0.00      0.00     33.60      0.00
25      0.00      0.00     23.60      4.00      0.00      0.00      0.00      0.00      0.00      0.00     52.20      0.00
26      0.20      0.00      0.00      0.20      0.00      0.00      0.00      2.00      0.00      7.20     14.80      0.00
27      0.00      0.00     16.60      0.00      0.00      0.00      0.00      0.20      0.00      0.00     37.00      0.00
28      0.20      0.00      0.00      0.00      0.00      0.00      0.00      0.00      0.00      0.00     72.80      0.00
29      0.00    -99.00      0.20      0.00      0.00      4.60      0.00      0.00      0.00      0.00      7.20     16.80
30      0.00    -99.00      0.00      0.00      0.00      0.00      0.00      0.00      0.00      0.40      2.60     16.00
31      0.80    -99.00      0.00    -99.00      0.00    -99.00      0.00      0.00    -99.00     38.00    -99.00      2.40
2016
01      7.00      0.00      0.00      0.00      0.00      0.00      0.00      0.00      0.00      0.60     69.20     88.80
02      3.60      0.00      0.40      0.00      0.00      0.00      0.00      0.00      0.20      0.00     10.20    254.00
03      2.60      3.00      0.00      0.00      0.00      0.00      0.00      0.00      0.00     64.80      6.80      3.80
04      0.00      4.20      0.00      0.00      0.00      0.60      6.80     55.60     12.60      0.00      0.60     16.60
05      0.00      2.80      0.20      0.20      0.00      0.00     52.00      0.20      1.20      8.80      3.00    134.60
06      0.00      1.40      0.00      0.00      0.00      0.00      0.00      0.00      0.40     15.80      1.20    118.20
07      0.00      0.40      0.00      0.00      0.00      1.40      0.00      0.00      0.00      1.20     13.00    125.00
08      5.80      0.20      0.00      0.00      0.00      2.00      1.20     23.60      0.00      6.60     16.60      1.20
09     30.00      0.80      0.00      0.00      0.00      0.00      0.60      0.20      0.00      0.60      1.40      0.00
10      0.60      0.00      0.40      0.00      0.00      0.00      0.00      0.00      0.00      0.00     13.80      0.00
11      0.00      0.00      0.20      0.00      0.00      0.00      0.00      1.20      2.60     58.40     32.80     13.80
12      2.40      0.00      0.00      0.00      0.00      7.20     16.00      0.00    374.40      3.60     15.40     22.40
13      4.00      0.00      0.00      0.00     15.20      0.00      0.00      0.00     59.00      0.00      4.00     61.20
14      0.20      0.20      0.00      0.00      0.00      0.00      0.00      0.00      1.20     31.00      0.20     87.00
15      0.00      0.40      0.00      0.00      0.00      0.00      0.00      0.00      0.20     21.60      0.00    277.00
16      0.00      0.20      0.00      0.00      0.00      0.00      0.00      0.00      0.00     50.60      2.80    124.80
17      0.00      0.00      0.00      0.00      0.00      0.60      0.00      0.00      0.00      0.00     13.00      7.00
18      0.00      0.00      0.00      0.00      0.00      0.00      0.00      6.80      1.00      0.00      7.80      7.20
19      0.00      0.00      0.00      0.00      0.00      0.00      0.00      0.20     13.20      0.20     25.20     20.20
20      0.00      0.00      0.00      0.00      0.00      0.00      0.00      0.00      8.00      0.00     25.20      0.00
21      0.00      0.00      0.00      0.00      8.60      0.00      0.00      0.00      0.40      0.00      0.80      0.00
22      0.00      0.00      0.00      0.00      0.20      0.00      0.00     18.80     59.20      0.00      0.00      0.00
23      6.60      0.00      0.00      0.00      0.00      0.00      0.00      6.40      4.00      0.00      0.00     16.00
24     67.00     16.00      0.00      0.00      0.00      0.00      0.00      5.00      0.00      0.00      0.00     14.80
25     18.00      6.20      0.40      0.00      7.40     16.00      0.00     27.20      0.80      5.20      0.00      0.00
26      0.60      1.60      0.40      0.00      0.00     40.20      0.00      0.60      5.80     11.00      0.40      0.00
27      0.00      0.00     11.20      0.00      0.00      8.20      7.80      0.00      0.00      8.20      2.00      6.80
28      2.40      0.00      0.00      0.00      0.00      0.60      0.20      0.00      0.00      2.60      6.60      1.20
29      0.00      0.20      0.00      0.00      0.00      1.20      0.00      0.60      2.20      0.80     59.00      5.60
30      0.00    -99.00      0.00      0.00      0.00      0.00      0.00      1.20     23.00     98.80    212.00      2.60
31      0.00    -99.00      0.00    -99.00      0.00    -99.00      0.00      0.00    -99.00     24.00    -99.00     26.20
2017
01     16.80     14.60      2.20      0.00      0.00      0.00      0.00      0.00      0.00      1.40      5.20     11.60
02      2.40     30.00      2.40      2.80      0.00      0.00      0.00      0.00      0.00     17.00      0.00     53.60
03      1.80     22.20      0.00      3.20      0.00      0.00      1.20      0.00      0.20     17.60     99.00     19.00
04      3.20      0.40      0.00      0.00      0.00      0.00      2.40      0.00      0.00      1.80    127.60      4.40
05      0.00      0.00      0.20      0.00      0.00      0.00      0.20      0.00      4.20      0.00    289.60      0.20
06      0.60      0.00      0.00      0.00      0.00      0.00      0.20      0.00      0.00      0.00     65.00      1.40
07      0.00      0.00      0.00      0.00      0.00      2.80      0.00      0.00      0.00      0.00      0.20      6.40
08      0.80      0.00      0.00      0.00      0.00      2.80      0.00      0.00      0.00      9.20     50.20      5.00
09      0.60      9.40      0.00      0.00      0.00      0.00      0.00      0.00      0.00     13.40     17.00      0.00
10      7.00     38.20      0.00      0.00      3.80     17.20      0.00      0.00      0.00      7.00      3.80      0.00
11      2.80      3.40      0.00      0.00     15.60      0.20      0.00      0.00      0.00      0.00     15.40      0.00
12      0.00      2.00      0.00      0.00      0.00     14.60     75.40      0.00      0.00      0.00      0.00      0.00
13      3.40      0.20      0.00      0.80      0.00      0.00     42.40      0.00      0.00     54.80      0.20      0.00
14     14.20      1.80      0.00      0.00      0.00      0.00      5.80      0.00     47.60      9.60      0.00      0.80
15     15.40      0.40      0.00      0.00      0.00      0.00     11.80      0.00      1.80      0.00     21.80     13.20
16      1.20      1.00     38.00      0.20      5.80      0.00      2.00      0.00      0.00      0.00      1.80      3.60
17      0.00      0.00      0.60      0.00      1.40      0.00      0.40      0.40      1.00      0.00      0.00     11.60
18      0.00      0.80      0.40      0.00     15.80      0.00     37.80     13.60      0.00     34.00      0.20      0.00
19      0.00      1.00      0.00      0.00      4.80      0.00      2.60      3.40      0.00     72.00     33.80      0.00
20      0.60      0.00      0.00      0.00      0.00      0.00      0.20      0.00      0.00      2.40     41.80      0.00
21      1.20      0.00      0.00      2.20      0.00      0.00      0.00      0.00      0.00      0.40     37.20      0.60
22      6.40      0.00      0.00      0.40      0.00      0.00      0.00      0.00      1.80      4.40     70.80      0.00
23     17.00      0.00      0.00      0.00      0.00      0.00      0.40      0.00      2.80      7.60     10.20      0.00
24     18.80     10.60      0.00      2.20      0.00      0.00     37.40      0.00      0.00     29.20     52.00      0.60
25     18.60      1.60      0.60      1.40      0.60      0.00      3.40      3.80      0.00     61.20     28.60     20.40
26      1.00      1.20     26.00      0.00      0.20      0.00      2.80      1.40      0.20     13.00     29.80     45.80
27      0.40      2.40     21.00      0.00      0.00      0.00     16.40     19.80      0.00      0.80     16.80     23.40
28      0.00      3.00      1.60      0.00      2.80      0.00      2.60      0.00      5.80      0.40     31.00      7.00
29      0.00    -99.00      0.00     14.80      1.00      0.00      0.00      0.00      0.00      0.00      0.00      4.40
30      0.00    -99.00      0.20      0.00      0.00      0.00      0.00      0.00      8.40      6.40      1.20      2.00
31      1.60    -99.00      5.20    -99.00      0.00    -99.00      0.00      1.80    -99.00    147.20    -99.00      5.00
2018
01      3.00      0.00      0.00      0.00      0.00      0.00     12.80      0.80      0.00      2.00      0.00      3.60
02      2.60      0.00      0.00      0.00      0.00     23.00      0.00      0.00      0.00     51.20      0.00      1.40
03      0.40      0.00      0.00      0.00      0.00    162.60      0.00      0.00      0.00     93.40      0.40      2.40
04     31.80      0.00      0.00      0.00      0.40     41.40      0.00      0.00      0.00     96.00      2.20      1.40
05      2.60      5.00      0.00      0.00      0.00      3.40      0.00      0.00      0.00      0.20      0.00      0.00
06      0.00      0.00      0.00      0.20      4.00      6.80      0.00      1.40      0.00      0.00      4.60      1.00
07      0.00      0.00      0.00      7.20      0.00      1.00      0.60      2.00      0.00      0.00     18.80     21.60
08      0.00      0.00      0.20      2.40      0.00      0.20      0.00      5.60      0.00      0.00     23.40      0.20
09      0.80      0.00      0.20      0.00      0.00     12.00      0.40      3.80      0.00      0.00      0.00    229.40
10      0.00      0.00      0.00      0.00      0.00      0.00     34.40      0.00      6.80      1.40      0.00     44.40
11      0.00      6.20      0.00      0.00      0.00      0.00     10.00      0.00      0.40     21.80      0.20     17.40
12     11.60      4.00      1.20      0.00      0.00      0.00      0.20      0.00     14.80     38.20      0.40     58.60
13      4.00      0.00      0.00      0.00      0.00      0.00      8.00      0.00     14.00      5.40      0.00     37.60
14      2.40      0.00     21.20      0.00      0.00      0.00      0.00      0.00      0.00      0.00      0.00     66.20
15      1.80      0.20     72.60      0.00      0.00      0.40      2.20      0.00     15.60      0.00      0.00     19.20
16      0.40      0.20      0.00      0.00      0.00      0.00      0.40      0.00     44.00      0.00      0.00      1.00
17      0.00      0.00      0.00      0.00      0.00      3.00     11.00      0.00     16.20      0.00      0.80      7.60
18      0.00      0.00      0.00      0.00      0.00      0.00      0.00      0.80      4.80      0.00      1.40      0.20
19      0.40      0.60      0.00      0.00      0.00      0.00      1.40      9.20      7.40      0.60      3.60      0.20
20      1.00      0.00      0.00      0.00      0.00      0.00      0.00     10.00     15.40     24.80      0.20      0.00
21      0.20      0.00      0.00      0.00      0.00      0.00      1.20      1.40      1.40      2.80      0.00      0.00
22      0.20      0.20      0.20      0.00      0.00      0.20      3.00      0.00      1.00      0.00      3.80      0.00
23      1.60      0.20      0.00      0.00      0.00     26.80      1.20      0.00      2.00      1.60     15.80      1.20
24      3.20      0.00      0.00      0.00      0.00      1.40      0.00      0.00      0.00     18.60     22.40     31.60
25      6.80      0.00      0.00      0.00      1.00      0.00      0.00      0.00      0.00      0.00     61.00      6.00
26      1.00      0.00      0.00      0.00      0.00      0.00      0.00      0.00      0.00      0.00     71.40      2.60
27      5.40      0.80      0.00      0.00      0.00      0.00      1.00      0.00      0.00     19.60     16.00      9.00
28      0.00      0.00      0.00      0.00      0.00      0.00      0.40      0.00      0.00     10.20    146.40     38.00
29      0.60    -99.00      0.00      0.00      0.00     12.40      0.00      0.00      0.40      0.40     42.40     38.00
30      0.00    -99.00      0.00      0.00      0.00      0.00      0.00      0.00      6.00      0.00      0.20      7.40
31      0.40    -99.00      0.00    -99.00      0.00    -99.00      0.00      0.00    -99.00      0.00    -99.00     19.60
