XuanBinh            
   108.50500       15.382000              70
2011
01      0.00      2.60      0.00      0.20      0.00     14.20      0.00      7.20      0.00    106.40     30.80      7.00
02      0.00      0.00      0.00      0.00      0.00      0.00      0.00      0.20      0.00      5.80      0.40     16.60
03      0.20      0.00     17.20      0.00      4.20      3.80      0.00      0.60      0.00     43.00      1.80      2.00
04     19.60      0.00     23.80      0.00      0.00      0.20      0.00      0.00      0.40     19.00     85.40      0.60
05      2.60      0.00      0.40      0.00      0.00     26.80      0.00      0.00      0.00      4.80    124.00      4.60
06      8.40      0.00      0.00      0.00      0.00     14.60      0.00      0.00     18.40      0.00     87.60     13.80
07      5.20      0.00      0.00      0.00      0.00      0.00      0.00      0.00      3.60      0.00    233.40      3.80
08      3.40      0.20      0.00      0.40      0.00      6.20      0.00      0.00     42.80      2.20    132.80     33.20
09      9.60      0.00      0.00      0.40      0.00      8.00      1.60      0.00     41.00    160.00     12.20     37.60
10      5.20      0.00      0.00      0.00      0.00      0.00      9.20      0.00     29.00     23.80      3.40     31.60
11      0.60      5.20      0.00      0.00      0.00      1.80     28.00      0.00     16.40     25.40      1.00      7.20
12      1.00      0.60      0.20      0.00     14.80     38.60      9.60      0.20     15.60     20.00      0.00      1.00
13      0.80      1.00      0.00      0.00     10.40     60.60      0.40      0.20      3.20      8.40      0.00      0.60
14      0.00      0.00      0.00      0.20      2.20      0.20      0.00      0.00      0.60     18.80      9.40      3.40
15     12.80      0.00      5.00     12.60     60.80      0.00      0.60     18.40      1.80    154.60     20.00     16.80
16      1.00      0.00      0.60     16.00      0.20      0.00      0.00     14.60      1.60    103.00     20.20     19.60
17      1.40      0.00      0.00      0.20      2.40     13.40      0.00     18.80      0.20    128.60      0.20     30.00
18      0.40      0.00      0.00     51.60      7.60      0.00      0.00      0.60      1.40     21.20      0.20     20.00
19      2.20      0.00      0.20      2.20      4.40      0.00      0.00     17.00      5.80     67.60      0.00      4.00
20      0.60      0.00      0.00      1.40      0.00      0.00      0.20     18.60      1.80      5.00     17.80      3.40
21      0.00      0.00      0.00      0.00      0.00      0.40      0.00      1.80     46.60      3.60     60.20      3.00
22      0.40      0.00      0.20      0.20      0.00      0.00      0.00      0.00     78.00      1.40     41.00     10.00
23      1.40      0.00      6.00     21.20     29.60      0.00      3.40      0.00    317.00      0.00     34.00      8.80
24      0.60      0.00      5.20      0.00      0.00      0.60      0.20     16.40    105.40      1.60      3.80     46.00
25      2.40      0.00      4.00      0.60      0.00      0.00      0.00      5.80     31.40     11.60     56.60      1.40
26      3.20      0.00      3.60      0.00      0.00      0.00      0.00      2.80    107.80     16.00     13.60      0.00
27      5.60      0.00      0.00      7.80      0.00      0.00      0.00      0.00     50.80     80.40     10.00      2.60
28      5.00      0.00      3.20      2.20      0.00      0.60      0.00      6.60     18.20    145.40      0.20      0.60
29      1.80    -99.00      7.40      0.00      0.00      7.40      0.00      3.40      0.00     13.20      0.40      0.00
30      5.60    -99.00      7.60      0.00      0.00      0.20      4.40      0.20      0.20     17.00      0.60      9.80
31      3.20    -99.00      1.00    -99.00      0.00    -99.00      4.60      0.00    -99.00     23.80    -99.00      6.60
2012
01      4.80      0.00      0.00      5.40      1.20      5.00      2.20      0.00      0.00      0.00      8.40      0.00
02      0.80      0.00      0.00      0.00      0.00      4.80      0.40      0.00     41.60      0.00      0.00      0.00
03      0.00      0.20      0.20      0.00     20.80     10.00     54.20      0.00     77.40      0.00      0.00      0.00
04      2.40      0.00      0.00      0.80     46.00      0.20     13.60      0.00    107.00      0.00      2.00      0.00
05      0.60      0.00      0.00     39.00      0.20      0.00     47.40      0.00     16.40      0.00      4.80     11.00
06      0.60      0.00      0.00      0.20      0.60      6.80      0.00      0.00      6.00     75.80      2.20      0.20
07      0.80      0.00      0.40      6.60     13.80     26.60      0.00      0.00     19.60     74.00      2.20      0.00
08      7.80      0.00      0.40      0.40      0.00      0.80      0.20      0.00      0.00      6.20      0.20      0.20
09      8.80      0.20      0.20      0.60     10.00      0.60     29.80      0.00      0.20      0.20      0.00      0.00
10      0.20      0.20      0.00      3.40     14.80      0.00     62.00      0.00      0.00     13.20      0.00      0.00
11      5.20      0.00      0.00      8.60      5.40      0.00      1.40      0.00      8.20      0.00    101.80      0.00
12     14.40      0.00      0.00      0.00     18.00      0.00      0.40      0.00      0.20      0.00     56.60      0.00
13      4.80      0.00      0.00      0.00      0.00      0.00      0.00      0.00     34.00      0.00      9.60      0.00
14      0.00      0.40      0.00      0.00     25.20      0.00      0.00      0.00     24.60      0.00      1.80      6.60
15      0.00      0.00      0.00     24.00     45.00      0.80      0.00      0.00     13.60      0.00     21.40      0.00
16      0.00      2.20      0.00     13.00     37.80      4.80      0.00      0.00      0.00      0.00      8.80      0.00
17      0.00      1.80      0.00      0.20      5.80      2.00     13.80      0.00      1.00      0.00     11.60      0.00
18      0.00      6.60      2.20      0.00     36.60      2.40     10.00      0.00      0.20      0.00      1.40      9.00
19      0.00      6.40      1.00     46.80      0.20      0.00      1.60      0.00      0.00      0.00      1.60     84.00
20      0.40      1.40      4.80      0.00      0.00      0.00      0.00      1.60      0.00      0.00      2.00      0.00
21     11.40      0.00      0.00     25.80      0.00      0.00      0.00      1.40      0.00      0.00      0.00      0.00
22     13.80      0.00      0.00      0.00     15.40      0.20      0.00      4.60      0.00      0.60      0.00      3.60
23      0.00      0.00      1.20      0.00      0.40      0.20      0.80      0.40      0.00      4.40      0.00     76.20
24      0.00      0.00      0.00      0.00      9.60      0.00      0.00     24.80      0.00      4.60      0.00      9.40
25      0.00      0.00      0.00      0.00      0.00      0.00      0.00     35.60      4.00      0.00      0.00      0.00
26      0.00      0.00      0.20      0.00      5.60      0.00      0.00      0.00     77.20      0.00      0.00      0.80
27      0.00      0.00      0.40      0.00      2.60      0.00      0.00      2.60     29.80    218.40      0.00      0.60
28      0.20      0.00      0.00      9.20      3.60      0.00      0.00      7.40      2.40      2.60      0.00      0.40
29      1.00      0.00      0.00      0.00      1.80      0.00      0.20      0.00      5.80      1.40      0.00      0.40
30      2.00    -99.00      0.00      0.60      0.40      5.20      0.00      0.00      0.40     41.40      0.00      2.40
31      1.80    -99.00      9.20    -99.00      2.60    -99.00      0.00      0.80    -99.00     27.60    -99.00      1.00
2013
01      0.00      0.20      0.00      0.00     24.00      0.00     22.60      0.60     16.20     10.00      0.00      5.00
02      0.00      0.00      0.00      0.00      9.20      1.40     38.60      0.60      1.00    104.00      0.00      0.00
03      0.00      0.00     25.40      0.00      0.60     59.40      0.00      2.40      0.00    100.80      0.00      0.40
04      0.80      0.20      0.00      0.00      1.00      2.20      0.00     30.40      0.00     37.60      6.20      5.40
05      0.00      0.00      3.20      0.00      2.80      0.60      0.00      0.40     74.80      0.00     57.00      0.20
06      4.40      0.00      0.00      0.00      0.00      6.00     11.40      1.00     43.80      0.00    116.80      3.40
07      3.20      0.00      0.00      0.00     10.60      0.00     11.40      4.20      7.40      0.00    368.20      0.20
08      0.00      0.40      0.00      0.00      0.00      0.00     32.60      9.00     11.20      0.00     37.60      0.00
09      2.80      3.40      0.00      0.00      2.20      0.00      0.20     93.00      6.20      0.00     21.20      0.00
10      1.80      3.40      0.00      0.20     10.00     14.20     31.20      0.00     51.60      0.00     74.00      0.00
11      2.60      0.00      0.00      0.40      9.60     10.20      5.20      0.00     54.00     14.20      0.00      0.00
12      0.80      0.00      0.00      4.00     23.60      0.40      0.00     11.60     12.60      0.00      0.20      0.00
13      2.20      0.20     12.80      2.20      0.00      0.00     24.00      1.20     79.80      5.60      4.00      3.60
14      1.20      0.00      0.20      0.20      0.00      0.00     13.60      0.00     18.40     51.40     45.40      3.40
15      0.00      0.00      0.00      0.00      2.60      0.00      1.40      0.00     51.00    223.20    209.00      7.00
16      0.00      0.40      0.00     27.00      0.00      0.00      0.60      0.00     12.20      4.40     38.20     11.00
17      0.00      0.00      0.00     21.60     37.20      6.80      0.20      0.00     66.60     14.40     20.20      6.40
18      0.80      0.00     10.80      0.60      0.20     30.00      6.40      0.00    348.40      3.00      9.20      4.60
19      0.00      0.00     34.00      0.00      0.00      0.20      2.00      0.00     15.40     15.00     22.00      0.80
20      0.00      0.00      3.80     10.80      0.00      0.00      0.60      1.80     28.00     29.80     15.20      0.00
21      1.40      1.80      3.80      3.40      0.00      0.00     17.80      0.00     25.20    103.60      6.20      6.00
22      0.40      4.00      4.20      0.00      0.00     16.00      0.00      2.00      0.00     10.00      0.60      3.20
23      0.00     10.20      1.20     37.60      5.60      0.00     25.00      0.00      0.00     18.80      2.80      0.20
24      0.00      6.00      2.00      0.60     35.00      0.00      0.40      0.00      0.00      7.60      0.00      0.00
25      0.00      0.20      1.60      2.20      0.40      2.60      0.00      1.00     45.60      9.60     22.20      0.00
26      0.00      0.00      0.00     24.40      0.00      0.00      0.20     20.80      1.60      4.20      1.60      0.00
27      1.60      0.00      0.00      0.20      0.00      0.00      0.60     17.20     16.40      0.00      0.00      0.40
28      0.00      0.00      0.00      3.80      1.60      0.00      8.00      0.00      5.40      0.00     49.60      1.40
29      0.00    -99.00      6.00      8.20      0.00      0.00      0.00      0.00      2.60      3.60      7.20      0.40
30      0.00    -99.00      0.20      5.40      0.00     22.00      0.00      0.00     50.80      3.00      6.80      0.60
31      0.20    -99.00      0.00    -99.00      0.20    -99.00      1.00      9.60    -99.00      0.00    -99.00      0.00
2014
01      0.00      0.00      0.00      0.80      3.20     46.60      0.00     27.20     23.60      0.00      0.60    142.80
02      0.00      0.20      0.00      0.00      9.80     13.80      0.00      0.40      2.20      0.00      0.00    203.80
03      0.20      0.00      0.00      0.00     12.20     19.00      0.00      0.00      3.60      0.00      6.80     47.00
04      0.00      0.00      0.00      0.00      6.60      1.40      3.40      0.20      3.20      0.00     10.80      0.40
05      0.00      0.00      0.20      0.00      1.40      0.20     11.20      0.00      0.00     39.80      0.00      2.20
06      0.00      0.00      0.20      0.00      0.80      0.00      0.00      0.00      0.00     29.20      0.40      3.60
07      0.00      0.00      0.00      7.60      2.20      0.00      0.00      0.00      5.80     48.60      0.00     16.20
08      0.20      0.00      0.00     11.00     20.40      0.00      0.00      0.00     37.60     44.00      0.00     11.00
09      3.20      0.00      0.20      0.00      1.20      2.80      0.00      0.00      0.20      0.20      3.40     19.60
10     54.80      0.00      0.20      0.00      0.00      0.80      0.00      0.00     29.40      0.00      0.00      1.80
11      1.00      0.00      0.00     11.80      0.00      0.00      0.00      0.00      0.20      0.00      0.00      2.20
12     10.80      0.00      0.00      0.00      2.20      8.20      7.00      0.00     25.60      3.60     13.80     20.40
13      9.20      0.40      0.00      0.00      0.00      0.20     10.80     36.80      0.00     40.20     49.60      8.40
14      1.00      0.00      1.00      0.00      0.00      0.00      0.00    -99.00    138.60      6.20     54.40      1.60
15      0.00      0.00      0.40      0.00      0.00      0.00     27.40    -99.00      0.20      3.60     21.40      0.20
16      0.60      0.00      0.20      0.00      3.80      0.00      0.00    -99.00      0.20      1.40     44.20     41.80
17      1.00      0.00      0.00      0.00     12.60      0.00      0.00      3.00      0.40     10.60      7.60      9.80
18      5.60      0.00      0.00      0.00     33.20      0.00      2.40     22.40      0.00     58.20      9.40      0.60
19      4.80      0.20      0.00      0.00      4.00      0.00      8.80     26.00      0.00      7.60      8.60      2.40
20      5.20      0.20      0.00      0.00     12.00      0.00    -99.00      2.80      2.20      3.20      4.00      1.00
21      0.00      0.00      5.80      0.00      0.00      0.00      0.40      0.00      0.20     21.40      0.80     10.20
22      0.80      0.00      1.80      0.00      0.00      0.00     85.80     13.80      0.00     59.00      0.00      9.20
23      0.00      0.00      0.00      0.00      0.00      2.80     35.00      1.00      2.80     30.20      1.20      1.20
24      0.00      0.00      0.00      0.00      0.00      0.00      1.40      0.00     32.80     31.00      1.40      1.80
25      0.20      0.00      0.00      0.00      0.00      0.00      0.00      0.00     15.80     40.80     32.80     10.20
26      0.00      0.00      0.00      0.00      0.00      0.00     11.20     45.60      0.20     54.20      1.00      5.20
27      0.20      0.00      0.00      0.00     10.00      0.00     22.20      0.20      0.00     52.00      0.00      4.80
28      0.00      0.00      1.40     62.60      0.20      7.80      7.00     85.80      0.00      0.60      0.00      7.20
29      0.00    -99.00      3.40      2.60      4.60     77.40      0.80      0.20      6.20      0.00      0.00      0.20
30      0.00    -99.00      0.00     34.60      5.20      0.20     61.60      6.20      0.00     17.80    106.00      0.00
31      0.00    -99.00      0.00    -99.00      1.80    -99.00      0.20     25.60    -99.00     24.80    -99.00      0.00
2015
01      0.20     21.20      0.00      3.80     48.80      0.00      0.00      3.80      0.00      0.00     69.40      0.00
02     10.60     48.60      0.00      0.00     25.40      0.00      0.00     13.40      0.00      0.00     32.60      0.00
03     16.20     11.40      0.00      0.00      0.00      0.40      0.00      0.60      0.00      0.00     19.00      0.00
04      0.00      3.00      0.00      0.00     22.60     20.20      0.00      0.00      0.00      0.00     52.00      0.00
05      0.00      2.20      0.00      0.00     28.20     33.00      0.00      0.00      0.00      0.00     41.40      0.00
06      0.00     10.40      0.00      0.00      0.00      3.40     32.00      0.00      0.00      0.00     26.80     19.80
07      8.20      0.00      0.00      0.00      7.60     47.00      0.40      0.00      0.00      0.00      0.80      3.40
08     33.00      0.40      0.00      0.00      0.00     18.40     18.60      0.00      0.00      0.00      0.40      4.00
09     48.40      3.60      0.00      0.00      1.20      1.00      1.00      0.00      0.00      0.00      0.00      2.40
10      9.00      0.00      0.00      0.80      2.60      0.00     13.80      0.00      0.00      0.00      0.20      0.00
11      1.60      0.00      0.00      0.00      1.60      8.40      0.20      0.00      0.00      0.00      0.00      0.20
12      1.00      4.00      0.80     23.60     30.00      0.20      0.00      0.00      0.00      0.00      0.00      0.00
13      0.60      0.00      0.20      1.20     27.20     24.60      0.60      0.00      0.00      0.00      0.00      0.00
14      0.00      0.00     47.80      0.20      4.60      0.00     13.60      0.00      0.00      0.00      2.40      0.00
15      0.00      0.00      0.00      0.00      0.20     10.00      0.00      0.00      0.00      0.00      0.00      0.00
16      0.00      0.00      0.00      0.00     10.00      0.00      0.00      0.00      0.00      0.00      0.00     68.40
17      4.80      0.00      0.00      0.00     21.00      0.00      0.00      0.00      0.00      0.00      0.00      9.40
18      5.60      1.60      0.00      0.00      0.80      0.00      0.40      0.00      0.00      0.80      0.00      1.80
19      3.40      0.00      0.00      0.00      0.00      0.00      3.00      0.00      0.00      0.00      0.00      6.20
20      0.20      6.40      0.00      0.00      0.00      0.00      0.60      0.00      0.00      0.00     21.80      2.80
21      0.00      0.80      0.00      0.20      0.00      3.80      0.40      0.00      0.00      0.00      2.40      2.60
22      0.00      0.80      0.00      2.60      0.00      2.40      0.00      0.00      0.00      0.00      3.40      1.60
23      0.00      0.00      1.60     77.00      0.00      5.40      0.00      0.00      0.00      0.00     27.80      0.00
24      0.00      8.80      9.60     57.60      0.00      0.20      0.00      0.00      0.00      0.00     13.00      0.00
25      0.00      0.20     81.60     19.60      5.80      0.00      0.00      0.00      0.00      0.00     28.40      3.20
26      0.00      5.20    134.80      6.40      0.00      0.00      0.60      0.00      0.00      0.00     59.40      0.00
27      0.00      0.00    165.80      0.20      0.00      0.00      1.20      0.00      0.00      0.00     66.40      0.00
28      0.20      0.00      0.60      1.60      0.00      0.00      9.60      0.00      0.00      0.00     22.20      2.40
29      0.00    -99.00      1.40      0.00      0.00      0.00      4.20      0.00      0.00      0.00     13.80      1.40
30      0.00    -99.00      0.00     43.60     12.20      0.00     19.80      0.00      0.00      0.00      2.80      2.40
31      1.40    -99.00      0.00    -99.00      6.00    -99.00     20.40      0.00    -99.00     11.80    -99.00      8.60
2016
01      5.00      0.00      0.00      0.00      0.00      0.40      0.00      0.00      0.00      0.40    235.40     26.00
02      1.20      0.00      0.80      0.20     28.00      6.60      0.00      0.00      0.00      1.20     89.40     30.40
03      1.80      0.20      0.00      0.00      6.60     15.40      0.00     24.40      0.00      6.80     10.40    180.20
04      0.00      1.60      0.00      1.60     27.40     20.20      0.00      3.20      0.00      3.00      3.20     22.40
05      0.00      1.60      0.00      2.60      4.00     13.00      3.80     44.80      0.20     10.00      0.00     10.80
06      0.00      1.60      0.00      0.00     21.60      0.00     19.20      1.00      2.40     22.20      2.00     27.40
07      0.00      2.20      0.00      0.00      0.00      2.60     23.60      0.00      0.00      2.60      3.00     26.00
08      0.00      0.00      0.00      0.00      0.20      0.00      0.00      0.00      0.00     14.80      2.80     15.20
09      0.00      0.00      0.00      0.00     20.20      0.00      0.00      0.00     28.20      0.00    119.40      1.20
10      0.00      0.00      0.00      0.00     33.20      0.00      0.00      0.00      0.00      0.20      0.20      0.00
11      9.20      0.20      0.00      0.00      0.00      0.00      0.00      0.00      1.60     13.20      7.00      8.80
12      0.20      0.00      0.00      0.00      0.00      0.00      0.00      0.00     76.00      2.60      0.60      6.80
13      0.40      0.00      0.00      0.00     43.00      0.00      0.00      0.00    135.00    129.80      0.00    222.80
14      0.00      0.00      0.00      0.00      0.00      0.00      0.00      0.00      1.60    165.40      0.00    188.00
15      0.00      1.80      0.00      0.00      0.00      0.00      0.40      0.40     69.60     23.00      0.00    149.00
16      6.20      0.40      0.00      0.00      3.60      4.00      5.60      0.00      0.00     35.40      0.00     74.00
17     17.80      1.00      0.00      0.00      0.00     23.00     19.40      0.00      7.20      3.40     24.20      8.60
18      0.00      0.40      0.00      0.00      1.00      7.00     33.60      4.80      0.60      0.00     17.00      3.40
19      0.00      0.00      0.00      0.00     25.80      0.00     36.60      0.20     11.60      0.00     51.40      1.40
20      0.00      0.80      0.00     17.60      0.00      0.00      0.20      0.00     34.40      0.00     10.60      1.80
21      0.00      0.20      0.00      0.00      0.00      0.00      2.40      1.60     89.40      0.00      7.60      0.80
22      0.00      0.00      0.00      2.80      1.60     13.00      0.00     20.80     46.00      0.00      3.20     18.40
23      2.00      0.00      0.00      9.40     23.40      8.80     17.20      8.00     15.40      0.80     67.60     30.80
24      5.60      0.00      0.00      2.80      1.00      1.20      0.00     26.00     45.40      8.00     22.20     10.80
25      2.40      0.60      0.00      0.00      0.00      0.40      0.00      5.60     14.20      8.60      1.80      0.20
26      3.40      1.40      0.00     20.20      0.00     11.80      0.00      1.20      0.20      0.00     25.60      0.00
27      0.80      2.20      0.20      0.20      0.00      4.20      0.00      0.00      0.00      5.00      4.40     66.00
28      0.00      1.80      0.00      0.00      0.00     14.40     18.80      0.00      0.00      0.00      0.80     11.40
29      0.00      1.00      0.00     51.20      0.00      6.40     14.00     44.60     32.60     12.00      7.60      7.20
30      0.40    -99.00      0.00      0.20      0.20      0.00      0.00      0.20      0.00     47.40     43.60      1.40
31      0.00    -99.00      0.00    -99.00      2.80    -99.00      0.00      0.00    -99.00     56.00    -99.00     25.80
2017
01     14.00     36.20      0.00      0.40      0.00      0.00      0.00      0.20      0.00      0.00     61.00     23.40
02     24.60     47.80      1.20      1.60      0.00      0.00      0.00      0.00      0.00     10.00      2.20     32.20
03      9.80     36.00      0.00      1.80      0.40      0.00      0.00      0.00     20.00      1.60     10.00     15.00
04      8.60      1.00      0.00      0.20      4.20      0.00      0.00      0.00      7.00      0.00    215.80     16.60
05     10.80      0.00      0.00      3.60      0.20      1.60      0.20      0.00      0.00      2.60    560.40     26.40
06      3.40      0.00      0.00      0.00      0.00      0.20      0.20      5.60      0.00      1.80     31.60      0.20
07      0.00      0.00      0.00      0.00     12.60     27.60      0.00      0.20     20.00      4.00    125.20      0.20
08      2.80      0.00      1.40      7.60     13.00     10.80      0.00      0.00      0.20     22.40     60.60      9.40
09      0.20     18.80      0.00      1.60     17.40      0.60      0.60      0.00      1.00     51.20     37.20      8.00
10      0.20      0.00      0.00      0.00     32.40      0.00     51.80      0.00      0.80      9.80     58.80      0.20
11      0.20      7.60      0.00      0.00      3.40      2.60     19.40      0.00      0.20     28.20      4.60      0.00
12      1.80     15.00      0.00      0.20      0.00      0.00      9.20     15.40      0.00      2.80      0.00      0.00
13      0.00      1.80      0.00      0.40      1.40      0.00      0.20      6.00      0.00      3.80      0.00      0.00
14      0.00      3.60      0.00      0.00      2.00      0.00      0.00     32.40     23.20      0.60     34.60      0.00
15      0.40     31.40      0.00      0.00     38.60      0.00      4.20      0.00     16.80      0.00     25.00      0.00
16      2.00      0.20      1.80      0.00     17.40      0.00      2.80      0.00      0.00      0.00      2.40     73.60
17      0.40      0.00      0.20      1.60      0.00      0.00      1.20      0.00     24.20      0.60      0.00     10.80
18      0.00      2.00      6.20      0.20      0.20      0.00      0.00     55.80      1.20      7.80      0.00      0.20
19      0.00      0.00      0.00      0.00     10.00      0.00      2.20      1.60      0.00     37.60    271.20      0.00
20     24.00      0.00      0.20      0.00      0.20      0.00     23.40      0.00      0.00      2.80    151.40      0.80
21     63.80      0.00      7.60      0.00     55.20      0.00      2.80      0.00      0.00      0.20     30.20      2.60
22     17.20      0.00      4.20     16.40     29.00      0.00     17.40      0.00      0.00      1.60     52.80      1.20
23      4.80      0.00      0.20      0.00      9.20     26.60      0.00      0.00      1.40     13.60     21.20      2.20
24      8.20      5.60      0.00     35.00      7.60      8.60     11.00      0.00      0.00     11.80      2.20     19.00
25     39.20      0.00      1.40      2.60     29.20      4.60     21.40      1.00      0.00      4.20      9.00      8.60
26     32.60      0.00      0.20     12.60     25.60      0.00      0.20     12.80      0.00      2.20     14.80     14.60
27      0.20      0.80      2.40     38.00      3.20      0.00      3.60      2.40      0.00      0.20      9.20      7.00
28      0.00      0.40      0.20      0.80      3.80     51.40      0.00      6.80      5.80      0.00     12.80      3.80
29      0.00    -99.00      4.60      0.60      1.20      3.20      0.00     26.80     53.00      8.00     24.60      7.20
30      0.00    -99.00      0.40      4.80    112.60     10.60      0.00      3.80      6.60     56.60     11.80      5.40
31      0.00    -99.00     22.20    -99.00      0.00    -99.00      0.00     33.20    -99.00     24.40    -99.00     16.40
2018
01     11.40      0.00      0.20      0.00      0.60      0.00      0.00      0.00      8.20     14.40      0.00      2.60
02      5.40      1.80      0.00      0.00      0.00      0.00      0.00      0.00      3.00     19.40      0.00      0.00
03     11.20      0.00     20.20      0.00      0.00     13.20      0.00      0.00      0.20     31.60      0.00      0.00
04      8.40      0.20      0.00      0.00      1.60     27.20      0.00      0.00      3.40      4.80      0.00      0.80
05      3.40      3.20      0.00      0.00      0.80      5.20      0.00     46.60      0.00      0.00     12.80      0.60
06      0.00      0.40      0.00     15.40      1.80      2.00      0.00      0.00      0.00      0.00      9.80      0.00
07      4.00      0.00      0.00     10.60      0.00      0.60      0.00      0.00     16.20      0.00    166.80      0.00
08     11.00      1.00      6.40      0.60      0.00      0.00      0.00      0.00     48.60      0.00      7.60     12.60
09     31.00      0.00      0.00      0.00      0.00      0.00      0.00      2.80      0.20      0.00     18.20     59.60
10      0.00      0.00      0.20      0.00      8.00      0.00      3.80      1.00     28.80     31.60      0.00    136.80
11      0.60      6.00      0.00      0.00     11.20      0.00      0.00      0.00    103.80     16.20      0.00     74.40
12     13.80      6.00      0.00      2.20      0.00      0.00      0.00      0.00     21.00    100.60      0.00     61.40
13     10.00      1.20      0.00      0.00      6.80      0.00      0.00      1.00     14.80     41.40      0.00      9.80
14      7.80      0.00      1.40      0.00      0.00      0.00      0.00     16.80      3.80      0.00      0.00     10.20
15      0.60      0.00      6.80      0.00      3.60      0.00      0.20      0.00      3.20      0.60      3.20     26.40
16      0.00      0.00      0.00      0.00      7.80      0.00     16.20      0.00      3.20      0.00      4.00     14.00
17      0.00      0.00      0.00      0.80      0.40      0.00    117.80      0.00     34.00      0.00      0.00      8.40
18      0.00      0.00      0.20      0.00      0.60      0.00      7.80      0.00     10.00      0.00      0.00      3.00
19      1.00      0.00      0.00      0.60      0.80      0.00      1.60      0.00     32.00      0.00      0.00      0.00
20      0.40      0.00     10.00      0.80      0.00      0.00      0.00      0.00      2.20      0.20      0.00      0.00
21      0.20      0.00      0.20      2.00      0.00      0.00      0.00      0.00      3.60      0.00      0.00      0.00
22      7.80      0.60      0.00      0.60      0.00      0.00     12.40      0.00      7.20      0.00     65.80      0.00
23      2.20     37.00      0.00      0.00      0.00      0.00      0.20      0.00      3.80      0.00     76.20      0.00
24      1.20      0.00      1.00      0.40      0.00      5.40      0.00      0.00      0.20      0.00     31.40     19.60
25      0.00      1.00      0.00      2.00      0.00     64.40      0.00      0.00      0.00      0.00     18.20      0.20
26      2.60      0.00      0.00     17.40     17.40      3.20      2.80      1.40      0.00      0.00      5.80      0.20
27      0.80      0.00      0.00      1.80      0.20     29.60      9.60      0.60      0.00      0.00      3.00      1.00
28      0.20      0.00      0.00     20.80      0.00      0.00      6.60      0.00      0.00      4.20      9.80     44.80
29     32.60    -99.00      0.00      4.00      0.00     24.40      3.60      0.40      1.80      3.40     28.00     66.40
30      0.00    -99.00      0.40     10.60      3.00      0.00      0.20      0.00      1.00      0.00      1.60     30.20
31      0.60    -99.00      0.00    -99.00      0.00    -99.00      2.00      0.00    -99.00      0.20    -99.00     10.00
