ALuoi		107.270	16.233	584	4 
AiNghia		108.110	15.881	16	4
AnChi		108.808	14.986	18	4
BaDon		106.432	17.758	6	4
BaTo		108.736	14.768	57	4
BachMa		107.861	16.194	1310	4
BinhDien	107.524	16.356	12	4
CamLe		108.206	16.011	6	4
CauLau		108.273	15.858	12	4
CauTruoi	107.771	16.314	11	4
ChauO		108.759	15.306	5	4
CoBi		107.434	16.485	11	4
ConCo		106.336	17.155	8	4	
CuLaoCham	108.504	15.958	26	4
CuaViet		107.163	16.888	2	4
DaNang		108.207	16.043	6	4
Dakrong		106.815	16.658	45	4
DauMau		106.920	16.790	25	4	
DongHaidro	107.079	16.823	5	4
DongHameteo	107.079	16.823	5	4
DongHoiidro	106.603	17.483	3	4
DongHoimeteo	106.603	17.483	7	4
DongTam		106.023	17.903	19	4
DungQuat	108.801	15.417	30	4
GiaVong		106.951	16.956	18	4
GiaVuc		108.562	14.706	161	4
GiaoThuy	108.134	15.842	16	4
HienLuong	107.055	17.006	6	4
HienVuong	107.641	15.928	495	4
HiepDuc 	108.104	15.580	32	4
HoaBac		108.050	16.130	10	4
HoaPhu		108.075	15.985	14	4
HoiAn		108.335	15.877	5	4
HoiKhach	107.910	15.820	404	4
Hue		107.578	16.422	6	4
KhamDuc		107.794	15.445	404	4
KheSanh		106.733	16.626	390	4
KienGiang	106.754	17.118	20	4
KimLong		107.565	16.455	3	4	
KyPhu		108.499	15.570	8	4
LeThuy		106.791	17.219	6	4
LySon		109.113	15.376	8	4
MaiHoa		106.191	17.815	11	4
MinhHoa		106.234	17.913	20	4
MinhLong	108.706	14.938	57	4
MyChanh		107.276	16.615	2	4
NamDong		107.720	16.164	6	4
NongSon		108.034	15.703	19	4
NuiThanh	108.660	15.433	7	4
PhongDien	107.331	16.673	4	4
PhongNha	106.316	17.615	9	4
PhuOc		107.476	16.528	3	4
QuangNgai	108.792	15.120	13	4
SonGiang	108.564	15.047	45	4
SonHa		108.471	15.044	79	4
SonTay		108.335	14.990	384	4
SongVe		108.859	15.035	21	4
TaLuong		107.337	16.301	76	4
TaRut		106.995	16.391	280	4
TamKy		108.462	15.567	26	4
TanLam		106.234	17.913	31	4
TanMy		106.482	17.708	2	4
ThachHan	107.184	16.752	10	4
ThangBinh	108.351	15.738	16	4
ThanhMy		107.831	15.767	31	4
ThuongNhat	107.684	16.129	70	4
TienPhuoc	108.308	15.488	47	4
TraBong		108.541	15.264	24	4
TraCau		108.943	14.843	23	4
TraKhuc		108.799	15.142	9	4
TraMy		108.222	15.337	116	4
TruongSon	106.454	17.217	36	4
TuyenHoa	106.015	17.885	28	4
XuanBinh	108.505	15.382	70	4	
